-109.31 42.7926 -9.31596 -109.119 42.603 -9.25684 0
-109.119 42.603 -9.25684 -108.927 42.4133 -9.19772 0
-108.927 42.4133 -9.19772 -108.736 42.2236 -9.1386 0
-108.736 42.2236 -9.1386 -108.544 42.0339 -9.07948 0
-108.544 42.0339 -9.07948 -108.352 41.8443 -9.02036 0
-108.352 41.8443 -9.02036 -108.161 41.6546 -8.96124 0
-108.161 41.6546 -8.96124 -107.969 41.4649 -8.90211 0
-107.969 41.4649 -8.90211 -107.778 41.2752 -8.84299 0
-107.778 41.2752 -8.84299 -107.586 41.0856 -8.78387 0
-107.586 41.0856 -8.78387 -96.8563 30.4637 -5.47308 0
-96.8563 30.4637 -5.47308 -96.8175 30.4272 -5.47003 0
-96.8175 30.4272 -5.47003 -94.3323 28.0926 -5.2745 0
-94.3323 28.0926 -5.2745 -94.2871 28.0502 -5.26806 0
-94.2871 28.0502 -5.26806 -91.3929 25.3366 -4.85603 0
-91.3929 25.3366 -4.85603 -91.3957 25.3373 -4.92142 0
-91.3957 25.3373 -4.92142 -91.5717 25.3826 -9.10657 0
-91.5717 25.3826 -9.10657 -91.5357 25.3507 -9.03574 0
-91.5357 25.3507 -9.03574 -91.4998 25.3189 -8.9649 0
-91.4998 25.3189 -8.9649 -89.2342 23.3139 -4.50229 0
-89.2342 23.3139 -4.50229 -89.194 23.276 -4.50068 0
-89.194 23.276 -4.50068 -86.6172 20.8525 -4.39744 0
-86.6172 20.8525 -4.39744 -86.4932 20.9072 -4.39356 0
-86.4932 20.9072 -4.39356 -86.3692 20.962 -4.38968 0
-86.3692 20.962 -4.38968 -86.2452 21.0168 -4.38581 0
-86.2452 21.0168 -4.38581 -86.1212 21.0715 -4.38193 0
-86.1212 21.0715 -4.38193 -78.5574 24.4122 -4.14548 0
-78.5574 24.4122 -4.14548 -78.9884 23.9319 -4.17188 0
-78.9884 23.9319 -4.17188 -79.4193 23.4515 -4.19828 0
-79.4193 23.4515 -4.19828 -79.8503 22.9712 -4.22468 0
-79.8503 22.9712 -4.22468 -80.2813 22.4908 -4.25109 0
-80.2813 22.4908 -4.25109 -80.7123 22.0105 -4.27749 0
-80.7123 22.0105 -4.27749 -81.1432 21.5301 -4.30389 0
-81.1432 21.5301 -4.30389 -81.5742 21.0498 -4.33029 0
-81.5742 21.0498 -4.33029 -82.0052 20.5694 -4.3567 0
-82.0052 20.5694 -4.3567 -82.4361 20.0891 -4.3831 0
-82.4361 20.0891 -4.3831 -82.8671 19.6087 -4.4095 0
-82.8671 19.6087 -4.4095 -83.2981 19.1284 -4.4359 0
-83.2981 19.1284 -4.4359 -83.729 18.648 -4.46231 0
-83.729 18.648 -4.46231 -84.16 18.1677 -4.48871 0
-84.16 18.1677 -4.48871 -84.591 17.6873 -4.51511 0
-84.591 17.6873 -4.51511 -85.022 17.207 -4.54151 0
-85.022 17.207 -4.54151 -85.4529 16.7266 -4.56792 0
-85.4529 16.7266 -4.56792 -85.8839 16.2463 -4.59432 0
-85.8839 16.2463 -4.59432 -86.3149 15.7659 -4.62072 0
-86.3149 15.7659 -4.62072 -86.7458 15.2856 -4.64712 0
-86.7458 15.2856 -4.64712 -87.1768 14.8052 -4.67353 0
-87.1768 14.8052 -4.67353 -87.6078 14.3249 -4.69993 0
-87.6078 14.3249 -4.69993 -88.0387 13.8446 -4.72633 0
-88.0387 13.8446 -4.72633 -88.4697 13.3642 -4.75274 0
-88.4697 13.3642 -4.75274 -106.57 -6.81041 -5.86164 0
-106.57 -6.81041 -5.86164 -106.567 -6.86551 -5.88028 0
-106.567 -6.86551 -5.88028 -106.349 -10.3921 -7.07285 0
-106.349 -10.3921 -7.07285 -104.93 -11.7337 -7.23866 0
-104.93 -11.7337 -7.23866 -105.153 -11.5352 -7.65187 0
-105.153 -11.5352 -7.65187 -105.228 -11.5174 -9.4669 0
-105.228 -11.5174 -9.4669 -105.203 -11.5472 -9.70422 0
-105.203 -11.5472 -9.70422 -103.539 -13.0901 -8.85257 0
-103.539 -13.0901 -8.85257 -102.239 -14.333 -9.52306 0
-102.239 -14.333 -9.52306 -102.214 -14.3573 -9.54531 0
-102.214 -14.3573 -9.54531 -100.605 -15.9138 -10.9692 0
-100.605 -15.9138 -10.9692 -100.062 -16.3798 -9.40078 0
-100.062 -16.3798 -9.40078 -99.4533 -17.0012 -11.0655 0
-99.4533 -17.0012 -11.0655 -99.6502 -16.9197 -11.3395 0
-99.6502 -16.9197 -11.3395 -99.2089 -17.3846 -13.0482 0
-99.2089 -17.3846 -13.0482 -98.2075 -18.3627 -14.2696 0
-78.5574 24.4122 -4.14548 -78.4786 24.4341 -4.14192 1
-78.4786 24.4341 -4.14192 -78.3998 24.4559 -4.13836 1
-78.3998 24.4559 -4.13836 -73.514 25.8108 -3.91772 1
-73.514 25.8108 -3.91772 -74.1409 25.1614 -3.81921 1
-74.1409 25.1614 -3.81921 -74.7677 24.512 -3.72071 1
-74.7677 24.512 -3.72071 -75.3945 23.8625 -3.6222 1
-75.3945 23.8625 -3.6222 -76.0213 23.2131 -3.5237 1
-76.0213 23.2131 -3.5237 -76.6481 22.5637 -3.42519 1
-76.6481 22.5637 -3.42519 -77.275 21.9143 -3.32669 1
-77.275 21.9143 -3.32669 -77.9018 21.2649 -3.22818 1
-77.9018 21.2649 -3.22818 -78.5286 20.6155 -3.12968 1
-78.5286 20.6155 -3.12968 -79.1554 19.9661 -3.03117 1
-79.1554 19.9661 -3.03117 -79.7823 19.3166 -2.93267 1
-79.7823 19.3166 -2.93267 -80.4091 18.6672 -2.83416 1
-80.4091 18.6672 -2.83416 -81.0359 18.0178 -2.73566 1
-81.0359 18.0178 -2.73566 -81.6627 17.3684 -2.63715 1
-81.6627 17.3684 -2.63715 -82.2895 16.719 -2.53865 1
-82.2895 16.719 -2.53865 -82.9164 16.0696 -2.44014 1
-82.9164 16.0696 -2.44014 -83.5432 15.4202 -2.34164 1
-83.5432 15.4202 -2.34164 -84.17 14.7707 -2.24314 1
-84.17 14.7707 -2.24314 -84.7968 14.1213 -2.14463 1
-84.7968 14.1213 -2.14463 -85.4237 13.4719 -2.04613 1
-85.4237 13.4719 -2.04613 -86.0505 12.8225 -1.94762 1
-86.0505 12.8225 -1.94762 -86.6773 12.1731 -1.84912 1
-86.6773 12.1731 -1.84912 -87.3041 11.5237 -1.75061 1
-87.3041 11.5237 -1.75061 -87.9309 10.8742 -1.65211 1
-87.9309 10.8742 -1.65211 -88.5578 10.2248 -1.5536 1
-88.5578 10.2248 -1.5536 -89.1846 9.57542 -1.4551 1
-89.1846 9.57542 -1.4551 -89.8114 8.926 -1.35659 1
-89.8114 8.926 -1.35659 -90.4382 8.27659 -1.25809 1
-90.4382 8.27659 -1.25809 -91.0651 7.62718 -1.15958 1
-91.0651 7.62718 -1.15958 -91.6919 6.97776 -1.06108 1
-91.6919 6.97776 -1.06108 -92.3187 6.32835 -0.962573 1
-92.3187 6.32835 -0.962573 -92.9455 5.67893 -0.864069 1
-92.9455 5.67893 -0.864069 -93.5723 5.02952 -0.765564 1
-93.5723 5.02952 -0.765564 -94.1992 4.3801 -0.667059 1
-94.1992 4.3801 -0.667059 -94.826 3.73069 -0.568554 1
-94.826 3.73069 -0.568554 -95.4528 3.08127 -0.47005 1
-95.4528 3.08127 -0.47005 -113.631 -15.7517 2.38659 1
-113.631 -15.7517 2.38659 -113.612 -15.7677 2.43392 1
-113.612 -15.7677 2.43392 -112.451 -16.7758 5.4157 1
-112.451 -16.7758 5.4157 -112.277 -16.8895 7.13116 1
-112.277 -16.8895 7.13116 -112.269 -16.8957 7.18549 1
-112.269 -16.8957 7.18549 -111.753 -17.2829 10.6083 1
-111.753 -17.2829 10.6083 -111.652 -17.3575 11.3445 1
-111.652 -17.3575 11.3445 -111.669 -17.4115 11.3738 1
-111.669 -17.4115 11.3738 -111.687 -17.4654 11.4032 1
-111.687 -17.4654 11.4032 -112.785 -20.8112 13.2231 1
-112.785 -20.8112 13.2231 -111.926 -21.591 14.2474 1
-111.926 -21.591 14.2474 -111.862 -21.6488 14.312 1
-111.862 -21.6488 14.312 -111.799 -21.7065 14.3767 1
-111.799 -21.7065 14.3767 -111.736 -21.7643 14.4414 1
-111.736 -21.7643 14.4414 -107.872 -25.2891 18.3871 1
-107.872 -25.2891 18.3871 -107.023 -26.1078 17.7318 1
-107.023 -26.1078 17.7318 -107.017 -26.112 17.7819 1
-107.017 -26.112 17.7819 -106.643 -26.3728 20.9416 1
-106.643 -26.3728 20.9416 -106.573 -26.435 21.0712 1
-106.573 -26.435 21.0712 -106.602 -26.4983 21.1346 1
-106.602 -26.4983 21.1346 -106.632 -26.5616 21.1979 1
-106.632 -26.5616 21.1979 -106.661 -26.6249 21.2613 1
-106.661 -26.6249 21.2613 -108.45 -30.4861 25.1262 1
-108.45 -30.4861 25.1262 -107.494 -31.4317 23.5378 1
-107.494 -31.4317 23.5378 -107.483 -31.4116 23.5835 1
-107.483 -31.4116 23.5835 -106.77 -30.1469 26.4667 1
-106.77 -30.1469 26.4667 -106.301 -30.5484 27.8834 1
-106.301 -30.5484 27.8834 -106.034 -30.8009 27.8278 1
-73.514 25.8108 -3.91772 -73.4973 25.7963 -3.91883 2
-73.4973 25.7963 -3.91883 -73.4805 25.7818 -3.91994 2
-73.4805 25.7818 -3.91994 -70.933 23.5813 -4.08923 2
-70.933 23.5813 -4.08923 -70.7753 23.7487 -4.09405 2
-70.7753 23.7487 -4.09405 -70.758 23.7371 -4.09551 2
-70.758 23.7371 -4.09551 -70.7407 23.7255 -4.09698 2
-70.7407 23.7255 -4.09698 -68.1115 21.9619 -4.31978 2
-68.1115 21.9619 -4.31978 -68.0904 21.9576 -4.31707 2
-68.0904 21.9576 -4.31707 -68.0693 21.9533 -4.31436 2
-68.0693 21.9533 -4.31436 -64.8591 21.3016 -3.90293 2
-64.8591 21.3016 -3.90293 -64.8438 21.2873 -3.90188 2
-64.8438 21.2873 -3.90188 -64.8285 21.273 -3.90084 2
-64.8285 21.273 -3.90084 -62.5084 19.0927 -3.7425 2
-62.5084 19.0927 -3.7425 -62.4641 19.0509 -3.74205 2
-62.4641 19.0509 -3.74205 -62.4198 19.0092 -3.74161 2
-62.4198 19.0092 -3.74161 -62.3754 18.9674 -3.74117 2
-62.3754 18.9674 -3.74117 -62.3311 18.9257 -3.74073 2
-62.3311 18.9257 -3.74073 -62.2867 18.8839 -3.74029 2
-62.2867 18.8839 -3.74029 -62.2424 18.8422 -3.73984 2
-62.2424 18.8422 -3.73984 -62.1981 18.8005 -3.7394 2
-62.1981 18.8005 -3.7394 -55.68 12.6643 -3.67441 2
-55.68 12.6643 -3.67441 -55.7302 12.6737 -3.67373 2
-55.7302 12.6737 -3.67373 -55.7804 12.6832 -3.67305 2
-55.7804 12.6832 -3.67305 -55.8306 12.6927 -3.67237 2
-55.8306 12.6927 -3.67237 -55.8808 12.7021 -3.67168 2
-55.8808 12.7021 -3.67168 -55.931 12.7116 -3.671 2
-55.931 12.7116 -3.671 -55.9812 12.7211 -3.67032 2
-55.9812 12.7211 -3.67032 -63.4107 14.1219 -3.5695 2
-63.4107 14.1219 -3.5695 -63.3999 14.1117 -3.56944 2
-63.3999 14.1117 -3.56944 -61.7433 12.552 -3.55943 2
-61.7433 12.552 -3.55943 -61.7394 12.5389 -3.55972 2
-61.7394 12.5389 -3.55972 -61.1491 10.5348 -3.60345 2
-61.1491 10.5348 -3.60345 -61.5449 10.7953 -3.68393 2
-61.5449 10.7953 -3.68393 -61.5301 10.7705 -3.68628 2
-61.5301 10.7705 -3.68628 -61.5153 10.7457 -3.68863 2
-61.5153 10.7457 -3.68863 -61.5005 10.7209 -3.69098 2
-61.5005 10.7209 -3.69098 -59.2687 6.97894 -4.04577 2
-59.2687 6.97894 -4.04577 -60.2103 7.47335 -2.87928 2
-60.2103 7.47335 -2.87928 -60.0912 7.58855 -2.89299 2
-60.0912 7.58855 -2.89299 -59.9721 7.70375 -2.90671 2
-59.9721 7.70375 -2.90671 -59.853 7.81895 -2.92042 2
-59.853 7.81895 -2.92042 -59.7338 7.93415 -2.93414 2
-59.7338 7.93415 -2.93414 -59.6147 8.04935 -2.94785 2
-59.6147 8.04935 -2.94785 -59.4956 8.16455 -2.96157 2
-59.4956 8.16455 -2.96157 -59.3765 8.27975 -2.97528 2
-59.3765 8.27975 -2.97528 -59.2574 8.39495 -2.989 2
-59.2574 8.39495 -2.989 -59.1383 8.51015 -3.00271 2
-59.1383 8.51015 -3.00271 -59.0192 8.62535 -3.01643 2
-59.0192 8.62535 -3.01643 -58.9 8.74055 -3.03014 2
-58.9 8.74055 -3.03014 -58.7809 8.85575 -3.04386 2
-58.7809 8.85575 -3.04386 -58.6618 8.97095 -3.05757 2
-58.6618 8.97095 -3.05757 -58.5427 9.08615 -3.07129 2
-58.5427 9.08615 -3.07129 -58.4236 9.20135 -3.085 2
-58.4236 9.20135 -3.085 -58.3045 9.31655 -3.09872 2
-58.3045 9.31655 -3.09872 -58.1854 9.43175 -3.11243 2
-58.1854 9.43175 -3.11243 -58.0662 9.54695 -3.12615 2
-58.0662 9.54695 -3.12615 -57.9471 9.66215 -3.13986 2
-57.9471 9.66215 -3.13986 -57.828 9.77735 -3.15358 2
-57.828 9.77735 -3.15358 -57.7089 9.89255 -3.16729 2
-57.7089 9.89255 -3.16729 -41.8666 25.2142 -4.99139 2
-41.8666 25.2142 -4.99139 -41.8678 25.2164 -4.97859 2
-41.8678 25.2164 -4.97859 -42.0561 25.5593 -3.01976 2
-42.0561 25.5593 -3.01976 -42.0376 25.5422 -3.011 2
-42.0376 25.5422 -3.011 -42.0191 25.525 -3.00225 2
-42.0191 25.525 -3.00225 -42.0006 25.5078 -2.9935 2
-42.0006 25.5078 -2.9935 -39.207 22.9151 -1.67184 2
-39.207 22.9151 -1.67184 -38.9879 22.7204 -1.26674 2
-38.9879 22.7204 -1.26674 -38.9784 22.7117 -1.25991 2
-38.9784 22.7117 -1.25991 -37.5212 21.3695 -0.215919 2
-37.5212 21.3695 -0.215919 -37.5065 21.3559 -0.208751 2
-37.5065 21.3559 -0.208751 -37.4919 21.3423 -0.201583 2
-37.4919 21.3423 -0.201583 -35.2622 19.274 0.887919 2
-35.2622 19.274 0.887919 -34.6721 18.7253 1.132 2
-34.6721 18.7253 1.132 -34.6595 18.7136 1.13713 2
-34.6595 18.7136 1.13713 -32.7354 16.9243 1.92222 2
-32.7354 16.9243 1.92222 -32.343 16.5675 2.36547 2
-32.343 16.5675 2.36547 -32.3317 16.557 2.3719 2
-32.3317 16.557 2.3719 -30.6041 14.9584 3.35486 2
-30.6041 14.9584 3.35486 -30.1643 14.5438 3.33743 2
-30.1643 14.5438 3.33743 -30.1506 14.5311 3.34276 2
-30.1506 14.5311 3.34276 -30.137 14.5184 3.34809 2
-30.137 14.5184 3.34809 -28.0587 12.5846 4.1577 2
-28.0587 12.5846 4.1577 -28.0512 12.5776 4.1625 2
-28.0512 12.5776 4.1625 -26.9042 11.5186 4.89715 2
-26.9042 11.5186 4.89715 -26.0448 10.7388 5.92138 2
-26.0448 10.7388 5.92138 -26.0376 10.7323 5.92926 2
-26.0376 10.7323 5.92926 -24.939 9.73243 7.13546 2
-24.939 9.73243 7.13546 -26.0406 10.7834 7.60678 2
-26.0406 10.7834 7.60678 -26.0285 10.7719 7.60556 2
-26.0285 10.7719 7.60556 -24.1754 9.02154 7.41769 2
-24.1754 9.02154 7.41769 -23.5653 8.47182 8.28 2
-23.5653 8.47182 8.28 -23.5574 8.46463 8.29107 2
-23.5574 8.46463 8.29107 -22.3379 7.36499 9.9848 2
-22.3379 7.36499 9.9848 -21.8981 6.95037 9.96737 2
-21.8981 6.95037 9.96737 -21.889 6.94182 9.9678 2
-21.889 6.94182 9.9678 -20.4971 5.63292 10.033 2
-20.4971 5.63292 10.033 -20.5008 5.63539 10.0214 2
-20.5008 5.63539 10.0214 -21.0718 6.01268 8.24294 2
-21.0718 6.01268 8.24294 -21.0508 5.99366 8.27098 2
-21.0508 5.99366 8.27098 -21.0297 5.97463 8.29902 2
-21.0297 5.97463 8.29902 -21.0086 5.95561 8.32706 2
-21.0086 5.95561 8.32706 -20.9876 5.93659 8.3551 2
-20.9876 5.93659 8.3551 -17.829 3.08326 12.5611 2
-17.829 3.08326 12.5611 -17.66 2.925 12.5911 2
-17.66 2.925 12.5911 -17.6489 2.91486 12.6046 2
-17.6489 2.91486 12.6046 -17.6377 2.90472 12.618 2
-17.6377 2.90472 12.618 -15.9383 1.36326 14.6617 2
-15.9383 1.36326 14.6617 -16.0128 1.42944 14.5239 2
-16.0128 1.42944 14.5239 -16.0106 1.42679 14.5026 2
-16.0106 1.42679 14.5026 -16.0085 1.42415 14.4812 2
-16.0085 1.42415 14.4812 -15.6803 1.02164 11.2353 2
-15.6803 1.02164 11.2353 -15.6755 1.01782 11.2605 2
-15.6755 1.01782 11.2605 -15.6707 1.014 11.2857 2
-15.6707 1.014 11.2857 -14.9371 0.433569 15.1175 2
-14.9371 0.433569 15.1175 -14.9174 0.442038 15.1178 2
-14.9174 0.442038 15.1178 -14.8977 0.450508 15.118 2
-14.8977 0.450508 15.118 -11.9005 1.73787 15.1511 2
-11.9005 1.73787 15.1511 -11.8935 1.73156 15.1604 2
-11.8935 1.73156 15.1604 -10.8234 0.765164 16.5944 2
-10.8234 0.765164 16.5944 -10.8277 0.769574 16.6082 2
-10.8277 0.769574 16.6082 -11.4797 1.44432 18.7197 2
-11.4797 1.44432 18.7197 -11.4571 1.44403 18.7182 2
-11.4571 1.44403 18.7182 -11.4346 1.44373 18.7167 2
-11.4346 1.44373 18.7167 -8.0096 1.39856 18.4872 2
-8.0096 1.39856 18.4872 -8.00002 1.38989 18.4994 2
-8.00002 1.38989 18.4994 -6.53428 0.063396 20.3679 2
-6.53428 0.063396 20.3679 -6.53016 0.0586007 20.358 2
-6.53016 0.0586007 20.358 -5.89886 -0.675085 18.8424 2
-5.89886 -0.675085 18.8424 -5.89445 -0.680186 18.8592 2
-5.89445 -0.680186 18.8592 -5.21943 -1.46058 21.4177 2
-5.21943 -1.46058 21.4177 -5.12638 -1.55091 21.324 2
-5.12638 -1.55091 21.324 -5.1214 -1.55594 21.3338 2
-5.1214 -1.55594 21.3338 -4.35933 -2.32599 22.8324 2
-4.35933 -2.32599 22.8324 -4.34824 -2.33747 22.8209 2
-4.34824 -2.33747 22.8209 -4.33715 -2.34896 22.8094 2
-4.33715 -2.34896 22.8094 -2.65209 -4.09467 21.0592 2
-2.65209 -4.09467 21.0592 -2.6668 -4.10122 21.0788 2
-2.6668 -4.10122 21.0788 -2.68151 -4.10777 21.0984 2
-2.68151 -4.10777 21.0984 -4.91765 -5.10279 24.0834 2
-4.91765 -5.10279 24.0834 -4.90722 -5.11524 24.0853 2
-4.90722 -5.11524 24.0853 -3.31127 -7.01954 24.3672 2
-3.31127 -7.01954 24.3672 -3.11722 -7.29318 24.5504 2
-3.11722 -7.29318 24.5504 -3.10615 -7.30553 24.5546 2
-3.10615 -7.30553 24.5546 -1.41273 -9.19538 25.2077 2
-1.41273 -9.19538 25.2077 -1.33823 -9.26156 25.3454 2
-1.33823 -9.26156 25.3454 -1.3443 -9.26437 25.3564 2
-1.3443 -9.26437 25.3564 -2.27183 -9.69384 27.0373 2
-2.27183 -9.69384 27.0373 -2.25812 -9.69387 27.0137 2
-2.25812 -9.69387 27.0137 -2.24442 -9.6939 26.9901 2
-2.24442 -9.6939 26.9901 -2.23071 -9.69392 26.9665 2
-2.23071 -9.69392 26.9665 -0.161163 -9.69784 23.4007 2
-0.161163 -9.69784 23.4007 -0.271935 -9.71402 23.0331 2
-0.271935 -9.71402 23.0331 -0.271477 -9.71506 23.0122 2
-0.271477 -9.71506 23.0122 -0.27102 -9.71609 22.9913 2
-0.27102 -9.71609 22.9913 -0.201464 -9.87325 19.8082 2
-0.201464 -9.87325 19.8082 -0.0353092 -10.0529 19.0025 2
-0.0353092 -10.0529 19.0025 -0.0337259 -10.055 18.9818 2
-0.0337259 -10.055 18.9818 -0.0321426 -10.0571 18.9611 2
-0.0321426 -10.0571 18.9611 0.208516 -10.3743 15.8157 2
0.208516 -10.3743 15.8157 0.598148 -10.7525 15.4232 2
0.598148 -10.7525 15.4232 0.624451 -10.7235 15.4121 2
0.624451 -10.7235 15.4121 0.650753 -10.6946 15.401 2
0.650753 -10.6946 15.401 0.677056 -10.6656 15.3898 2
0.677056 -10.6656 15.3898 0.703358 -10.6366 15.3787 2
0.703358 -10.6366 15.3787 4.64872 -6.29037 13.7104 2
-41.8666 25.2142 -4.99139 -41.8654 25.2079 -4.9909 3
-41.8654 25.2079 -4.9909 -41.5123 23.3324 -4.84063 3
-41.5123 23.3324 -4.84063 -41.506 23.3264 -4.84002 3
-41.506 23.3264 -4.84002 -39.5971 21.5341 -4.65468 3
-39.5971 21.5341 -4.65468 -38.6475 20.6426 -4.55989 3
-38.6475 20.6426 -4.55989 -38.6407 20.6364 -4.55484 3
-38.6407 20.6364 -4.55484 -38.634 20.6302 -4.54979 3
-38.634 20.6302 -4.54979 -36.6092 18.7671 -3.03353 3
-36.6092 18.7671 -3.03353 -36.1923 18.3805 -2.8276 3
-36.1923 18.3805 -2.8276 -36.1839 18.3726 -2.82492 3
-36.1839 18.3726 -2.82492 -36.1754 18.3647 -2.82223 3
-36.1754 18.3647 -2.82223 -33.6426 16.0027 -2.01665 3
-33.6426 16.0027 -2.01665 -32.372 14.7935 -2.45794 3
-32.372 14.7935 -2.45794 -32.3653 14.7871 -2.45842 3
-32.3653 14.7871 -2.45842 -30.3393 12.8751 -2.60302 3
-30.3393 12.8751 -2.60302 -30.3287 12.8652 -2.5991 3
-30.3287 12.8652 -2.5991 -30.3181 12.8553 -2.59518 3
-30.3181 12.8553 -2.59518 -30.3075 12.8454 -2.59125 3
-30.3075 12.8454 -2.59125 -27.1293 9.88635 -1.41836 3
-27.1293 9.88635 -1.41836 -26.2196 9.02168 -1.69638 3
-26.2196 9.02168 -1.69638 -26.2094 9.01197 -1.69769 3
-26.2094 9.01197 -1.69769 -26.1991 9.00226 -1.699 3
-26.1991 9.00226 -1.699 -23.1185 6.08993 -2.09169 3
-23.1185 6.08993 -2.09169 -23.1139 6.08567 -2.09068 3
-23.1139 6.08567 -2.09068 -21.7418 4.80227 -1.78872 3
-21.7418 4.80227 -1.78872 -21.7344 4.79527 -1.78786 3
-21.7344 4.79527 -1.78786 -19.4901 2.68925 -1.52871 3
-19.4901 2.68925 -1.52871 -18.1938 1.47341 -1.35763 3
-18.1938 1.47341 -1.35763 -18.184 1.46434 -1.35349 3
-18.184 1.46434 -1.35349 -18.1742 1.45527 -1.34936 3
-18.1742 1.45527 -1.34936 -15.2457 -1.26679 -0.109288 3
-15.2457 -1.26679 -0.109288 -14.6614 -1.80989 0.140653 3
-14.6614 -1.80989 0.140653 -14.6527 -1.81797 0.143768 3
-14.6527 -1.81797 0.143768 -14.644 -1.82605 0.146882 3
-14.644 -1.82605 0.146882 -12.0415 -4.24993 1.08123 3
-12.0415 -4.24993 1.08123 -12.2147 -4.13625 -0.634224 3
-12.2147 -4.13625 -0.634224 -12.2108 -4.13972 -0.627007 3
-12.2108 -4.13972 -0.627007 -11.036 -5.18351 1.54521 3
-11.036 -5.18351 1.54521 -10.6435 -5.54032 1.98846 3
-10.6435 -5.54032 1.98846 -10.6369 -5.54644 1.9943 3
-10.6369 -5.54644 1.9943 -10.6302 -5.55255 2.00014 3
-10.6302 -5.55255 2.00014 -8.6296 -7.38608 3.75213 3
-8.6296 -7.38608 3.75213 -8.06661 -7.92645 3.39781 3
-8.06661 -7.92645 3.39781 -8.04082 -7.9187 3.39792 3
-8.04082 -7.9187 3.39792 -8.01503 -7.91096 3.39803 3
-8.01503 -7.91096 3.39803 -7.98923 -7.90322 3.39815 3
-7.98923 -7.90322 3.39815 -7.96344 -7.89548 3.39826 3
-7.96344 -7.89548 3.39826 -7.93765 -7.88773 3.39837 3
-7.93765 -7.88773 3.39837 -7.91186 -7.87999 3.39848 3
-7.91186 -7.87999 3.39848 -0.277522 -5.58816 3.43142 3
-0.277522 -5.58816 3.43142 0.309834 -6.15831 2.83978 3
0.309834 -6.15831 2.83978 0.325896 -6.17321 2.83493 3
0.325896 -6.17321 2.83493 0.341958 -6.18811 2.83007 3
0.341958 -6.18811 2.83007 0.35802 -6.20301 2.82522 3
0.35802 -6.20301 2.82522 0.374082 -6.21792 2.82036 3
0.374082 -6.21792 2.82036 5.16059 -10.6586 1.37397 3
5.16059 -10.6586 1.37397 5.16625 -10.664 1.37245 3
5.16625 -10.664 1.37245 6.87092 -12.2824 0.915266 3
6.87092 -12.2824 0.915266 6.8908 -12.3011 0.916876 3
6.8908 -12.3011 0.916876 6.91068 -12.3198 0.918486 3
6.91068 -12.3198 0.918486 6.93055 -12.3384 0.920095 3
6.93055 -12.3384 0.920095 6.95043 -12.3571 0.921705 3
6.95043 -12.3571 0.921705 6.97031 -12.3758 0.923314 3
6.97031 -12.3758 0.923314 6.99019 -12.3945 0.924924 3
6.99019 -12.3945 0.924924 12.8743 -17.9219 1.40135 3
12.8743 -17.9219 1.40135 12.8724 -17.9319 1.40948 3
12.8724 -17.9319 1.40948 12.8705 -17.9419 1.41761 3
12.8705 -17.9419 1.41761 12.2924 -20.9441 3.85557 3
12.2924 -20.9441 3.85557 12.293 -20.945 3.84444 3
12.293 -20.945 3.84444 12.2937 -20.9459 3.83331 3
12.2937 -20.9459 3.83331 12.4864 -21.2236 0.493622 3
12.4864 -21.2236 0.493622 12.8772 -21.609 -0.112737 3
12.8772 -21.609 -0.112737 12.8795 -21.6225 -0.121144 3
12.8795 -21.6225 -0.121144 12.8818 -21.636 -0.129552 3
12.8818 -21.636 -0.129552 12.8842 -21.6495 -0.137959 3
12.8842 -21.6495 -0.137959 13.584 -25.6863 -2.65172 3
13.584 -25.6863 -2.65172 13.8747 -25.9686 -2.94461 3
13.8747 -25.9686 -2.94461 13.8862 -25.9879 -2.95187 3
13.8862 -25.9879 -2.95187 13.8977 -26.0072 -2.95913 3
13.8977 -26.0072 -2.95913 13.9093 -26.0266 -2.96638 3
13.9093 -26.0266 -2.96638 13.9208 -26.0459 -2.97364 3
13.9208 -26.0459 -2.97364 13.9323 -26.0652 -2.9809 3
13.9323 -26.0652 -2.9809 17.3506 -31.8054 -5.13603 3
17.3506 -31.8054 -5.13603 18.2864 -32.4851 -5.77127 3
18.2864 -32.4851 -5.77127 18.2974 -32.4854 -5.77529 3
18.2974 -32.4854 -5.77529 18.3085 -32.4856 -5.77932 3
18.3085 -32.4856 -5.77932 21.6359 -32.5557 -6.98725 3
21.6359 -32.5557 -6.98725 22.4381 -33.5311 -7.47016 3
22.4381 -33.5311 -7.47016 22.43 -33.5484 -7.47277 3
22.43 -33.5484 -7.47277 22.4219 -33.5657 -7.47539 3
22.4219 -33.5657 -7.47539 22.4139 -33.583 -7.478 3
22.4139 -33.583 -7.478 22.4058 -33.6004 -7.48062 3
22.4058 -33.6004 -7.48062 20.0034 -38.7626 -8.25992 3
20.0034 -38.7626 -8.25992 20.941 -39.6483 -8.35335 3
20.941 -39.6483 -8.35335 20.9414 -39.6484 -8.34606 3
20.9414 -39.6484 -8.34606 21.0538 -39.6911 -6.15154 3
21.0538 -39.6911 -6.15154 21.0588 -39.6959 -6.15724 3
21.0588 -39.6959 -6.15724 22.5495 -41.1491 -7.87089 3
22.5495 -41.1491 -7.87089 22.5638 -41.1464 -7.87458 3
22.5638 -41.1464 -7.87458 22.578 -41.1438 -7.87826 3
22.578 -41.1438 -7.87826 22.5923 -41.1411 -7.88195 3
22.5923 -41.1411 -7.88195 26.8533 -40.343 -8.98428 3
26.8533 -40.343 -8.98428 26.8488 -40.3389 -8.99157 3
26.8488 -40.3389 -8.99157 25.4838 -39.1166 -11.1843 3
25.4838 -39.1166 -11.1843 25.491 -39.1232 -11.1776 3
25.491 -39.1232 -11.1776 25.4982 -39.1298 -11.1709 3
25.4982 -39.1298 -11.1709 27.6584 -41.1061 -9.15686 3
27.6584 -41.1061 -9.15686 27.9419 -41.4058 -10.2936 3
27.9419 -41.4058 -10.2936 27.9463 -41.4098 -10.2889 3
27.9463 -41.4098 -10.2889 29.2505 -42.5971 -8.87071 3
29.2505 -42.5971 -8.87071 29.3668 -42.71 -8.98787 3
29.3668 -42.71 -8.98787 29.3733 -42.716 -8.98529 3
29.3733 -42.716 -8.98529 31.3151 -44.5223 -8.20937 3
31.3151 -44.5223 -8.20937 32.0456 -45.2192 -8.51968 3
32.0456 -45.2192 -8.51968 32.0491 -45.2253 -8.52107 3
32.0491 -45.2253 -8.52107 33.1073 -47.0555 -8.93953 3
33.1073 -47.0555 -8.93953 33.4759 -47.5186 -9.15158 3
33.4759 -47.5186 -9.15158 33.4801 -47.5232 -9.14985 3
33.4801 -47.5232 -9.14985 34.7326 -48.8931 -8.62798 3
34.7326 -48.8931 -8.62798 35.1262 -49.0661 -8.92401 3
35.1262 -49.0661 -8.92401 35.1331 -49.0657 -8.92547 3
35.1331 -49.0657 -8.92547 37.2057 -48.9487 -9.36277 3
37.2057 -48.9487 -9.36277 37.2122 -48.9548 -9.36165 3
37.2122 -48.9548 -9.36165 39.1838 -50.8018 -9.02736 3
39.1838 -50.8018 -9.02736 39.1848 -50.8026 -9.03403 3
39.1848 -50.8026 -9.03403 39.4906 -51.0526 -11.0418 3
39.4906 -51.0526 -11.0418 39.4927 -51.0544 -11.0352 3
39.4927 -51.0544 -11.0352 40.1201 -51.5879 -9.04747 3
40.1201 -51.5879 -9.04747 40.5128 -51.9655 -9.31792 3
40.5128 -51.9655 -9.31792 40.5279 -51.9624 -9.31273 3
40.5279 -51.9624 -9.31273 40.543 -51.9592 -9.30754 3
40.543 -51.9592 -9.30754 40.5582 -51.9561 -9.30235 3
40.5582 -51.9561 -9.30235 45.0791 -51.0134 -7.75072 3
45.0791 -51.0134 -7.75072 45.0793 -51.0181 -7.76411 3
45.0793 -51.0181 -7.76411 45.0795 -51.0228 -7.77749 3
45.0795 -51.0228 -7.77749 45.1332 -52.431 -11.7937 3
45.1332 -52.431 -11.7937 45.1591 -52.407 -11.7781 3
45.1591 -52.407 -11.7781 45.1849 -52.383 -11.7626 3
45.1849 -52.383 -11.7626 45.2108 -52.359 -11.7471 3
45.2108 -52.359 -11.7471 45.2366 -52.335 -11.7315 3
45.2366 -52.335 -11.7315 45.2625 -52.311 -11.716 3
45.2625 -52.311 -11.716 45.2884 -52.287 -11.7005 3
45.2884 -52.287 -11.7005 45.3142 -52.263 -11.6849 3
45.3142 -52.263 -11.6849 45.3401 -52.239 -11.6694 3
45.3401 -52.239 -11.6694 52.9412 -45.1814 -7.10221 3
52.9412 -45.1814 -7.10221 53.0432 -45.2768 -7.07977 3
53.0432 -45.2768 -7.07977 53.3035 -45.0126 -7.08786 3
53.3035 -45.0126 -7.08786 53.5637 -44.7484 -7.09595 3
53.5637 -44.7484 -7.09595 53.824 -44.4841 -7.10404 3
53.824 -44.4841 -7.10404 54.0843 -44.2199 -7.11213 3
54.0843 -44.2199 -7.11213 54.3446 -43.9557 -7.12022 3
54.3446 -43.9557 -7.12022 54.6049 -43.6915 -7.12831 3
54.6049 -43.6915 -7.12831 54.8652 -43.4272 -7.1364 3
54.8652 -43.4272 -7.1364 55.1255 -43.163 -7.14449 3
55.1255 -43.163 -7.14449 55.3858 -42.8988 -7.15259 3
55.3858 -42.8988 -7.15259 55.6461 -42.6346 -7.16068 3
55.6461 -42.6346 -7.16068 55.9064 -42.3703 -7.16877 3
55.9064 -42.3703 -7.16877 56.1667 -42.1061 -7.17686 3
56.1667 -42.1061 -7.17686 56.427 -41.8419 -7.18495 3
56.427 -41.8419 -7.18495 56.6873 -41.5777 -7.19304 3
56.6873 -41.5777 -7.19304 56.9476 -41.3134 -7.20113 3
56.9476 -41.3134 -7.20113 57.2078 -41.0492 -7.20922 3
57.2078 -41.0492 -7.20922 57.4681 -40.785 -7.21731 3
57.4681 -40.785 -7.21731 57.7284 -40.5208 -7.2254 3
57.7284 -40.5208 -7.2254 57.9887 -40.2566 -7.23349 3
57.9887 -40.2566 -7.23349 58.249 -39.9923 -7.24158 3
58.249 -39.9923 -7.24158 58.5093 -39.7281 -7.24968 3
58.5093 -39.7281 -7.24968 58.7696 -39.4639 -7.25777 3
58.7696 -39.4639 -7.25777 59.0299 -39.1997 -7.26586 3
59.0299 -39.1997 -7.26586 59.2902 -38.9354 -7.27395 3
59.2902 -38.9354 -7.27395 59.5505 -38.6712 -7.28204 3
59.5505 -38.6712 -7.28204 59.8108 -38.407 -7.29013 3
59.8108 -38.407 -7.29013 60.0711 -38.1428 -7.29822 3
60.0711 -38.1428 -7.29822 60.3314 -37.8785 -7.30631 3
60.3314 -37.8785 -7.30631 60.5917 -37.6143 -7.3144 3
60.5917 -37.6143 -7.3144 60.8519 -37.3501 -7.32249 3
60.8519 -37.3501 -7.32249 61.1122 -37.0859 -7.33058 3
61.1122 -37.0859 -7.33058 61.3725 -36.8216 -7.33868 3
61.3725 -36.8216 -7.33868 61.6328 -36.5574 -7.34677 3
61.6328 -36.5574 -7.34677 61.8931 -36.2932 -7.35486 3
61.8931 -36.2932 -7.35486 62.1534 -36.029 -7.36295 3
62.1534 -36.029 -7.36295 62.4137 -35.7647 -7.37104 3
62.4137 -35.7647 -7.37104 62.674 -35.5005 -7.37913 3
62.674 -35.5005 -7.37913 62.9343 -35.2363 -7.38722 3
62.9343 -35.2363 -7.38722 63.1946 -34.9721 -7.39531 3
63.1946 -34.9721 -7.39531 63.4549 -34.7078 -7.4034 3
63.4549 -34.7078 -7.4034 63.7152 -34.4436 -7.41149 3
63.7152 -34.4436 -7.41149 63.9755 -34.1794 -7.41958 3
63.9755 -34.1794 -7.41958 64.2358 -33.9152 -7.42768 3
64.2358 -33.9152 -7.42768 64.496 -33.6509 -7.43577 3
64.496 -33.6509 -7.43577 64.7563 -33.3867 -7.44386 3
64.7563 -33.3867 -7.44386 65.0166 -33.1225 -7.45195 3
65.0166 -33.1225 -7.45195 65.2769 -32.8583 -7.46004 3
65.2769 -32.8583 -7.46004 65.5372 -32.5941 -7.46813 3
65.5372 -32.5941 -7.46813 65.7975 -32.3298 -7.47622 3
65.7975 -32.3298 -7.47622 66.0578 -32.0656 -7.48431 3
66.0578 -32.0656 -7.48431 66.3181 -31.8014 -7.4924 3
66.3181 -31.8014 -7.4924 66.5784 -31.5372 -7.50049 3
66.5784 -31.5372 -7.50049 66.8387 -31.2729 -7.50858 3
66.8387 -31.2729 -7.50858 67.099 -31.0087 -7.51667 3
67.099 -31.0087 -7.51667 67.3593 -30.7445 -7.52477 3
67.3593 -30.7445 -7.52477 67.6196 -30.4803 -7.53286 3
67.6196 -30.4803 -7.53286 67.8799 -30.216 -7.54095 3
67.8799 -30.216 -7.54095 68.1401 -29.9518 -7.54904 3
68.1401 -29.9518 -7.54904 68.4004 -29.6876 -7.55713 3
68.4004 -29.6876 -7.55713 68.6607 -29.4234 -7.56522 3
68.6607 -29.4234 -7.56522 68.921 -29.1591 -7.57331 3
68.921 -29.1591 -7.57331 69.1813 -28.8949 -7.5814 3
69.1813 -28.8949 -7.5814 69.4416 -28.6307 -7.58949 3
69.4416 -28.6307 -7.58949 69.7019 -28.3665 -7.59758 3
69.7019 -28.3665 -7.59758 69.9622 -28.1022 -7.60567 3
69.9622 -28.1022 -7.60567 70.2225 -27.838 -7.61377 3
70.2225 -27.838 -7.61377 70.4828 -27.5738 -7.62186 3
70.4828 -27.5738 -7.62186 70.7431 -27.3096 -7.62995 3
70.7431 -27.3096 -7.62995 71.0034 -27.0453 -7.63804 3
71.0034 -27.0453 -7.63804 71.2637 -26.7811 -7.64613 3
71.2637 -26.7811 -7.64613 71.524 -26.5169 -7.65422 3
71.524 -26.5169 -7.65422 71.7842 -26.2527 -7.66231 3
71.7842 -26.2527 -7.66231 72.0445 -25.9884 -7.6704 3
72.0445 -25.9884 -7.6704 72.3048 -25.7242 -7.67849 3
72.3048 -25.7242 -7.67849 72.5651 -25.46 -7.68658 3
72.5651 -25.46 -7.68658 72.8254 -25.1958 -7.69467 3
72.8254 -25.1958 -7.69467 73.0857 -24.9316 -7.70276 3
73.0857 -24.9316 -7.70276 73.346 -24.6673 -7.71086 3
73.346 -24.6673 -7.71086 73.6063 -24.4031 -7.71895 3
73.6063 -24.4031 -7.71895 73.8666 -24.1389 -7.72704 3
73.8666 -24.1389 -7.72704 74.1269 -23.8747 -7.73513 3
74.1269 -23.8747 -7.73513 74.3872 -23.6104 -7.74322 3
74.3872 -23.6104 -7.74322 74.6475 -23.3462 -7.75131 3
74.6475 -23.3462 -7.75131 74.9078 -23.082 -7.7594 3
74.9078 -23.082 -7.7594 75.1681 -22.8178 -7.76749 3
75.1681 -22.8178 -7.76749 75.4283 -22.5535 -7.77558 3
75.4283 -22.5535 -7.77558 75.6886 -22.2893 -7.78367 3
75.6886 -22.2893 -7.78367 75.9489 -22.0251 -7.79176 3
75.9489 -22.0251 -7.79176 76.2092 -21.7609 -7.79986 3
76.2092 -21.7609 -7.79986 131.652 34.5189 -9.52321 3
131.652 34.5189 -9.52321 131.658 34.5133 -9.52214 3
131.658 34.5133 -9.52214 133.443 32.8409 -9.20028 3
133.443 32.8409 -9.20028 133.448 32.8365 -9.19567 3
133.448 32.8365 -9.19567 134.916 31.4939 -7.80545 3
134.916 31.4939 -7.80545 135.208 31.2253 -7.59853 3
135.208 31.2253 -7.59853 135.213 31.2204 -7.59549 3
135.213 31.2204 -7.59549 136.782 29.7692 -6.68107 3
136.782 29.7692 -6.68107 136.87 29.6913 -6.51903 3
136.87 29.6913 -6.51903 137.439 29.1852 -5.46578 3
137.439 29.1852 -5.46578 137.439 29.1855 -5.4575 3
137.439 29.1855 -5.4575 137.444 29.2534 -2.96671 3
137.444 29.2534 -2.96671 137.449 29.2484 -2.96983 3
137.449 29.2484 -2.96983 139 27.7603 -3.90891 3
139 27.7603 -3.90891 139.008 27.7528 -3.90024 3
139.008 27.7528 -3.90024 139.017 27.7453 -3.89157 3
139.017 27.7453 -3.89157 141.495 25.4867 -1.29004 3
141.495 25.4867 -1.29004 141.83 25.1792 -1.00209 3
141.83 25.1792 -1.00209 143.053 24.0209 -1.23261 3
143.053 24.0209 -1.23261 143.956 23.18 -0.891036 3
143.956 23.18 -0.891036 143.961 23.1756 -0.879991 3
143.961 23.1756 -0.879991 143.966 23.1711 -0.868947 3
143.966 23.1711 -0.868947 145.491 21.831 2.44447 3
145.491 21.831 2.44447 146.001 21.3541 2.55668 3
146.001 21.3541 2.55668 146.028 21.3727 2.55957 3
146.028 21.3727 2.55957 146.056 21.3912 2.56247 3
146.056 21.3912 2.56247 146.084 21.4097 2.56536 3
146.084 21.4097 2.56536 146.112 21.4283 2.56826 3
146.112 21.4283 2.56826 146.139 21.4468 2.57115 3
146.139 21.4468 2.57115 146.167 21.4654 2.57404 3
146.167 21.4654 2.57404 146.195 21.4839 2.57694 3
146.195 21.4839 2.57694 154.38 26.9531 3.43078 3
154.38 26.9531 3.43078 155.283 26.1122 3.77235 3
155.283 26.1122 3.77235 155.516 25.8864 3.53804 3
155.516 25.8864 3.53804 155.516 25.8867 3.54439 3
155.516 25.8867 3.54439 155.475 25.9798 5.45627 3
155.475 25.9798 5.45627 155.481 25.9744 5.44826 3
155.481 25.9744 5.44826 155.486 25.969 5.44025 3
155.486 25.969 5.44025 157.131 24.3505 3.03708 3
157.131 24.3505 3.03708 157.408 24.0858 2.88378 3
157.408 24.0858 2.88378 157.415 24.0792 2.88581 3
157.415 24.0792 2.88581 159.535 22.1003 3.49465 3
159.535 22.1003 3.49465 159.754 21.9056 3.89975 3
159.754 21.9056 3.89975 159.758 21.9022 3.90507 3
159.758 21.9022 3.90507 160.892 20.8798 5.50645 3
160.892 20.8798 5.50645 161.957 19.9006 6.3117 3
161.957 19.9006 6.3117 162.467 19.4237 6.42391 3
162.467 19.4237 6.42391 162.475 19.4162 6.42569 3
162.475 19.4162 6.42569 162.483 19.4086 6.42748 3
162.483 19.4086 6.42748 164.914 17.1345 6.96251 3
164.914 17.1345 6.96251 165.06 17.0002 7.06597 3
165.06 17.0002 7.06597 165.066 16.9948 7.06558 3
165.066 16.9948 7.06558 166.793 15.3651 6.94766 3
166.793 15.3651 6.94766 166.358 15.8226 8.63653 3
166.358 15.8226 8.63653 166.65 15.5539 8.84346 3
166.65 15.5539 8.84346 166.668 15.5514 8.85648 3
166.668 15.5514 8.85648 166.685 15.5489 8.86951 3
166.685 15.5489 8.86951 166.703 15.5465 8.88253 3
166.703 15.5465 8.88253 166.72 15.544 8.89555 3
166.72 15.544 8.89555 171.946 14.802 12.7768 3
171.946 14.802 12.7768 172.455 14.3251 12.889 3
172.455 14.3251 12.889 173.709 13.1591 13.3789 3
173.709 13.1591 13.3789 173.714 13.154 13.3796 3
173.714 13.154 13.3796 175.355 11.6155 13.5984 3
175.355 11.6155 13.5984 175.894 11.1171 13.9312 3
175.894 11.1171 13.9312 176.216 10.8407 14.8586 3
176.216 10.8407 14.8586 176.223 10.8338 14.8683 3
176.223 10.8338 14.8683 176.231 10.8269 14.878 3
176.231 10.8269 14.878 178.521 8.75397 17.7928 3
178.521 8.75397 17.7928 179.541 7.80015 18.0172 3
179.541 7.80015 18.0172 179.548 7.79406 18.0205 3
179.548 7.79406 18.0205 181.523 5.96257 19.0244 3
181.523 5.96257 19.0244 181.567 5.92364 19.1054 3
181.567 5.92364 19.1054 181.566 5.92452 19.0943 3
181.566 5.92452 19.0943 181.565 5.92539 19.0831 3
181.565 5.92539 19.0831 181.183 6.18838 15.7376 3
181.183 6.18838 15.7376 181.187 6.18443 15.7476 3
181.187 6.18443 15.7476 181.192 6.18048 15.7575 3
181.192 6.18048 15.7575 182.542 4.99512 18.749 3
182.542 4.99512 18.749 183.037 4.5221 18.501 3
183.037 4.5221 18.501 183.042 4.51763 18.5004 3
183.042 4.51763 18.5004 184.464 3.17312 18.3154 3
184.464 3.17312 18.3154 184.551 3.09526 18.4774 3
184.551 3.09526 18.4774 185.236 2.44899 18.4139 3
