-27.7583 -4.53305 -4.4351 -27.6203 -4.49694 -4.41736 0
-27.6203 -4.49694 -4.41736 -27.4823 -4.46082 -4.39962 0
-27.4823 -4.46082 -4.39962 -27.3443 -4.42471 -4.38188 0
-27.3443 -4.42471 -4.38188 -27.2063 -4.38859 -4.36414 0
-27.2063 -4.38859 -4.36414 -27.0683 -4.35248 -4.3464 0
-27.0683 -4.35248 -4.3464 -26.9303 -4.31636 -4.32866 0
-26.9303 -4.31636 -4.32866 -26.7924 -4.28025 -4.31092 0
-26.7924 -4.28025 -4.31092 -26.6544 -4.24413 -4.29318 0
-26.6544 -4.24413 -4.29318 -26.5164 -4.20801 -4.27544 0
-26.5164 -4.20801 -4.27544 -26.3784 -4.1719 -4.2577 0
-26.3784 -4.1719 -4.2577 -26.2404 -4.13578 -4.23996 0
-26.2404 -4.13578 -4.23996 -26.1024 -4.09967 -4.22222 0
-26.1024 -4.09967 -4.22222 -25.9644 -4.06355 -4.20448 0
-25.9644 -4.06355 -4.20448 -25.8265 -4.02744 -4.18674 0
-25.8265 -4.02744 -4.18674 -10.2341 0.0536325 -2.18216 0
-10.2341 0.0536325 -2.18216 -10.2156 0.055515 -2.17731 0
-10.2156 0.055515 -2.17731 -7.88127 0.292702 -1.56702 0
-7.88127 0.292702 -1.56702 -7.84538 0.313452 -1.5946 0
-7.84538 0.313452 -1.5946 -7.80949 0.334202 -1.62218 0
-7.80949 0.334202 -1.62218 -7.7736 0.354952 -1.64976 0
-7.7736 0.354952 -1.64976 -7.73771 0.375702 -1.67734 0
-7.73771 0.375702 -1.67734 -3.32317 2.92797 -5.0695 0
-3.32317 2.92797 -5.0695 -3.00683 3.48204 -5.84534 0
-3.00683 3.48204 -5.84534 -2.97792 3.49673 -5.85116 0
-2.97792 3.49673 -5.85116 -2.94901 3.51142 -5.85697 0
-2.94901 3.51142 -5.85697 -2.9201 3.52611 -5.86279 0
-2.9201 3.52611 -5.86279 0.664862 5.34753 -6.58401 0
0.664862 5.34753 -6.58401 0.768804 5.65441 -7.10085 0
0.768804 5.65441 -7.10085 1.35069 5.87519 -6.85273 0
1.35069 5.87519 -6.85273 1.33695 5.87715 -6.82692 0
1.33695 5.87715 -6.82692 1.3232 5.87911 -6.8011 0
1.3232 5.87911 -6.8011 -0.395062 6.12421 -3.57419 0
-0.395062 6.12421 -3.57419 -0.405776 6.10315 -3.49099 0
-0.405776 6.10315 -3.49099 -0.416489 6.08209 -3.40779 0
-0.416489 6.08209 -3.40779 -0.427203 6.06103 -3.32459 0
-0.427203 6.06103 -3.32459 -0.437916 6.03997 -3.24139 0
-0.437916 6.03997 -3.24139 -0.448629 6.01891 -3.15819 0
-0.448629 6.01891 -3.15819 -0.459343 5.99785 -3.07499 0
-0.459343 5.99785 -3.07499 -0.470056 5.9768 -2.99179 0
-0.470056 5.9768 -2.99179 -0.48077 5.95574 -2.90859 0
-0.48077 5.95574 -2.90859 -1.75567 3.44966 6.99223 0
-1.75567 3.44966 6.99223 -1.73603 3.46911 6.98245 0
-1.73603 3.46911 6.98245 -1.7164 3.48856 6.97267 0
-1.7164 3.48856 6.97267 0.738141 5.92008 5.75033 0
0.738141 5.92008 5.75033 0.863984 5.90131 6.39003 0
0.863984 5.90131 6.39003 0.870193 5.91866 6.40298 0
0.870193 5.91866 6.40298 1.65248 8.10535 8.03435 0
1.65248 8.10535 8.03435 2.23437 8.32612 8.28246 0
2.23437 8.32612 8.28246 2.24651 8.33508 8.29236 0
2.24651 8.33508 8.29236 3.77661 9.46406 9.53976 0
3.77661 9.46406 9.53976 3.79701 9.87288 10.0463 0
3.79701 9.87288 10.0463 3.8128 9.90633 10.0545 0
3.8128 9.90633 10.0545 3.82859 9.93978 10.0628 0
3.82859 9.93978 10.0628 3.84438 9.97323 10.071 0
3.84438 9.97323 10.071 5.8024 14.121 11.0954 0
5.8024 14.121 11.0954 7.09315 13.4902 10.8978 0
7.09315 13.4902 10.8978 7.11897 13.5267 10.9119 0
7.11897 13.5267 10.9119 7.14479 13.5632 10.9261 0
7.14479 13.5632 10.9261 7.17061 13.5997 10.9402 0
7.17061 13.5997 10.9402 7.19643 13.6362 10.9543 0
7.19643 13.6362 10.9543 10.3725 18.1252 12.6925 0
10.3725 18.1252 12.6925 11.0988 19.1315 12.362 0
11.0988 19.1315 12.362 11.1165 19.1535 12.3618 0
11.1165 19.1535 12.3618 11.1341 19.1755 12.3616 0
11.1341 19.1755 12.3616 13.3418 21.9272 12.3369 0
13.3418 21.9272 12.3369 14.3093 22.5267 12.2619 0
14.3093 22.5267 12.2619 14.3316 22.5505 12.2636 0
14.3316 22.5505 12.2636 14.3538 22.5743 12.2653 0
14.3538 22.5743 12.2653 14.3761 22.5981 12.267 0
14.3761 22.5981 12.267 17.1359 25.5483 12.4764 0
17.1359 25.5483 12.4764 17.9061 26.6622 11.9473 0
17.9061 26.6622 11.9473 17.9317 26.6959 11.9358 0
17.9317 26.6959 11.9358 17.9572 26.7296 11.9243 0
17.9572 26.7296 11.9243 17.9828 26.7633 11.9128 0
17.9828 26.7633 11.9128 18.0084 26.7969 11.9013 0
18.0084 26.7969 11.9013 21.1538 30.9389 10.4895 0
21.1538 30.9389 10.4895 21.7555 31.5654 10.357 0
21.7555 31.5654 10.357 21.779 31.596 10.3462 0
21.779 31.596 10.3462 21.8026 31.6265 10.3353 0
21.8026 31.6265 10.3353 21.8261 31.657 10.3244 0
21.8261 31.657 10.3244 24.7429 35.4416 8.97506 0
24.7429 35.4416 8.97506 25.4679 36.0849 8.51147 0
25.4679 36.0849 8.51147 25.4866 36.1357 8.48344 0
25.4866 36.1357 8.48344 25.5052 36.1864 8.45541 0
25.5052 36.1864 8.45541 25.5238 36.2371 8.42739 0
25.5238 36.2371 8.42739 25.5425 36.2879 8.39936 0
25.5425 36.2879 8.39936 25.5611 36.3386 8.37133 0
25.5611 36.3386 8.37133 25.5797 36.3893 8.34331 0
25.5797 36.3893 8.34331 27.8345 42.5271 4.95206 0
27.8345 42.5271 4.95206 27.7176 43.2687 4.56631 0
27.7176 43.2687 4.56631 27.7303 43.3021 4.56399 0
27.7303 43.3021 4.56399 27.743 43.3355 4.56168 0
27.743 43.3355 4.56168 27.7557 43.369 4.55936 0
27.7557 43.369 4.55936 29.3294 47.5146 4.27211 0
29.3294 47.5146 4.27211 29.3091 47.5136 4.26678 0
29.3091 47.5136 4.26678 26.753 47.3873 3.59574 0
26.753 47.3873 3.59574 27.196 47.5553 3.7846 0
27.196 47.5553 3.7846 27.22 47.5671 3.79641 0
27.22 47.5671 3.79641 27.2441 47.5788 3.80822 0
27.2441 47.5788 3.80822 30.2511 49.0462 5.28426 0
30.2511 49.0462 5.28426 30.0975 49.3099 5.40992 0
30.0975 49.3099 5.40992 30.0981 49.3424 5.42939 0
30.0981 49.3424 5.42939 30.0988 49.375 5.44887 0
30.0988 49.375 5.44887 30.0994 49.4076 5.46834 0
30.0994 49.4076 5.46834 30.1787 53.4478 7.88326 0
30.1787 53.4478 7.88326 31.2367 52.542 7.55818 0
31.2367 52.542 7.55818 31.2356 52.5609 7.56917 0
31.2356 52.5609 7.56917 31.0885 54.9442 8.95472 0
31.0885 54.9442 8.95472 31.0999 54.9536 8.96262 0
31.0999 54.9536 8.96262 32.531 56.1451 9.9579 0
32.531 56.1451 9.9579 32.7384 56.3896 10.1448 0
32.7384 56.3896 10.1448 32.7472 56.406 10.1563 0
32.7472 56.406 10.1563 33.8538 58.4615 11.5994 0
33.8538 58.4615 11.5994 34.3612 58.8101 11.9084 0
34.3612 58.8101 11.9084 34.3733 58.8471 11.9328 0
34.3733 58.8471 11.9328 34.3854 58.884 11.9571 0
34.3854 58.884 11.9571 34.3976 58.9209 11.9815 0
34.3976 58.9209 11.9815 34.4097 58.9579 12.0059 0
34.4097 58.9579 12.0059 35.9015 63.5017 15.0039 0
35.9015 63.5017 15.0039 35.9195 63.5073 15.0095 0
35.9195 63.5073 15.0095 38.192 64.2218 15.7151 0
38.192 64.2218 15.7151 39.2168 64.6107 16.1521 0
39.2168 64.6107 16.1521 39.25 64.6284 16.1693 0
39.25 64.6284 16.1693 39.2831 64.6461 16.1865 0
39.2831 64.6461 16.1865 39.3163 64.6639 16.2037 0
39.3163 64.6639 16.2037 43.4298 66.8628 18.3366 0
43.4298 66.8628 18.3366 43.5581 67.2431 18.5883 0
43.5581 67.2431 18.5883 43.5725 67.2666 18.6051 0
43.5725 67.2666 18.6051 43.5868 67.2901 18.622 0
43.5868 67.2901 18.622 45.3823 70.2278 20.7274 0
-27.7583 -4.53305 -4.4351 -27.4285 -4.35122 -4.28193 1
-27.4285 -4.35122 -4.28193 -27.0988 -4.16939 -4.12875 1
-27.0988 -4.16939 -4.12875 -26.7691 -3.98756 -3.97558 1
-26.7691 -3.98756 -3.97558 -26.4393 -3.80573 -3.82241 1
-26.4393 -3.80573 -3.82241 -26.1096 -3.6239 -3.66923 1
-26.1096 -3.6239 -3.66923 -25.7799 -3.44207 -3.51606 1
-25.7799 -3.44207 -3.51606 -25.4502 -3.26024 -3.36289 1
-25.4502 -3.26024 -3.36289 -25.1204 -3.07841 -3.20972 1
-25.1204 -3.07841 -3.20972 -24.7907 -2.89658 -3.05654 1
-24.7907 -2.89658 -3.05654 -24.461 -2.71475 -2.90337 1
-24.461 -2.71475 -2.90337 -24.1312 -2.53292 -2.7502 1
-24.1312 -2.53292 -2.7502 -23.8015 -2.35109 -2.59702 1
-23.8015 -2.35109 -2.59702 -23.4718 -2.16926 -2.44385 1
-23.4718 -2.16926 -2.44385 -23.1421 -1.98743 -2.29068 1
-23.1421 -1.98743 -2.29068 -22.8123 -1.8056 -2.13751 1
-22.8123 -1.8056 -2.13751 -22.4826 -1.62377 -1.98433 1
-22.4826 -1.62377 -1.98433 -12.9205 3.64931 2.45768 1
-12.9205 3.64931 2.45768 -12.8871 3.68018 2.48272 1
-12.8871 3.68018 2.48272 -11.4182 5.03877 3.58484 1
-11.4182 5.03877 3.58484 -10.6261 5.82708 4.21221 1
-10.6261 5.82708 4.21221 -11.1694 6.45017 4.47291 1
-11.1694 6.45017 4.47291 -11.1159 6.47395 4.4978 1
-11.1159 6.47395 4.4978 -11.0623 6.49773 4.52269 1
-11.0623 6.49773 4.52269 -8.75999 7.52042 5.59296 1
-8.75999 7.52042 5.59296 -8.25724 7.87702 5.90581 1
-8.25724 7.87702 5.90581 -8.22694 7.90672 5.92954 1
-8.22694 7.90672 5.92954 -6.8939 9.21376 6.97372 1
-6.8939 9.21376 6.97372 -6.8447 9.72997 7.29012 1
-6.8447 9.72997 7.29012 -6.80419 9.74902 7.30958 1
-6.80419 9.74902 7.30958 -5.02183 10.5874 8.16586 1
-5.02183 10.5874 8.16586 -4.44591 11.1279 8.60259 1
-4.44591 11.1279 8.60259 -4.413 11.1733 8.63619 1
-4.413 11.1733 8.63619 -4.38009 11.2188 8.66979 1
-4.38009 11.2188 8.66979 -2.96487 13.1727 10.1146 1
-2.96487 13.1727 10.1146 -2.66958 13.2847 10.2405 1
-2.66958 13.2847 10.2405 -2.60516 13.3165 10.2723 1
-2.60516 13.3165 10.2723 -2.54074 13.3483 10.3042 1
-2.54074 13.3483 10.3042 0.229247 14.7162 11.6735 1
0.229247 14.7162 11.6735 1.10642 15.0491 12.0475 1
1.10642 15.0491 12.0475 1.15474 15.1769 12.1331 1
1.15474 15.1769 12.1331 1.20305 15.3047 12.2187 1
1.20305 15.3047 12.2187 1.25136 15.4325 12.3043 1
1.25136 15.4325 12.3043 1.29968 15.5603 12.39 1
1.29968 15.5603 12.39 1.34799 15.6881 12.4756 1
1.34799 15.6881 12.4756 1.3963 15.8159 12.5612 1
1.3963 15.8159 12.5612 3.28052 20.8005 15.8998 1
-27.7583 -4.53305 -4.4351 -27.8175 -4.82776 -4.24274 1
-27.8175 -4.82776 -4.24274 -27.8767 -5.12246 -4.05039 1
-27.8767 -5.12246 -4.05039 -27.9358 -5.41716 -3.85804 1
-27.9358 -5.41716 -3.85804 -27.995 -5.71186 -3.66568 1
-27.995 -5.71186 -3.66568 -28.0542 -6.00657 -3.47333 1
-28.0542 -6.00657 -3.47333 -28.1134 -6.30127 -3.28097 1
-28.1134 -6.30127 -3.28097 -28.1726 -6.59597 -3.08862 1
-28.1726 -6.59597 -3.08862 -28.2318 -6.89067 -2.89627 1
-28.2318 -6.89067 -2.89627 -28.291 -7.18538 -2.70391 1
-28.291 -7.18538 -2.70391 -28.3502 -7.48008 -2.51156 1
-28.3502 -7.48008 -2.51156 -28.4094 -7.77478 -2.31921 1
-28.4094 -7.77478 -2.31921 -28.4686 -8.06948 -2.12685 1
-28.4686 -8.06948 -2.12685 -28.5278 -8.36419 -1.9345 1
-28.5278 -8.36419 -1.9345 -28.587 -8.65889 -1.74214 1
-28.587 -8.65889 -1.74214 -28.6462 -8.95359 -1.54979 1
-28.6462 -8.95359 -1.54979 -28.7054 -9.24829 -1.35744 1
-28.7054 -9.24829 -1.35744 -28.7646 -9.54299 -1.16508 1
-28.7646 -9.54299 -1.16508 -32.0203 -25.7516 9.41438 1
-32.0203 -25.7516 9.41438 -32.168 -25.8076 9.35142 1
-32.168 -25.8076 9.35142 -32.204 -25.835 9.32792 1
-32.204 -25.835 9.32792 -32.2401 -25.8624 9.30443 1
-32.2401 -25.8624 9.30443 -34.7636 -27.7778 7.6596 1
-34.7636 -27.7778 7.6596 -35.5783 -27.5991 7.60187 1
-35.5783 -27.5991 7.60187 -35.6139 -27.6103 7.58806 1
-35.6139 -27.6103 7.58806 -38.1413 -28.4057 6.60748 1
-38.1413 -28.4057 6.60748 -37.2801 -29.8837 5.90304 1
-37.2801 -29.8837 5.90304 -35.9328 -30.3579 5.89247 1
-35.9328 -30.3579 5.89247 -35.9504 -30.3828 5.87412 1
-35.9504 -30.3828 5.87412 -37.1977 -32.1548 4.57112 1
-37.1977 -32.1548 4.57112 -37.4823 -32.5945 4.25279 1
-37.4823 -32.5945 4.25279 -37.5234 -32.6259 4.22587 1
-37.5234 -32.6259 4.22587 -37.5644 -32.6573 4.19896 1
-37.5644 -32.6573 4.19896 -40.4377 -34.8572 2.31488 1
-40.4377 -34.8572 2.31488 -40.461 -34.8342 2.32386 1
-40.461 -34.8342 2.32386 -42.1135 -33.2005 2.96159 1
-42.1135 -33.2005 2.96159 -42.1174 -33.2362 2.95814 1
-42.1174 -33.2362 2.95814 -42.3906 -35.7717 2.71285 1
-42.3906 -35.7717 2.71285 -42.4234 -35.7749 2.70436 1
-42.4234 -35.7749 2.70436 -44.7481 -36.0027 2.10152 1
-44.7481 -36.0027 2.10152 -44.7892 -36.0405 2.13052 1
-44.7892 -36.0405 2.13052 -44.8302 -36.0782 2.15952 1
-44.8302 -36.0782 2.15952 -47.7046 -38.7204 4.18942 1
-47.7046 -38.7204 4.18942 -47.7302 -38.7958 4.31651 1
-47.7302 -38.7958 4.31651 -47.7112 -38.7033 4.14558 1
-47.7112 -38.7033 4.14558 -47.6923 -38.6109 3.97464 1
-47.6923 -38.6109 3.97464 -47.6734 -38.5184 3.80371 1
-47.6734 -38.5184 3.80371 -47.6545 -38.4259 3.63278 1
-47.6545 -38.4259 3.63278 -47.6355 -38.3334 3.46184 1
-47.6355 -38.3334 3.46184 -47.6166 -38.2409 3.29091 1
-47.6166 -38.2409 3.29091 -47.5977 -38.1484 3.11997 1
-47.5977 -38.1484 3.11997 -47.5788 -38.0559 2.94904 1
-47.5788 -38.0559 2.94904 -47.5598 -37.9634 2.77811 1
-47.5598 -37.9634 2.77811 -46.3677 -32.1364 -7.99073 1
-46.3677 -32.1364 -7.99073 -46.3396 -32.1463 -7.99096 1
-46.3396 -32.1463 -7.99096 -44.3401 -32.85 -8.00663 1
-44.3401 -32.85 -8.00663 -44.387 -32.8587 -8.02124 1
-44.387 -32.8587 -8.02124 -44.4339 -32.8674 -8.03585 1
-44.4339 -32.8674 -8.03585 -47.7177 -33.4778 -9.05875 1
-47.7177 -33.4778 -9.05875 -48.3083 -33.7019 -9.31057 1
-48.3083 -33.7019 -9.31057 -48.3649 -33.6668 -9.41044 1
-48.3649 -33.6668 -9.41044 -48.4215 -33.6317 -9.5103 1
-48.4215 -33.6317 -9.5103 -48.4782 -33.5966 -9.61017 1
-48.4782 -33.5966 -9.61017 -48.5348 -33.5614 -9.71004 1
-48.5348 -33.5614 -9.71004 -48.5914 -33.5263 -9.80991 1
-48.5914 -33.5263 -9.80991 -52.3848 -31.1731 -16.5012 1
-52.3848 -31.1731 -16.5012 -52.2298 -30.7153 -17.2722 1
-52.2298 -30.7153 -17.2722 -52.2398 -30.672 -17.3566 1
-52.2398 -30.672 -17.3566 -52.2498 -30.6288 -17.4409 1
-52.2498 -30.6288 -17.4409 -52.2598 -30.5855 -17.5253 1
-52.2598 -30.5855 -17.5253 -52.2699 -30.5423 -17.6097 1
-52.2699 -30.5423 -17.6097 -52.951 -27.6021 -23.3466 1
-52.951 -27.6021 -23.3466 -53.0986 -27.6581 -23.4096 1
-53.0986 -27.6581 -23.4096 -54.8395 -28.284 -24.2245 1
-54.8395 -28.284 -24.2245 -54.8756 -28.3231 -24.1805 1
-54.8756 -28.3231 -24.1805 -54.9117 -28.3622 -24.1364 1
-54.9117 -28.3622 -24.1364 -54.9479 -28.4013 -24.0923 1
-54.9479 -28.4013 -24.0923 -57.4395 -31.099 -21.0499 1
-27.7583 -4.53305 -4.4351 -27.7467 -4.86299 -4.12534 1
-27.7467 -4.86299 -4.12534 -27.7351 -5.19293 -3.81558 1
-27.7351 -5.19293 -3.81558 -27.7235 -5.52286 -3.50582 1
-27.7235 -5.52286 -3.50582 -27.712 -5.8528 -3.19607 1
-27.712 -5.8528 -3.19607 -27.7004 -6.18273 -2.88631 1
-27.7004 -6.18273 -2.88631 -27.6888 -6.51267 -2.57655 1
-27.6888 -6.51267 -2.57655 -27.6772 -6.8426 -2.26679 1
-27.6772 -6.8426 -2.26679 -27.6656 -7.17254 -1.95703 1
-27.6656 -7.17254 -1.95703 -27.6541 -7.50247 -1.64728 1
-27.6541 -7.50247 -1.64728 -27.6425 -7.83241 -1.33752 1
-27.6425 -7.83241 -1.33752 -27.6309 -8.16234 -1.02776 1
-27.6309 -8.16234 -1.02776 -27.6193 -8.49228 -0.718004 1
-27.6193 -8.49228 -0.718004 -27.6078 -8.82221 -0.408246 1
-27.6078 -8.82221 -0.408246 -27.5962 -9.15215 -0.0984879 1
-27.5962 -9.15215 -0.0984879 -27.5846 -9.48209 0.21127 1
-27.5846 -9.48209 0.21127 -27.573 -9.81202 0.521028 1
-27.573 -9.81202 0.521028 -27.5614 -10.142 0.830786 1
-27.5614 -10.142 0.830786 -27.5499 -10.4719 1.14054 1
-27.5499 -10.4719 1.14054 -27.5383 -10.8018 1.4503 1
-27.5383 -10.8018 1.4503 -27.5267 -11.1318 1.76006 1
-27.5267 -11.1318 1.76006 -27.5151 -11.4617 2.06982 1
-27.5151 -11.4617 2.06982 -27.5036 -11.7916 2.37957 1
-27.5036 -11.7916 2.37957 -27.492 -12.1216 2.68933 1
-27.492 -12.1216 2.68933 -26.9247 -28.2884 17.8675 1
-26.9247 -28.2884 17.8675 -26.9116 -28.2958 17.8434 1
-26.9116 -28.2958 17.8434 -25.9854 -28.8186 16.1364 1
-25.9854 -28.8186 16.1364 -25.8559 -28.4363 15.4925 1
-25.8559 -28.4363 15.4925 -25.8261 -28.4402 15.4452 1
-25.8261 -28.4402 15.4452 -25.7963 -28.4441 15.3979 1
-25.7963 -28.4441 15.3979 -23.71 -28.717 12.0868 1
-23.71 -28.717 12.0868 -23.7023 -28.6993 12.0529 1
-23.7023 -28.6993 12.0529 -23.1537 -27.4441 9.64967 1
-23.1537 -27.4441 9.64967 -23.1592 -27.5923 9.78158 1
-23.1592 -27.5923 9.78158 -23.1647 -27.7404 9.9135 1
-23.1647 -27.7404 9.9135 -23.1702 -27.8885 10.0454 1
-23.1702 -27.8885 10.0454 -23.1757 -28.0366 10.1773 1
-23.1757 -28.0366 10.1773 -23.1812 -28.1847 10.3093 1
-23.1812 -28.1847 10.3093 -23.1867 -28.3329 10.4412 1
-23.1867 -28.3329 10.4412 -23.1922 -28.481 10.5731 1
-23.1922 -28.481 10.5731 -23.1976 -28.6291 10.705 1
-23.1976 -28.6291 10.705 -23.2031 -28.7772 10.8369 1
-23.2031 -28.7772 10.8369 -23.2086 -28.9253 10.9688 1
-23.2086 -28.9253 10.9688 -23.5488 -38.1088 19.1477 1
-23.5488 -38.1088 19.1477 -23.5076 -38.1065 19.1562 1
-23.5076 -38.1065 19.1562 -20.5829 -37.9381 19.7629 1
-20.5829 -37.9381 19.7629 -20.5879 -37.982 19.7508 1
-20.5879 -37.982 19.7508 -20.9448 -41.0987 18.8875 1
-20.9448 -41.0987 18.8875 -20.9793 -41.897 18.7606 1
-20.9793 -41.897 18.7606 -20.9792 -41.9973 18.8116 1
-20.9792 -41.9973 18.8116 -20.979 -42.0976 18.8626 1
-20.979 -42.0976 18.8626 -20.9788 -42.1979 18.9135 1
-20.9788 -42.1979 18.9135 -20.9786 -42.2983 18.9645 1
-20.9786 -42.2983 18.9645 -20.9784 -42.3986 19.0154 1
-20.9784 -42.3986 19.0154 -20.9661 -49.12 22.4294 1
-20.9661 -49.12 22.4294 -20.9654 -49.4872 22.7544 1
-20.9654 -49.4872 22.7544 -20.9592 -49.5302 22.7723 1
-20.9592 -49.5302 22.7723 -20.9531 -49.5732 22.7901 1
-20.9531 -49.5732 22.7901 -20.5228 -52.5826 24.0387 1
-20.5228 -52.5826 24.0387 -20.6034 -53.1682 24.7488 1
-20.6034 -53.1682 24.7488 -20.5944 -53.2125 24.748 1
-20.5944 -53.2125 24.748 -19.9557 -56.3537 24.6872 1
-19.9557 -56.3537 24.6872 -19.9648 -56.3851 24.73 1
-19.9648 -56.3851 24.73 -19.9738 -56.4165 24.7728 1
-19.9738 -56.4165 24.7728 -20.6075 -58.6153 27.7691 1
-20.6075 -58.6153 27.7691 -20.6131 -58.672 27.8075 1
-20.6131 -58.672 27.8075 -20.6187 -58.7287 27.846 1
-20.6187 -58.7287 27.846 -20.6243 -58.7855 27.8845 1
-20.6243 -58.7855 27.8845 -21.0107 -62.6988 30.5391 1
-21.0107 -62.6988 30.5391 -20.7664 -63.835 31.4361 1
-20.7664 -63.835 31.4361 -20.7448 -63.8533 31.4333 1
-20.7448 -63.8533 31.4333 -19.2149 -65.152 31.2376 1
-19.2149 -65.152 31.2376 -19.1357 -65.2878 31.1728 1
-19.1357 -65.2878 31.1728 -19.1166 -65.3134 31.1949 1
-19.1166 -65.3134 31.1949 -17.7556 -67.1317 32.7633 1
-17.7556 -67.1317 32.7633 -17.702 -67.343 32.8256 1
-17.702 -67.343 32.8256 -17.3795 -68.2059 32.3781 1
-17.3795 -68.2059 32.3781 -17.3004 -68.3418 32.3134 1
-27.7583 -4.53305 -4.4351 -27.8527 -4.43844 -4.57992 1
-27.8527 -4.43844 -4.57992 -27.9472 -4.34382 -4.72473 1
-27.9472 -4.34382 -4.72473 -28.0417 -4.2492 -4.86955 1
-28.0417 -4.2492 -4.86955 -28.1362 -4.15458 -5.01437 1
-28.1362 -4.15458 -5.01437 -28.2307 -4.05996 -5.15919 1
-28.2307 -4.05996 -5.15919 -28.3251 -3.96534 -5.304 1
-28.3251 -3.96534 -5.304 -28.4196 -3.87072 -5.44882 1
-28.4196 -3.87072 -5.44882 -28.5141 -3.7761 -5.59364 1
-28.5141 -3.7761 -5.59364 -28.6086 -3.68149 -5.73846 1
-28.6086 -3.68149 -5.73846 -28.7031 -3.58687 -5.88327 1
-28.7031 -3.58687 -5.88327 -28.7975 -3.49225 -6.02809 1
-28.7975 -3.49225 -6.02809 -28.892 -3.39763 -6.17291 1
-28.892 -3.39763 -6.17291 -28.9865 -3.30301 -6.31773 1
-28.9865 -3.30301 -6.31773 -29.081 -3.20839 -6.46254 1
-29.081 -3.20839 -6.46254 -29.1754 -3.11377 -6.60736 1
-29.1754 -3.11377 -6.60736 -29.2699 -3.01915 -6.75218 1
-29.2699 -3.01915 -6.75218 -29.3644 -2.92454 -6.897 1
-29.3644 -2.92454 -6.897 -29.4589 -2.82992 -7.04181 1
-29.4589 -2.82992 -7.04181 -29.5534 -2.7353 -7.18663 1
-29.5534 -2.7353 -7.18663 -29.6478 -2.64068 -7.33145 1
-29.6478 -2.64068 -7.33145 -29.7423 -2.54606 -7.47627 1
-29.7423 -2.54606 -7.47627 -29.8368 -2.45144 -7.62108 1
-29.8368 -2.45144 -7.62108 -29.9313 -2.35682 -7.7659 1
-29.9313 -2.35682 -7.7659 -30.0258 -2.2622 -7.91072 1
-30.0258 -2.2622 -7.91072 -30.1202 -2.16759 -8.05553 1
-30.1202 -2.16759 -8.05553 -30.2147 -2.07297 -8.20035 1
-30.2147 -2.07297 -8.20035 -40.2295 7.95662 -23.551 1
-40.2295 7.95662 -23.551 -40.8307 8.06021 -23.6104 1
-40.8307 8.06021 -23.6104 -40.8421 8.06586 -23.6093 1
-40.8421 8.06586 -23.6093 -42.3363 8.80598 -23.4704 1
-42.3363 8.80598 -23.4704 -42.9974 8.72103 -23.6538 1
-42.9974 8.72103 -23.6538 -43.0178 8.73063 -23.6522 1
-43.0178 8.73063 -23.6522 -43.0383 8.74024 -23.6506 1
-43.0383 8.74024 -23.6506 -45.698 9.98895 -23.444 1
-45.698 9.98895 -23.444 -46.2799 9.76818 -23.6921 1
-46.2799 9.76818 -23.6921 -46.2971 9.7654 -23.6973 1
-46.2971 9.7654 -23.6973 -46.3144 9.76262 -23.7024 1
-46.3144 9.76262 -23.7024 -48.5582 9.40127 -24.3682 1
-48.5582 9.40127 -24.3682 -48.9326 9.42506 -24.4294 1
-48.9326 9.42506 -24.4294 -48.9493 9.43737 -24.4254 1
-48.9493 9.43737 -24.4254 -48.9659 9.44967 -24.4215 1
-48.9659 9.44967 -24.4215 -51.1305 11.0496 -23.9068 1
-51.1305 11.0496 -23.9068 -51.2888 11.3212 -23.7773 1
-51.2888 11.3212 -23.7773 -51.3118 11.3423 -23.7694 1
-51.3118 11.3423 -23.7694 -51.3349 11.3634 -23.7615 1
-51.3349 11.3634 -23.7615 -51.358 11.3845 -23.7537 1
-51.358 11.3845 -23.7537 -54.3332 14.1074 -22.7352 1
-54.3332 14.1074 -22.7352 -54.7867 14.267 -22.7317 1
-54.7867 14.267 -22.7317 -54.7966 14.2794 -22.7263 1
-54.7966 14.2794 -22.7263 -56.0881 15.9 -22.0238 1
-56.0881 15.9 -22.0238 -56.6893 16.0036 -22.0832 1
-56.6893 16.0036 -22.0832 -56.7182 16.0003 -22.0915 1
-56.7182 16.0003 -22.0915 -56.747 15.9971 -22.0999 1
-56.747 15.9971 -22.0999 -56.7759 15.9938 -22.1083 1
-56.7759 15.9938 -22.1083 -60.4999 15.5738 -23.1873 1
-60.4999 15.5738 -23.1873 -60.9535 15.7334 -23.1838 1
-60.9535 15.7334 -23.1838 -61.7894 16.5674 -22.8567 1
-61.7894 16.5674 -22.8567 -62.1591 16.5832 -22.9217 1
-62.1591 16.5832 -22.9217 -62.206 16.5571 -22.8538 1
-62.206 16.5571 -22.8538 -62.2529 16.531 -22.7859 1
-62.2529 16.531 -22.7859 -62.2997 16.5049 -22.718 1
-62.2997 16.5049 -22.718 -62.3466 16.4788 -22.6501 1
-62.3466 16.4788 -22.6501 -62.3935 16.4528 -22.5822 1
-62.3935 16.4528 -22.5822 -62.4403 16.4267 -22.5143 1
-62.4403 16.4267 -22.5143 -62.4872 16.4006 -22.4464 1
-62.4872 16.4006 -22.4464 -62.5341 16.3745 -22.3785 1
-62.5341 16.3745 -22.3785 -62.581 16.3484 -22.3107 1
-62.581 16.3484 -22.3107 -62.6278 16.3223 -22.2428 1
-62.6278 16.3223 -22.2428 -62.6747 16.2962 -22.1749 1
-62.6747 16.2962 -22.1749 -68.3462 13.1383 -13.9604 1
-68.3462 13.1383 -13.9604 -68.3723 13.1206 -13.9281 1
-68.3723 13.1206 -13.9281 -68.3984 13.1028 -13.8959 1
-68.3984 13.1028 -13.8959 -68.4245 13.085 -13.8637 1
-68.4245 13.085 -13.8637 -68.4506 13.0673 -13.8315 1
-68.4506 13.0673 -13.8315 -68.4767 13.0495 -13.7993 1
-68.4767 13.0495 -13.7993 -71.7916 10.7937 -9.70746 1
-71.7916 10.7937 -9.70746 -71.87 10.5623 -9.31772 1
-71.87 10.5623 -9.31772 -71.8884 10.5562 -9.32429 1
-71.8884 10.5562 -9.32429 -71.9067 10.5501 -9.33086 1
-71.9067 10.5501 -9.33086 -74.2944 9.76344 -10.1852 1
-74.2944 9.76344 -10.1852 -74.3735 9.89926 -10.1204 1
-74.3735 9.89926 -10.1204 -74.4344 9.87442 -10.0689 1
-74.4344 9.87442 -10.0689 -74.4952 9.84958 -10.0174 1
-74.4952 9.84958 -10.0174 -74.5561 9.82475 -9.9659 1
-74.5561 9.82475 -9.9659 -74.617 9.79991 -9.91438 1
-74.617 9.79991 -9.91438 -74.6778 9.77507 -9.86287 1
-74.6778 9.77507 -9.86287 -74.7387 9.75023 -9.81135 1
-74.7387 9.75023 -9.81135 -74.7996 9.7254 -9.75983 1
-74.7996 9.7254 -9.75983 -74.8604 9.70056 -9.70832 1
-74.8604 9.70056 -9.70832 -74.9213 9.67572 -9.6568 1
-74.9213 9.67572 -9.6568 -74.9822 9.65088 -9.60529 1
-74.9822 9.65088 -9.60529 -75.043 9.62605 -9.55377 1
-75.043 9.62605 -9.55377 -82.408 6.62073 -3.32031 1
-82.408 6.62073 -3.32031 -83.5571 6.57168 -3.30907 1
-83.5571 6.57168 -3.30907 -83.5892 6.56716 -3.29183 1
-83.5892 6.56716 -3.29183 -83.6213 6.56263 -3.27459 1
-83.6213 6.56263 -3.27459 -83.6533 6.55811 -3.25734 1
-83.6533 6.55811 -3.25734 -83.6854 6.55359 -3.2401 1
-83.6854 6.55359 -3.2401 -87.7899 5.97466 -1.03306 1
-87.7899 5.97466 -1.03306 -88.4509 5.8897 -1.21644 1
-88.4509 5.8897 -1.21644 -88.4832 5.90353 -1.21473 1
-88.4832 5.90353 -1.21473 -88.5155 5.91735 -1.21302 1
-88.5155 5.91735 -1.21302 -88.5479 5.93118 -1.21131 1
-88.5479 5.93118 -1.21131 -88.5802 5.94501 -1.2096 1
-88.5802 5.94501 -1.2096 -92.717 7.71485 -0.990667 1
-92.717 7.71485 -0.990667 -92.8752 7.9865 -0.861202 1
-92.8752 7.9865 -0.861202 -92.9031 7.99957 -0.859041 1
-92.9031 7.99957 -0.859041 -92.931 8.01265 -0.85688 1
-92.931 8.01265 -0.85688 -92.9588 8.02573 -0.854718 1
-92.9588 8.02573 -0.854718 -96.5534 9.71275 -0.575921 1
-96.5534 9.71275 -0.575921 -96.9444 10.3839 -0.256067 1
-96.9444 10.3839 -0.256067 -96.9831 10.4016 -0.253335 1
-96.9831 10.4016 -0.253335 -97.0218 10.4193 -0.250603 1
-97.0218 10.4193 -0.250603 -97.0604 10.437 -0.247872 1
-97.0604 10.437 -0.247872 -97.0991 10.4547 -0.24514 1
-97.0991 10.4547 -0.24514 -97.1378 10.4724 -0.242409 1
-97.1378 10.4724 -0.242409 -102.049 12.7201 0.104508 1
-102.049 12.7201 0.104508 -103.09 12.9786 0.0485588 1
-103.09 12.9786 0.0485588 -103.134 12.9882 0.045528 1
-103.134 12.9882 0.045528 -103.177 12.9978 0.0424971 1
-103.177 12.9978 0.0424971 -103.221 13.0074 0.0394663 1
-103.221 13.0074 0.0394663 -103.264 13.017 0.0364355 1
-103.264 13.017 0.0364355 -103.308 13.0266 0.0334047 1
-103.308 13.0266 0.0334047 -108.824 14.2468 -0.35151 1
-108.824 14.2468 -0.35151 -108.983 14.5185 -0.222045 1
-108.983 14.5185 -0.222045 -109.025 14.5286 -0.22457 1
-109.025 14.5286 -0.22457 -109.067 14.5387 -0.227095 1
-109.067 14.5387 -0.227095 -109.11 14.5488 -0.22962 1
-109.11 14.5488 -0.22962 -109.152 14.5589 -0.232145 1
-109.152 14.5589 -0.232145 -109.194 14.569 -0.23467 1
-109.194 14.569 -0.23467 -114.573 15.8508 -0.555352 1
-114.573 15.8508 -0.555352 -115.033 16.33 -0.363184 1
-115.033 16.33 -0.363184 -115.072 16.3316 -0.370053 1
-115.072 16.3316 -0.370053 -115.11 16.3331 -0.376921 1
-115.11 16.3331 -0.376921 -115.149 16.3346 -0.383789 1
-115.149 16.3346 -0.383789 -115.187 16.3361 -0.390657 1
-115.187 16.3361 -0.390657 -120.134 16.531 -1.26979 1
-120.134 16.531 -1.26979 -119.987 16.587 -1.20684 1
-27.7583 -4.53305 -4.4351 -27.8831 -4.36874 -4.49957 1
-27.8831 -4.36874 -4.49957 -28.008 -4.20443 -4.56404 1
-28.008 -4.20443 -4.56404 -28.1329 -4.04012 -4.62851 1
-28.1329 -4.04012 -4.62851 -28.2578 -3.87581 -4.69299 1
-28.2578 -3.87581 -4.69299 -28.3826 -3.7115 -4.75746 1
-28.3826 -3.7115 -4.75746 -28.5075 -3.54719 -4.82193 1
-28.5075 -3.54719 -4.82193 -28.6324 -3.38288 -4.8864 1
-28.6324 -3.38288 -4.8864 -28.7573 -3.21856 -4.95087 1
-28.7573 -3.21856 -4.95087 -28.8821 -3.05425 -5.01535 1
-28.8821 -3.05425 -5.01535 -29.007 -2.88994 -5.07982 1
-29.007 -2.88994 -5.07982 -29.1319 -2.72563 -5.14429 1
-29.1319 -2.72563 -5.14429 -29.2567 -2.56132 -5.20876 1
-29.2567 -2.56132 -5.20876 -29.3816 -2.39701 -5.27323 1
-29.3816 -2.39701 -5.27323 -29.5065 -2.2327 -5.3377 1
-29.5065 -2.2327 -5.3377 -29.6314 -2.06839 -5.40218 1
-29.6314 -2.06839 -5.40218 -36.3746 6.80442 -8.88366 1
-36.3746 6.80442 -8.88366 -36.844 7.24412 -8.17406 1
-36.844 7.24412 -8.17406 -36.8543 7.27165 -8.15467 1
-36.8543 7.27165 -8.15467 -36.8647 7.29917 -8.13528 1
-36.8647 7.29917 -8.13528 -37.5594 9.14347 -6.83608 1
-37.5594 9.14347 -6.83608 -37.1224 9.6312 -6.4586 1
-37.1224 9.6312 -6.4586 -37.1291 9.66909 -6.43745 1
-37.1291 9.66909 -6.43745 -37.1358 9.70698 -6.4163 1
-37.1358 9.70698 -6.4163 -37.5853 12.2457 -4.99925 1
-37.5853 12.2457 -4.99925 -37.6644 12.3815 -4.93452 1
-37.6644 12.3815 -4.93452 -38.0554 13.0527 -4.61466 1
-38.0554 13.0527 -4.61466 -38.0361 13.0605 -4.60749 1
-38.0361 13.0605 -4.60749 -36.7217 13.5938 -4.11956 1
-36.7217 13.5938 -4.11956 -36.7573 13.6384 -4.12859 1
-36.7573 13.6384 -4.12859 -36.7929 13.6831 -4.13762 1
-36.7929 13.6831 -4.13762 -36.8286 13.7278 -4.14665 1
-36.8286 13.7278 -4.14665 -39.18 16.6765 -4.74273 1
-39.18 16.6765 -4.74273 -39.2063 16.9683 -4.94066 1
-39.2063 16.9683 -4.94066 -39.2307 16.9976 -4.94233 1
-39.2307 16.9976 -4.94233 -39.2552 17.027 -4.94401 1
-39.2552 17.027 -4.94401 -40.893 18.9946 -5.05632 1
-40.893 18.9946 -5.05632 -40.9441 18.8436 -4.80214 1
-40.9441 18.8436 -4.80214 -40.981 18.8611 -4.71111 1
-40.981 18.8611 -4.71111 -41.018 18.8786 -4.62008 1
-41.018 18.8786 -4.62008 -41.0549 18.896 -4.52905 1
-41.0549 18.896 -4.52905 -41.0918 18.9135 -4.43802 1
-41.0918 18.9135 -4.43802 -41.1287 18.9309 -4.34699 1
-41.1287 18.9309 -4.34699 -41.1657 18.9484 -4.25596 1
-41.1657 18.9484 -4.25596 -43.4921 20.048 1.47891 1
-43.4921 20.048 1.47891 -43.6104 20.0681 1.73851 1
-43.6104 20.0681 1.73851 -43.6342 20.147 1.6976 1
-43.6342 20.147 1.6976 -43.6581 20.2259 1.65669 1
-43.6581 20.2259 1.65669 -43.6819 20.3048 1.61579 1
-43.6819 20.3048 1.61579 -43.7057 20.3837 1.57488 1
-43.7057 20.3837 1.57488 -43.7296 20.4626 1.53397 1
-43.7296 20.4626 1.53397 -43.7534 20.5415 1.49306 1
-43.7534 20.5415 1.49306 -45.2551 25.5118 -1.08422 1
-45.2551 25.5118 -1.08422 -45.2065 26.0249 -1.65494 1
-45.2065 26.0249 -1.65494 -45.2272 26.059 -1.64284 1
-45.2272 26.059 -1.64284 -45.248 26.093 -1.63074 1
-45.248 26.093 -1.63074 -46.6376 28.3729 -0.820037 1
-46.6376 28.3729 -0.820037 -46.6893 28.4385 -0.796637 1
-46.6893 28.4385 -0.796637 -46.741 28.5041 -0.773238 1
-46.741 28.5041 -0.773238 -46.7927 28.5696 -0.749838 1
-46.7927 28.5696 -0.749838 -46.8444 28.6352 -0.726438 1
-46.8444 28.6352 -0.726438 -46.8961 28.7007 -0.703038 1
-46.8961 28.7007 -0.703038 -50.2054 32.8969 0.794547 1
-50.2054 32.8969 0.794547 -50.2105 32.9662 0.771061 1
-50.2105 32.9662 0.771061 -50.2156 33.0355 0.747575 1
-50.2156 33.0355 0.747575 -50.2207 33.1049 0.72409 1
-50.2207 33.1049 0.72409 -50.2258 33.1742 0.700604 1
-50.2258 33.1742 0.700604 -50.5583 37.6816 -0.825958 1
-50.5583 37.6816 -0.825958 -50.4107 37.7376 -0.763003 1
-50.4107 37.7376 -0.763003 -50.4261 37.7186 -0.697008 1
-50.4261 37.7186 -0.697008 -50.4415 37.6995 -0.631012 1
-50.4415 37.6995 -0.631012 -50.4569 37.6805 -0.565016 1
-50.4569 37.6805 -0.565016 -50.4723 37.6615 -0.499021 1
-50.4723 37.6615 -0.499021 -51.4742 36.4246 3.7907 1
1.35069 5.87519 -6.85273 1.37391 5.86935 -6.84346 1
1.37391 5.86935 -6.84346 1.39713 5.86352 -6.83418 1
1.39713 5.86352 -6.83418 4.94938 4.97103 -5.41478 1
4.94938 4.97103 -5.41478 4.97781 4.97754 -5.4052 1
4.97781 4.97754 -5.4052 5.00624 4.98405 -5.39562 1
5.00624 4.98405 -5.39562 5.03467 4.99056 -5.38604 1
5.03467 4.99056 -5.38604 9.35651 5.97977 -3.92949 1
9.35651 5.97977 -3.92949 9.37304 5.98762 -3.93133 1
9.37304 5.98762 -3.93133 11.9185 7.19549 -4.21492 1
11.9185 7.19549 -4.21492 11.9365 7.20016 -4.20854 1
11.9365 7.20016 -4.20854 11.9544 7.20482 -4.20216 1
11.9544 7.20482 -4.20216 14.6997 7.91899 -3.22601 1
14.6997 7.91899 -3.22601 14.7181 7.90905 -3.22819 1
14.7181 7.90905 -3.22819 14.7365 7.89912 -3.23038 1
14.7365 7.89912 -3.23038 17.5585 6.37942 -3.56521 1
17.5585 6.37942 -3.56521 17.9223 6.68329 -3.31161 1
17.9223 6.68329 -3.31161 17.9523 6.68509 -3.30452 1
17.9523 6.68509 -3.30452 17.9822 6.68688 -3.29743 1
17.9822 6.68688 -3.29743 18.0122 6.68868 -3.29034 1
18.0122 6.68868 -3.29034 22.5642 6.9616 -2.21283 1
22.5642 6.9616 -2.21283 22.6433 6.82578 -2.27756 1
22.6433 6.82578 -2.27756 22.6507 6.83286 -2.27188 1
22.6507 6.83286 -2.27188 23.7858 7.92266 -1.39649 1
23.7858 7.92266 -1.39649 23.8105 7.91188 -1.39793 1
23.8105 7.91188 -1.39793 23.8352 7.9011 -1.39936 1
23.8352 7.9011 -1.39936 23.8599 7.89033 -1.40079 1
23.8599 7.89033 -1.40079 27.6117 6.25242 -1.61882 1
27.6117 6.25242 -1.61882 27.6621 6.24291 -1.61432 1
27.6621 6.24291 -1.61432 27.7125 6.2334 -1.60983 1
27.7125 6.2334 -1.60983 27.7629 6.2239 -1.60533 1
27.7629 6.2239 -1.60533 27.8133 6.21439 -1.60084 1
27.8133 6.21439 -1.60084 27.8638 6.20488 -1.59634 1
27.8638 6.20488 -1.59634 27.9142 6.19538 -1.59184 1
27.9142 6.19538 -1.59184 35.427 4.77883 -0.922045 1
35.427 4.77883 -0.922045 35.7927 4.75175 -0.864571 1
35.7927 4.75175 -0.864571 35.8151 4.769 -0.898872 1
35.8151 4.769 -0.898872 35.8374 4.78625 -0.933172 1
35.8374 4.78625 -0.933172 35.8597 4.8035 -0.967473 1
35.8597 4.8035 -0.967473 35.8821 4.82076 -1.00177 1
35.8821 4.82076 -1.00177 35.9044 4.83801 -1.03607 1
35.9044 4.83801 -1.03607 39.2558 7.42588 -6.18115 1
39.2558 7.42588 -6.18115 39.274 7.42222 -6.17966 1
39.274 7.42222 -6.17966 42.0788 6.85801 -5.9506 1
42.0788 6.85801 -5.9506 42.0938 6.85205 -5.95113 1
42.0938 6.85205 -5.95113 44.399 5.93354 -6.0329 1
44.399 5.93354 -6.0329 44.6723 4.55438 -6.79684 1
44.6723 4.55438 -6.79684 44.6958 4.55162 -6.79377 1
44.6958 4.55162 -6.79377 44.7192 4.54887 -6.79069 1
44.7192 4.54887 -6.79069 48.304 4.12748 -6.31995 1
48.304 4.12748 -6.31995 48.3266 4.12019 -6.32834 1
48.3266 4.12019 -6.32834 48.3492 4.11289 -6.33673 1
48.3492 4.11289 -6.33673 51.809 2.99679 -7.62012 1
51.809 2.99679 -7.62012 52.8896 2.854 -7.75905 1
52.8896 2.854 -7.75905 52.9114 2.83927 -7.74438 1
52.9114 2.83927 -7.74438 52.9331 2.82453 -7.72972 1
52.9331 2.82453 -7.72972 52.9549 2.8098 -7.71505 1
52.9549 2.8098 -7.71505 56.2642 0.570081 -5.48587 1
56.2642 0.570081 -5.48587 56.3516 1.88521 -4.59296 1
56.3516 1.88521 -4.59296 56.3752 1.86451 -4.60052 1
56.3752 1.86451 -4.60052 56.3988 1.8438 -4.60808 1
56.3988 1.8438 -4.60808 56.4223 1.82309 -4.61563 1
56.4223 1.82309 -4.61563 60.0032 -1.32425 -5.76429 1
60.0032 -1.32425 -5.76429 60.0207 -1.33249 -5.76567 1
60.0207 -1.33249 -5.76567 60.0381 -1.34072 -5.76705 1
60.0381 -1.34072 -5.76705 62.7085 -2.60017 -5.97783 1
62.7085 -2.60017 -5.97783 63.3156 -3.02343 -6.10705 1
63.3156 -3.02343 -6.10705 63.337 -3.03653 -6.11052 1
63.337 -3.03653 -6.11052 63.3584 -3.04963 -6.114 1
63.3584 -3.04963 -6.114 66.63 -5.05356 -6.64592 1
66.63 -5.05356 -6.64592 66.9359 -5.26919 -6.71243 1
66.9359 -5.26919 -6.71243 66.9477 -5.27745 -6.71498 1
66.9477 -5.27745 -6.71498 68.7534 -6.55025 -7.10758 1
68.7534 -6.55025 -7.10758 68.7679 -6.54154 -7.0995 1
68.7679 -6.54154 -7.0995 70.9999 -5.20037 -5.85426 1
70.9999 -5.20037 -5.85426 71.0014 -5.21886 -5.86493 1
71.0014 -5.21886 -5.86493 71.003 -5.23735 -5.8756 1
71.003 -5.23735 -5.8756 71.2379 -8.06604 -7.50796 1
71.2379 -8.06604 -7.50796 71.4647 -8.14584 -7.50974 1
71.4647 -8.14584 -7.50974 71.4899 -8.15749 -7.51159 1
71.4899 -8.15749 -7.51159 71.5151 -8.16914 -7.51344 1
71.5151 -8.16914 -7.51344 71.5403 -8.1808 -7.51529 1
71.5403 -8.1808 -7.51529 75.3696 -9.9519 -7.7968 1
75.3696 -9.9519 -7.7968 75.8185 -10.1035 -7.79654 1
75.8185 -10.1035 -7.79654 75.8505 -10.119 -7.79928 1
75.8505 -10.119 -7.79928 75.8825 -10.1344 -7.80201 1
75.8825 -10.1344 -7.80201 75.9145 -10.1498 -7.80474 1
75.9145 -10.1498 -7.80474 75.9465 -10.1653 -7.80747 1
75.9465 -10.1653 -7.80747 80.7755 -12.4957 -8.22007 1
80.7755 -12.4957 -8.22007 80.7833 -12.4854 -8.21237 1
80.7833 -12.4854 -8.21237 81.9719 -10.8907 -7.0264 1
81.9719 -10.8907 -7.0264 81.9812 -10.9084 -7.03506 1
81.9812 -10.9084 -7.03506 81.9904 -10.9261 -7.04373 1
81.9904 -10.9261 -7.04373 83.4017 -13.6358 -8.36888 1
83.4017 -13.6358 -8.36888 83.4234 -13.6435 -8.36905 1
83.4234 -13.6435 -8.36905 83.4451 -13.6511 -8.36922 1
83.4451 -13.6511 -8.36922 86.7633 -14.8188 -8.39523 1
86.7633 -14.8188 -8.39523 87.3067 -15.4419 -8.65594 1
87.3067 -15.4419 -8.65594 87.3233 -15.4547 -8.66018 1
87.3233 -15.4547 -8.66018 87.3399 -15.4674 -8.66442 1
87.3399 -15.4674 -8.66442 89.8809 -17.4212 -9.31347 1
89.8809 -17.4212 -9.31347 90.627 -17.7917 -9.38343 1
90.627 -17.7917 -9.38343 90.6492 -17.7981 -9.3828 1
90.6492 -17.7981 -9.3828 90.6713 -17.8046 -9.38217 1
90.6713 -17.8046 -9.38217 94.0618 -18.7908 -9.2859 1
94.0618 -18.7908 -9.2859 93.5844 -19.7915 -9.97608 1
93.5844 -19.7915 -9.97608 93.6114 -19.7886 -9.96897 1
93.6114 -19.7886 -9.96897 93.6384 -19.7858 -9.96186 1
93.6384 -19.7858 -9.96186 93.6654 -19.783 -9.95474 1
93.6654 -19.783 -9.95474 97.7726 -19.3535 -8.87375 1
97.7726 -19.3535 -8.87375 98.0999 -19.5513 -8.92534 1
98.0999 -19.5513 -8.92534 98.1116 -19.5654 -8.93137 1
98.1116 -19.5654 -8.93137 98.1232 -19.5795 -8.93739 1
98.1232 -19.5795 -8.93739 99.9027 -21.7354 -9.85967 1
99.9027 -21.7354 -9.85967 100.728 -22.2418 -9.99436 1
100.728 -22.2418 -9.99436 100.757 -22.2487 -9.99255 1
100.757 -22.2487 -9.99255 100.787 -22.2556 -9.99073 1
100.787 -22.2556 -9.99073 100.816 -22.2624 -9.98892 1
100.816 -22.2624 -9.98892 105.273 -23.3076 -9.7132 1
105.273 -23.3076 -9.7132 105.283 -23.3154 -9.71583 1
105.283 -23.3154 -9.71583 106.829 -24.522 -10.1214 1
106.829 -24.522 -10.1214 106.846 -24.5165 -10.1146 1
106.846 -24.5165 -10.1146 106.863 -24.511 -10.1079 1
106.863 -24.511 -10.1079 109.513 -23.6693 -9.07514 1
109.513 -23.6693 -9.07514 110.093 -23.937 -9.11741 1
110.093 -23.937 -9.11741 110.121 -23.9434 -9.11568 1
110.121 -23.9434 -9.11568 110.149 -23.9499 -9.11395 1
110.149 -23.9499 -9.11395 110.177 -23.9564 -9.11222 1
110.177 -23.9564 -9.11222 114.39 -24.9408 -8.84938 1
114.39 -24.9408 -8.84938 114.883 -25.2414 -8.92867 1
114.883 -25.2414 -8.92867 114.907 -25.2461 -8.92665 1
114.907 -25.2461 -8.92665 114.931 -25.2508 -8.92462 1
114.931 -25.2508 -8.92462 118.595 -25.9696 -8.61458 1
118.595 -25.9696 -8.61458 118.674 -26.1055 -8.67931 1
118.674 -26.1055 -8.67931 118.721 -26.072 -8.74063 1
118.721 -26.072 -8.74063 118.768 -26.0386 -8.80196 1
118.768 -26.0386 -8.80196 118.815 -26.0051 -8.86328 1
118.815 -26.0051 -8.86328 118.862 -25.9717 -8.9246 1
118.862 -25.9717 -8.9246 118.909 -25.9382 -8.98593 1
118.909 -25.9382 -8.98593 118.956 -25.9048 -9.04725 1
118.956 -25.9048 -9.04725 119.002 -25.8713 -9.10857 1
119.002 -25.8713 -9.10857 119.049 -25.8379 -9.1699 1
119.049 -25.8379 -9.1699 119.096 -25.8044 -9.23122 1
119.096 -25.8044 -9.23122 119.143 -25.771 -9.29254 1
119.143 -25.771 -9.29254 125.941 -20.9209 -18.1844 1
125.941 -20.9209 -18.1844 125.941 -20.959 -18.1165 1
125.941 -20.959 -18.1165 125.941 -20.9971 -18.0486 1
125.941 -20.9971 -18.0486 125.94 -21.0352 -17.9807 1
125.94 -21.0352 -17.9807 125.94 -21.0732 -17.9127 1
125.94 -21.0732 -17.9127 125.939 -21.1113 -17.8448 1
125.939 -21.1113 -17.8448 125.939 -21.1494 -17.7769 1
125.939 -21.1494 -17.7769 125.939 -21.1875 -17.709 1
125.939 -21.1875 -17.709 125.938 -21.2256 -17.6411 1
125.938 -21.2256 -17.6411 125.938 -21.2637 -17.5732 1
125.938 -21.2637 -17.5732 125.88 -26.8248 -7.6572 1
125.88 -26.8248 -7.6572 126.042 -26.9197 -7.6811 1
126.042 -26.9197 -7.6811 126.066 -26.9221 -7.67754 1
126.066 -26.9221 -7.67754 126.091 -26.9244 -7.67399 1
126.091 -26.9244 -7.67399 129.86 -27.2854 -7.13025 1
129.86 -27.2854 -7.13025 130.468 -27.0547 -6.87102 1
130.468 -27.0547 -6.87102 130.468 -27.042 -6.86343 1
130.468 -27.042 -6.86343 130.483 -25.0784 -5.69449 1
130.483 -25.0784 -5.69449 130.505 -25.0902 -5.69707 1
130.505 -25.0902 -5.69707 130.527 -25.1019 -5.69965 1
130.527 -25.1019 -5.69965 133.879 -26.9021 -6.09447 1
133.879 -26.9021 -6.09447 135.159 -26.9141 -5.84428 1
135.159 -26.9141 -5.84428 136.26 -26.9841 -5.66435 1
14.6997 7.91899 -3.22601 14.7348 7.93767 -3.20785 2
14.7348 7.93767 -3.20785 16.8776 9.07703 -2.10037 2
16.8776 9.07703 -2.10037 16.9318 9.0976 -2.07726 2
16.9318 9.0976 -2.07726 16.9861 9.11817 -2.05414 2
16.9861 9.11817 -2.05414 20.2387 10.3523 -0.667223 2
20.2387 10.3523 -0.667223 20.3863 10.4083 -0.604268 2
20.3863 10.4083 -0.604268 20.4166 10.4303 -0.585101 2
20.4166 10.4303 -0.585101 22.2631 11.774 0.584068 2
22.2631 11.774 0.584068 22.2704 11.8007 0.601407 2
22.2704 11.8007 0.601407 22.7193 13.4299 1.65908 2
22.7193 13.4299 1.65908 22.7392 13.4057 1.64871 2
22.7392 13.4057 1.64871 23.9549 11.9281 1.01582 2
23.9549 11.9281 1.01582 24.0186 11.9814 1.06027 2
24.0186 11.9814 1.06027 24.0823 12.0346 1.10472 2
24.0823 12.0346 1.10472 24.146 12.0879 1.14918 2
24.146 12.0879 1.14918 24.2097 12.1412 1.19363 2
24.2097 12.1412 1.19363 27.9052 15.2317 3.77185 2
27.9052 15.2317 3.77185 27.9408 15.2398 3.78386 2
27.9408 15.2398 3.78386 30.1131 15.7377 4.51635 2
30.1131 15.7377 4.51635 30.0823 15.7658 4.52687 2
30.0823 15.7658 4.52687 28.2058 17.4822 5.16865 2
28.2058 17.4822 5.16865 28.2848 17.475 5.18026 2
28.2848 17.475 5.18026 28.3637 17.4679 5.19186 2
28.3637 17.4679 5.19186 28.4426 17.4607 5.20347 2
28.4426 17.4607 5.20347 33.0997 17.0367 5.88832 2
33.0997 17.0367 5.88832 33.1083 17.0664 5.90766 2
33.1083 17.0664 5.90766 33.6291 18.8765 7.08722 2
33.6291 18.8765 7.08722 33.6879 18.8643 7.0918 2
33.6879 18.8643 7.0918 33.7466 18.8522 7.09639 2
33.7466 18.8522 7.09639 37.2714 18.1219 7.37168 2
37.2714 18.1219 7.37168 38.3647 18.7026 7.93635 2
38.3647 18.7026 7.93635 38.2391 20.1378 8.76325 2
38.2391 20.1378 8.76325 38.2997 20.1423 8.77811 2
38.2997 20.1423 8.77811 38.3604 20.1467 8.79296 2
38.3604 20.1467 8.79296 42.0018 20.4142 9.68413 2
42.0018 20.4142 9.68413 42.2884 20.523 9.80634 2
42.2884 20.523 9.80634 42.3368 20.5387 9.82542 2
42.3368 20.5387 9.82542 42.3853 20.5544 9.8445 2
42.3853 20.5544 9.8445 45.2943 21.4976 10.9896 2
45.2943 21.4976 10.9896 45.3572 21.5029 11.0054 2
45.3572 21.5029 11.0054 45.4202 21.5083 11.0212 2
45.4202 21.5083 11.0212 45.4831 21.5136 11.037 2
45.4831 21.5136 11.037 49.196 21.8268 11.9697 2
49.196 21.8268 11.9697 50.0791 21.84 12.1551 2
50.0791 21.84 12.1551 50.1078 21.8401 12.161 2
50.1078 21.8401 12.161 51.8547 21.8503 12.5183 2
51.8547 21.8503 12.5183 52.5902 21.8074 12.6408 2
52.5902 21.8074 12.6408 52.6197 21.8211 12.6549 2
52.6197 21.8211 12.6549 54.4178 22.6569 13.5127 2
54.4178 22.6569 13.5127 54.7044 22.7656 13.6349 2
54.7044 22.7656 13.6349 54.7471 22.7713 13.6469 2
54.7471 22.7713 13.6469 57.3525 23.1167 14.376 2
57.3525 23.1167 14.376 58.4564 23.3697 14.7482 2
58.4564 23.3697 14.7482 58.4813 23.3764 14.7572 2
58.4813 23.3764 14.7572 59.9946 23.7875 15.3056 2
59.9946 23.7875 15.3056 61.0195 24.1763 15.7426 2
61.0195 24.1763 15.7426 61.0428 24.1905 15.7558 2
61.0428 24.1905 15.7558 62.4679 25.0576 16.5572 2
62.4679 25.0576 16.5572 63.3557 25.0627 16.7388 2
63.3557 25.0627 16.7388 63.3897 25.0783 16.7549 2
63.3897 25.0783 16.7549 65.4652 26.0289 17.7367 2
65.4652 26.0289 17.7367 66.6349 26.1508 18.0444 2
