5 0
15 50.8086
25 29.4807
35 38.0659
45 30.6421
55 46.1213
65 27.8133
75 26.2718
85 51.3069
95 190.595
105 132.334
115 85.5157
125 61.8478
135 30.7591
145 24.1848
155 79.0903
165 98.2297
175 91.1436
185 69.555
195 91.1694
205 86.7845
215 28.9465
225 15.6418
235 19.2696
245 9.68875
255 27.9926
265 0
275 0
285 0
295 0
305 0
315 0
325 0
335 0
345 0
355 0
365 0
375 0
385 0
395 0
405 0
415 0
425 0
435 0
445 0
455 0
465 0
475 0
485 0
495 0
505 0
515 0
525 0
535 0
545 0
555 0
565 0
575 0
585 0
595 0
605 0
615 0
625 0
635 0
645 0
655 0
665 0
675 0
685 0
695 0
705 0
715 0
725 0
735 0
745 0
755 0
765 0
775 0
785 0
795 0
805 0
815 0
825 0
835 0
845 0
855 0
865 0
875 0
885 0
895 0
905 0
915 0
925 0
935 0
945 0
955 0
965 0
975 0
985 0
995 0
