-138.775 -3.84351 12.5939 -138.551 -3.84935 12.6028 0
-138.551 -3.84935 12.6028 -138.328 -3.85519 12.6116 0
-138.328 -3.85519 12.6116 -138.104 -3.86103 12.6204 0
-138.104 -3.86103 12.6204 -137.88 -3.86687 12.6293 0
-137.88 -3.86687 12.6293 -137.657 -3.87272 12.6381 0
-137.657 -3.87272 12.6381 -137.433 -3.87856 12.647 0
-137.433 -3.87856 12.647 -137.21 -3.8844 12.6558 0
-137.21 -3.8844 12.6558 -136.986 -3.89024 12.6646 0
-136.986 -3.89024 12.6646 -136.763 -3.89609 12.6735 0
-136.763 -3.89609 12.6735 -136.539 -3.90193 12.6823 0
-136.539 -3.90193 12.6823 -136.315 -3.90777 12.6912 0
-136.315 -3.90777 12.6912 -136.092 -3.91361 12.7 0
-136.092 -3.91361 12.7 -135.868 -3.91945 12.7088 0
-135.868 -3.91945 12.7088 -135.645 -3.9253 12.7177 0
-135.645 -3.9253 12.7177 -135.421 -3.93114 12.7265 0
-135.421 -3.93114 12.7265 -135.198 -3.93698 12.7353 0
-135.198 -3.93698 12.7353 -134.974 -3.94282 12.7442 0
-134.974 -3.94282 12.7442 -134.751 -3.94867 12.753 0
-134.751 -3.94867 12.753 -134.527 -3.95451 12.7619 0
-134.527 -3.95451 12.7619 -134.303 -3.96035 12.7707 0
-134.303 -3.96035 12.7707 -117.089 -4.4102 13.4513 0
-117.089 -4.4102 13.4513 -117.055 -4.41445 13.449 0
-117.055 -4.41445 13.449 -117.021 -4.41869 13.4467 0
-117.021 -4.41869 13.4467 -113.776 -4.82203 13.2285 0
-113.776 -4.82203 13.2285 -113.748 -4.77192 13.0744 0
-113.748 -4.77192 13.0744 -113.72 -4.72181 12.9202 0
-113.72 -4.72181 12.9202 -113.693 -4.67169 12.7661 0
-113.693 -4.67169 12.7661 -113.665 -4.62158 12.612 0
-113.665 -4.62158 12.612 -113.637 -4.57147 12.4578 0
-113.637 -4.57147 12.4578 -113.61 -4.52136 12.3037 0
-113.61 -4.52136 12.3037 -113.582 -4.47125 12.1496 0
-113.582 -4.47125 12.1496 -113.554 -4.42114 11.9955 0
-113.554 -4.42114 11.9955 -113.527 -4.37102 11.8413 0
-113.527 -4.37102 11.8413 -113.499 -4.32091 11.6872 0
-113.499 -4.32091 11.6872 -113.471 -4.2708 11.5331 0
-113.471 -4.2708 11.5331 -113.444 -4.22069 11.379 0
-113.444 -4.22069 11.379 -113.416 -4.17058 11.2248 0
-113.416 -4.17058 11.2248 -113.388 -4.12047 11.0707 0
-113.388 -4.12047 11.0707 -113.361 -4.07035 10.9166 0
-113.361 -4.07035 10.9166 -111.092 0.0388053 -1.7218 0
-111.092 0.0388053 -1.7218 -111.068 0.0625787 -1.72184 0
-111.068 0.0625787 -1.72184 -111.044 0.0863521 -1.72189 0
-111.044 0.0863521 -1.72189 -108.78 2.34483 -1.7259 0
-108.78 2.34483 -1.7259 -108.801 2.37861 -2.1038 0
-108.801 2.37861 -2.1038 -108.786 2.39724 -2.13986 0
-108.786 2.39724 -2.13986 -108.772 2.41587 -2.17591 0
-108.772 2.41587 -2.17591 -108.757 2.4345 -2.21197 0
-108.757 2.4345 -2.21197 -107.39 4.18572 -5.60123 0
-107.39 4.18572 -5.60123 -107.402 4.20528 -5.82002 0
-107.402 4.20528 -5.82002 -107.418 4.21372 -5.82707 0
-107.418 4.21372 -5.82707 -108.954 5.02484 -6.50431 0
-108.954 5.02484 -6.50431 -108.919 5.05445 -6.50674 0
-108.919 5.05445 -6.50674 -108.884 5.08406 -6.50917 0
-108.884 5.08406 -6.50917 -108.849 5.11367 -6.5116 0
-108.849 5.11367 -6.5116 -105.554 7.89702 -6.74005 0
-105.554 7.89702 -6.74005 -105.532 7.91732 -6.74344 0
-105.532 7.91732 -6.74344 -105.509 7.93762 -6.74683 0
-105.509 7.93762 -6.74683 -103.366 9.86593 -7.06901 0
-103.366 9.86593 -7.06901 -103.253 9.98382 -8.05022 0
-103.253 9.98382 -8.05022 -103.242 10.0009 -8.07609 0
-103.242 10.0009 -8.07609 -103.23 10.018 -8.10196 0
-103.23 10.018 -8.10196 -102.122 11.6423 -10.5598 0
-102.122 11.6423 -10.5598 -102.147 11.6823 -11.0073 0
-102.147 11.6823 -11.0073 -102.132 11.7107 -11.0339 0
-102.132 11.7107 -11.0339 -102.117 11.739 -11.0605 0
-102.117 11.739 -11.0605 -102.102 11.7674 -11.0871 0
-102.102 11.7674 -11.0871 -100.701 14.4356 -13.5875 0
-100.701 14.4356 -13.5875 -100.747 14.5094 -14.4129 0
-100.747 14.5094 -14.4129 -100.741 14.5332 -14.3742 0
-100.741 14.5332 -14.3742 -100.735 14.5569 -14.3356 0
-100.735 14.5569 -14.3356 -100.729 14.5807 -14.2969 0
-100.729 14.5807 -14.2969 -100.168 16.8132 -10.6597 0
-100.168 16.8132 -10.6597 -99.8735 17.0394 -10.656 0
-99.8735 17.0394 -10.656 -99.8478 17.0724 -10.6545 0
-99.8478 17.0724 -10.6545 -99.822 17.1053 -10.653 0
-99.822 17.1053 -10.653 -99.7962 17.1382 -10.6515 0
-99.7962 17.1382 -10.6515 -97.3726 20.2324 -10.511 0
-97.3726 20.2324 -10.511 -97.2638 20.5864 -10.4854 0
-97.2638 20.5864 -10.4854 -97.255 20.6057 -10.4842 0
-97.255 20.6057 -10.4842 -96.4124 22.4535 -10.3663 0
-96.4124 22.4535 -10.3663 -96.2736 22.641 -10.3574 0
-96.2736 22.641 -10.3574 -96.2638 22.6551 -10.3566 0
-96.2638 22.6551 -10.3566 -95.3223 24.0103 -10.2883 0
-95.3223 24.0103 -10.2883 -95.3046 23.9996 -10.2903 0
-95.3046 23.9996 -10.2903 -93.6018 22.9712 -10.4778 0
-93.6018 22.9712 -10.4778 -93.6216 23.0002 -10.5283 0
-93.6216 23.0002 -10.5283 -93.6413 23.0293 -10.5788 0
-93.6413 23.0293 -10.5788 -93.661 23.0583 -10.6293 0
-93.661 23.0583 -10.6293 -93.6808 23.0873 -10.6799 0
-93.6808 23.0873 -10.6799 -93.7005 23.1164 -10.7304 0
-93.7005 23.1164 -10.7304 -95.5159 25.7887 -15.3776 0
-95.5159 25.7887 -15.3776 -95.518 25.792 -15.4149 0
-95.518 25.792 -15.4149 -95.5201 25.7954 -15.4522 0
-95.5201 25.7954 -15.4522 -95.5222 25.7987 -15.4895 0
-95.5222 25.7987 -15.4895 -95.7191 26.1123 -18.9974 0
-95.7191 26.1123 -18.9974 -95.6949 26.1398 -19.0167 0
-95.6949 26.1398 -19.0167 -95.6708 26.1673 -19.0359 0
-95.6708 26.1673 -19.0359 -95.6466 26.1949 -19.0551 0
-95.6466 26.1949 -19.0551 -93.3746 28.7827 -20.8612 0
-93.3746 28.7827 -20.8612 -93.3728 28.8024 -20.8596 0
-93.3728 28.8024 -20.8596 -93.2 30.687 -20.7008 0
-93.2 30.687 -20.7008 -93.0728 30.8825 -20.6904 0
-93.0728 30.8825 -20.6904 -93.3501 31.5196 -20.6179 0
-113.776 -4.82203 13.2285 -113.732 -4.80913 13.1615 1
-113.732 -4.80913 13.1615 -113.688 -4.79623 13.0946 1
-113.688 -4.79623 13.0946 -113.643 -4.78334 13.0277 1
-113.643 -4.78334 13.0277 -113.599 -4.77044 12.9607 1
-113.599 -4.77044 12.9607 -113.555 -4.75754 12.8938 1
-113.555 -4.75754 12.8938 -113.511 -4.74464 12.8269 1
-113.511 -4.74464 12.8269 -113.467 -4.73175 12.7599 1
-113.467 -4.73175 12.7599 -109.318 -3.51936 6.4681 1
-109.318 -3.51936 6.4681 -109.328 -3.53807 6.467 1
-109.328 -3.53807 6.467 -110.348 -5.4092 6.35698 1
-110.348 -5.4092 6.35698 -110.313 -5.39608 6.3562 1
-110.313 -5.39608 6.3562 -110.278 -5.38295 6.35542 1
-110.278 -5.38295 6.35542 -110.244 -5.36982 6.35463 1
-110.244 -5.36982 6.35463 -106.83 -4.08323 6.27806 1
-106.83 -4.08323 6.27806 -106.125 -5.13956 6.06361 1
-106.125 -5.13956 6.06361 -106.096 -5.12379 6.0604 1
-106.096 -5.12379 6.0604 -106.067 -5.10801 6.05719 1
-106.067 -5.10801 6.05719 -103.186 -3.54622 5.73936 1
-103.186 -3.54622 5.73936 -103.04 -2.49724 5.82494 1
-103.04 -2.49724 5.82494 -103.011 -2.50386 5.82277 1
-103.011 -2.50386 5.82277 -102.983 -2.51048 5.82059 1
-102.983 -2.51048 5.82059 -100.188 -3.16608 5.60508 1
-100.188 -3.16608 5.60508 -100.021 -3.13531 5.59845 1
-100.021 -3.13531 5.59845 -99.9808 -3.13127 5.59657 1
-99.9808 -3.13127 5.59657 -99.9409 -3.12723 5.59469 1
-99.9409 -3.12723 5.59469 -99.901 -3.12319 5.59282 1
-99.901 -3.12319 5.59282 -95.9923 -2.72725 5.40881 1
-95.9923 -2.72725 5.40881 -95.9546 -2.73043 5.40641 1
-95.9546 -2.73043 5.40641 -95.9169 -2.73361 5.40401 1
-95.9169 -2.73361 5.40401 -95.8793 -2.73679 5.40161 1
-95.8793 -2.73679 5.40161 -92.1878 -3.04857 5.16653 1
-92.1878 -3.04857 5.16653 -91.6866 -2.95625 5.14665 1
-91.6866 -2.95625 5.14665 -90.3998 -2.54719 5.11099 1
-90.3998 -2.54719 5.11099 -90.3784 -2.5291 5.11818 1
-90.3784 -2.5291 5.11818 -90.3571 -2.51101 5.12537 1
-90.3571 -2.51101 5.12537 -88.2449 -0.720008 5.83716 1
-88.2449 -0.720008 5.83716 -88.2431 -0.716034 5.8178 1
-88.2431 -0.716034 5.8178 -88.0606 -0.318634 3.88175 1
-88.0606 -0.318634 3.88175 -88.0387 -0.288327 3.80477 1
-88.0387 -0.288327 3.80477 -88.0168 -0.25802 3.7278 1
-88.0168 -0.25802 3.7278 -87.9949 -0.227714 3.65083 1
-87.9949 -0.227714 3.65083 -87.973 -0.197407 3.57385 1
-87.973 -0.197407 3.57385 -87.9512 -0.1671 3.49688 1
-87.9512 -0.1671 3.49688 -87.9293 -0.136793 3.41991 1
-87.9293 -0.136793 3.41991 -87.9074 -0.106487 3.34294 1
-87.9074 -0.106487 3.34294 -87.8855 -0.0761798 3.26596 1
-87.8855 -0.0761798 3.26596 -85.8495 2.74235 -3.89251 1
-85.8495 2.74235 -3.89251 -85.613 3.17242 -4.40028 1
-85.613 3.17242 -4.40028 -85.3413 4.57278 -4.12947 1
-85.3413 4.57278 -4.12947 -85.2737 4.46521 -2.92615 1
-85.2737 4.46521 -2.92615 -85.2635 4.51127 -2.92569 1
-85.2635 4.51127 -2.92569 -85.2534 4.55733 -2.92523 1
-85.2534 4.55733 -2.92523 -85.2432 4.6034 -2.92477 1
-85.2432 4.6034 -2.92477 -85.233 4.64946 -2.92431 1
-85.233 4.64946 -2.92431 -84.2463 9.11765 -2.87964 1
-84.2463 9.11765 -2.87964 -84.3054 9.21188 -3.93379 1
-84.3054 9.21188 -3.93379 -84.2983 9.25989 -3.95847 1
-84.2983 9.25989 -3.95847 -84.2912 9.30791 -3.98315 1
-84.2912 9.30791 -3.98315 -84.2841 9.35592 -4.00783 1
-84.2841 9.35592 -4.00783 -84.277 9.40393 -4.03251 1
-84.277 9.40393 -4.03251 -83.588 14.0611 -6.42651 1
-83.588 14.0611 -6.42651 -83.6419 14.2587 -6.86838 1
-83.6419 14.2587 -6.86838 -83.6255 14.2966 -6.87716 1
-83.6255 14.2966 -6.87716 -83.6092 14.3345 -6.88594 1
-83.6092 14.3345 -6.88594 -83.5928 14.3724 -6.89472 1
-83.5928 14.3724 -6.89472 -81.9906 18.0853 -7.75527 1
-81.9906 18.0853 -7.75527 -82.1301 18.7754 -8.06787 1
-82.1301 18.7754 -8.06787 -82.1279 18.7987 -8.07576 1
-82.1279 18.7987 -8.07576 -81.9135 21.1296 -8.86506 1
-81.9135 21.1296 -8.86506 -81.9564 21.3166 -9.07722 1
-81.9564 21.3166 -9.07722 -81.9565 21.3446 -9.11912 1
-81.9565 21.3446 -9.11912 -81.9565 21.3726 -9.16101 1
-81.9565 21.3726 -9.16101 -81.9566 21.4006 -9.20291 1
-81.9566 21.4006 -9.20291 -81.9567 21.4287 -9.2448 1
-81.9567 21.4287 -9.2448 -81.9636 24.1459 -13.3087 1
-81.9636 24.1459 -13.3087 -81.9645 24.1473 -13.3244 1
-81.9645 24.1473 -13.3244 -82.0529 24.2881 -14.8998 1
-82.0529 24.2881 -14.8998 -82.0482 24.3098 -14.9381 1
-82.0482 24.3098 -14.9381 -82.0435 24.3314 -14.9763 1
-82.0435 24.3314 -14.9763 -82.0389 24.353 -15.0146 1
-82.0389 24.353 -15.0146 -81.5808 26.4729 -18.7633 1
-81.5808 26.4729 -18.7633 -81.6065 26.5138 -19.2208 1
-81.6065 26.5138 -19.2208 -81.5716 26.5448 -19.2637 1
-81.5716 26.5448 -19.2637 -81.5367 26.5758 -19.3066 1
-81.5367 26.5758 -19.3066 -81.5017 26.6068 -19.3495 1
-81.5017 26.6068 -19.3495 -81.4668 26.6377 -19.3924 1
-81.4668 26.6377 -19.3924 -81.4319 26.6687 -19.4352 1
-81.4319 26.6687 -19.4352 -78.0808 29.6428 -23.5533 1
-78.0808 29.6428 -23.5533 -78.2039 30.0763 -24.644 1
-78.2039 30.0763 -24.644 -78.2112 30.0945 -24.7038 1
-78.2112 30.0945 -24.7038 -78.2185 30.1127 -24.7637 1
-78.2185 30.1127 -24.7637 -78.2259 30.1308 -24.8236 1
-78.2259 30.1308 -24.8236 -78.2332 30.149 -24.8835 1
-78.2332 30.149 -24.8835 -78.2406 30.1672 -24.9434 1
-78.2406 30.1672 -24.9434 -78.9449 31.9128 -30.6927 1
-78.9449 31.9128 -30.6927 -79.0133 32.2591 -30.8088 1
-79.0133 32.2591 -30.8088 -79.0141 32.2784 -30.8666 1
-79.0141 32.2784 -30.8666 -79.0149 32.2976 -30.9243 1
-79.0149 32.2976 -30.9243 -79.0157 32.3169 -30.9821 1
-79.0157 32.3169 -30.9821 -79.0165 32.3361 -31.0399 1
-79.0165 32.3361 -31.0399 -79.0173 32.3554 -31.0976 1
-79.0173 32.3554 -31.0976 -79.0941 34.2035 -36.6437 1
-85.613 3.17242 -4.40028 -85.5491 3.2073 -4.29728 2
-85.5491 3.2073 -4.29728 -85.4851 3.24217 -4.19428 2
-85.4851 3.24217 -4.19428 -85.4211 3.27704 -4.09128 2
-85.4211 3.27704 -4.09128 -85.3572 3.31192 -3.98828 2
-85.3572 3.31192 -3.98828 -85.2932 3.34679 -3.88527 2
-85.2932 3.34679 -3.88527 -83.63 4.25351 -1.20723 2
-83.63 4.25351 -1.20723 -83.5252 4.49523 -1.80489 2
-83.5252 4.49523 -1.80489 -83.4951 4.53287 -1.84733 2
-83.4951 4.53287 -1.84733 -83.465 4.57052 -1.88977 2
-83.465 4.57052 -1.88977 -82.5916 5.66226 -3.12053 2
-82.5916 5.66226 -3.12053 -82.6005 5.67648 -3.27964 2
-82.6005 5.67648 -3.27964 -82.5304 5.70275 -3.19494 2
-82.5304 5.70275 -3.19494 -82.4604 5.72902 -3.11025 2
-82.4604 5.72902 -3.11025 -82.3903 5.75529 -3.02555 2
-82.3903 5.75529 -3.02555 -82.3202 5.78156 -2.94085 2
-82.3202 5.78156 -2.94085 -80.428 6.49085 -0.65401 2
-80.428 6.49085 -0.65401 -80.3817 6.41706 0.171405 2
-80.3817 6.41706 0.171405 -80.3825 6.44114 0.262158 2
-80.3825 6.44114 0.262158 -80.3834 6.46522 0.352912 2
-80.3834 6.46522 0.352912 -80.3842 6.48931 0.443665 2
-80.3842 6.48931 0.443665 -80.4076 7.16361 2.98476 2
-80.4076 7.16361 2.98476 -79.9211 7.38062 3.42936 2
-79.9211 7.38062 3.42936 -79.8956 7.42337 3.43661 2
-79.8956 7.42337 3.43661 -79.1286 8.70586 3.65417 2
-79.1286 8.70586 3.65417 -79.1952 9.04242 3.53716 2
-79.1952 9.04242 3.53716 -79.1898 9.11324 3.4475 2
-79.1898 9.11324 3.4475 -79.1844 9.18406 3.35784 2
-79.1844 9.18406 3.35784 -79.179 9.25489 3.26818 2
-79.179 9.25489 3.26818 -79.1736 9.32571 3.17852 2
-79.1736 9.32571 3.17852 -79.0281 11.2379 0.757659 2
-90.3998 -2.54719 5.11099 -90.3677 -2.55084 5.10886 2
-90.3677 -2.55084 5.10886 -90.3356 -2.55448 5.10674 2
-90.3356 -2.55448 5.10674 -90.3035 -2.55812 5.10461 2
-90.3035 -2.55812 5.10461 -86.3883 -3.00244 4.84513 2
-86.3883 -3.00244 4.84513 -86.3601 -2.99999 4.84376 2
-86.3601 -2.99999 4.84376 -86.3319 -2.99755 4.8424 2
-86.3319 -2.99755 4.8424 -82.8594 -2.69649 4.67439 2
-82.8594 -2.69649 4.67439 -82.7021 -2.66753 4.66816 2
-82.7021 -2.66753 4.66816 -82.6965 -2.69097 4.66511 2
-82.6965 -2.69097 4.66511 -82.691 -2.71441 4.66205 2
-82.691 -2.71441 4.66205 -82.0046 -5.59739 4.28665 2
-82.0046 -5.59739 4.28665 -81.9674 -5.57693 4.28639 2
-81.9674 -5.57693 4.28639 -81.9301 -5.55647 4.28612 2
-81.9301 -5.55647 4.28612 -81.8929 -5.53601 4.28586 2
-81.8929 -5.53601 4.28586 -81.8556 -5.51555 4.2856 2
-81.8556 -5.51555 4.2856 -77.3483 -3.03962 4.25394 2
-77.3483 -3.03962 4.25394 -77.3408 -3.0205 4.25522 2
-77.3408 -3.0205 4.25522 -76.4083 -0.65025 4.41477 2
-76.4083 -0.65025 4.41477 -76.4254 -0.696224 4.45916 2
-76.4254 -0.696224 4.45916 -76.4426 -0.742199 4.50355 2
-76.4426 -0.742199 4.50355 -76.4597 -0.788174 4.54795 2
-76.4597 -0.788174 4.54795 -76.4768 -0.834148 4.59234 2
-76.4768 -0.834148 4.59234 -76.4939 -0.880123 4.63674 2
-76.4939 -0.880123 4.63674 -76.5111 -0.926097 4.68113 2
-76.5111 -0.926097 4.68113 -78.5488 -6.39708 9.96402 2
-78.5488 -6.39708 9.96402 -78.5107 -6.3737 9.96397 2
-78.5107 -6.3737 9.96397 -78.4726 -6.35033 9.96392 2
-78.4726 -6.35033 9.96392 -78.4345 -6.32696 9.96387 2
-78.4345 -6.32696 9.96387 -78.3964 -6.30359 9.96382 2
-78.3964 -6.30359 9.96382 -73.7855 -3.47551 9.95782 2
-73.7855 -3.47551 9.95782 -73.7813 -3.49044 9.95447 2
-73.7813 -3.49044 9.95447 -73.2651 -5.34121 9.5396 2
-73.2651 -5.34121 9.5396 -73.2549 -5.35982 9.53736 2
-73.2549 -5.35982 9.53736 -71.993 -7.66718 9.26026 2
-71.993 -7.66718 9.26026 -71.9769 -7.68058 9.25816 2
-71.9769 -7.68058 9.25816 -69.9854 -9.34158 8.99789 2
-69.9854 -9.34158 8.99789 -69.7901 -9.46752 8.97567 2
-69.7901 -9.46752 8.97567 -69.7725 -9.48201 8.97339 2
-69.7725 -9.48201 8.97339 -67.5854 -11.2777 8.69011 2
-67.5854 -11.2777 8.69011 -67.5638 -11.3146 8.68559 2
-67.5638 -11.3146 8.68559 -67.5421 -11.3514 8.68108 2
-67.5421 -11.3514 8.68108 -67.5204 -11.3883 8.67656 2
-67.5204 -11.3883 8.67656 -67.4987 -11.4252 8.67205 2
-67.4987 -11.4252 8.67205 -64.8759 -15.889 8.12579 2
-64.8759 -15.889 8.12579 -64.6699 -15.1731 8.17823 2
-64.6699 -15.1731 8.17823 -64.6767 -15.1879 8.17728 2
-64.6767 -15.1879 8.17728 -65.523 -17.0303 8.06009 2
-65.523 -17.0303 8.06009 -64.5403 -16.8493 8.02111 2
-64.5403 -16.8493 8.02111 -64.5295 -16.8637 8.01922 2
-64.5295 -16.8637 8.01922 -63.1912 -18.645 7.78486 2
-63.1912 -18.645 7.78486 -63.0241 -18.6142 7.77823 2
-63.0241 -18.6142 7.77823 -61.8815 -19.264 7.65601 2
-61.8815 -19.264 7.65601 -61.9115 -19.0974 7.67258 2
-61.9115 -19.0974 7.67258 -61.2644 -17.9561 7.73828 2
-61.2644 -17.9561 7.73828 -61.2769 -17.9775 7.73708 2
-61.2769 -17.9775 7.73708 -61.2895 -17.9988 7.73588 2
-61.2895 -17.9988 7.73588 -62.8346 -20.6235 7.58797 2
-62.8346 -20.6235 7.58797 -62.8121 -20.6132 7.51146 2
-62.8121 -20.6132 7.51146 -62.7897 -20.603 7.43495 2
-62.7897 -20.603 7.43495 -62.7673 -20.5927 7.35843 2
-62.7673 -20.5927 7.35843 -62.7449 -20.5824 7.28192 2
-62.7449 -20.5824 7.28192 -62.7224 -20.5722 7.2054 2
-62.7224 -20.5722 7.2054 -62.7 -20.5619 7.12889 2
-62.7 -20.5619 7.12889 -62.6776 -20.5516 7.05238 2
-62.6776 -20.5516 7.05238 -62.6552 -20.5414 6.97586 2
-62.6552 -20.5414 6.97586 -60.0312 -19.34 -1.97625 2
-60.0312 -19.34 -1.97625 -60.015 -19.3466 -1.97775 2
-60.015 -19.3466 -1.97775 -58.0049 -20.1609 -2.16338 2
-58.0049 -20.1609 -2.16338 -58.0031 -20.1817 -2.21408 2
-58.0031 -20.1817 -2.21408 -58.0013 -20.2024 -2.26479 2
-58.0013 -20.2024 -2.26479 -57.9994 -20.2232 -2.3155 2
-57.9994 -20.2232 -2.3155 -57.9976 -20.244 -2.3662 2
-57.9976 -20.244 -2.3662 -57.9958 -20.2647 -2.41691 2
-57.9958 -20.2647 -2.41691 -57.7782 -22.7564 -8.50179 2
-57.7782 -22.7564 -8.50179 -57.7654 -22.7745 -8.50412 2
-57.7654 -22.7745 -8.50412 -56.1737 -25.0111 -8.7934 2
-56.1737 -25.0111 -8.7934 -57.1945 -25.0372 -8.73844 2
-57.1945 -25.0372 -8.73844 -57.1793 -25.0384 -8.7394 2
-57.1793 -25.0384 -8.7394 -55.2882 -25.192 -8.85928 2
-55.2882 -25.192 -8.85928 -55.2884 -25.1757 -8.85781 2
-55.2884 -25.1757 -8.85781 -55.3107 -23.152 -8.67565 2
-55.3107 -23.152 -8.67565 -55.3005 -23.1778 -8.67491 2
-55.3005 -23.1778 -8.67491 -55.2903 -23.2035 -8.67417 2
-55.2903 -23.2035 -8.67417 -54.0322 -26.3715 -8.58272 2
-54.0322 -26.3715 -8.58272 -54.0121 -26.3669 -8.60597 2
-54.0121 -26.3669 -8.60597 -53.992 -26.3624 -8.62921 2
-53.992 -26.3624 -8.62921 -51.515 -25.8022 -11.4887 2
-51.515 -25.8022 -11.4887 -51.5658 -25.7213 -12.3936 2
-51.5658 -25.7213 -12.3936 -51.5519 -25.7407 -12.4077 2
-51.5519 -25.7407 -12.4077 -51.538 -25.7601 -12.4219 2
-51.538 -25.7601 -12.4219 -49.8245 -28.1519 -14.1567 2
-49.8245 -28.1519 -14.1567 -49.2561 -27.5311 -14.1331 2
-49.2561 -27.5311 -14.1331 -49.2473 -27.5418 -14.1345 2
-49.2473 -27.5418 -14.1345 -48.1623 -28.8679 -14.314 2
-48.1623 -28.8679 -14.314 -47.6073 -29.0916 -14.4456 2
-47.6073 -29.0916 -14.4456 -47.5947 -29.0944 -14.4508 2
-47.5947 -29.0944 -14.4508 -46.0329 -29.4372 -15.0978 2
-46.0329 -29.4372 -15.0978 -45.3184 -29.6428 -15.2267 2
-45.3184 -29.6428 -15.2267 -45.2965 -29.6509 -15.2286 2
-45.2965 -29.6509 -15.2286 -45.2745 -29.6591 -15.2306 2
-45.2745 -29.6591 -15.2306 -42.5754 -30.6656 -15.4721 2
-42.5754 -30.6656 -15.4721 -42.5767 -30.6508 -15.4707 2
-42.5767 -30.6508 -15.4707 -42.735 -28.8228 -15.2984 2
-42.735 -28.8228 -15.2984 -42.7203 -28.8513 -15.3036 2
-42.7203 -28.8513 -15.3036 -42.7057 -28.8797 -15.3088 2
-42.7057 -28.8797 -15.3088 -42.691 -28.9082 -15.314 2
-42.691 -28.9082 -15.314 -40.905 -32.3793 -15.9503 2
-40.905 -32.3793 -15.9503 -40.9055 -32.3616 -15.9492 2
-40.9055 -32.3616 -15.9492 -40.9712 -30.1683 -15.8193 2
-40.9712 -30.1683 -15.8193 -40.9628 -30.1995 -15.8226 2
-40.9628 -30.1995 -15.8226 -40.9545 -30.2306 -15.8258 2
-40.9545 -30.2306 -15.8258 -40.9461 -30.2618 -15.8291 2
-40.9461 -30.2618 -15.8291 -39.9239 -34.0638 -16.2263 2
-39.9239 -34.0638 -16.2263 -39.909 -34.0674 -16.2769 2
-39.909 -34.0674 -16.2769 -39.8941 -34.071 -16.3274 2
-39.8941 -34.071 -16.3274 -39.8793 -34.0747 -16.378 2
-39.8793 -34.0747 -16.378 -39.8644 -34.0783 -16.4285 2
-39.8644 -34.0783 -16.4285 -39.8495 -34.082 -16.4791 2
-39.8495 -34.082 -16.4791 -38.0656 -34.5191 -22.5455 2
-38.0656 -34.5191 -22.5455 -38.0616 -34.5359 -22.4527 2
-38.0616 -34.5359 -22.4527 -38.0576 -34.5527 -22.36 2
-38.0576 -34.5527 -22.36 -38.0536 -34.5694 -22.2673 2
-38.0536 -34.5694 -22.2673 -38.0496 -34.5862 -22.1746 2
-38.0496 -34.5862 -22.1746 -38.0456 -34.6029 -22.0819 2
-38.0456 -34.6029 -22.0819 -38.0416 -34.6197 -21.9891 2
-38.0416 -34.6197 -21.9891 -38.0376 -34.6364 -21.8964 2
-38.0376 -34.6364 -21.8964 -38.0336 -34.6532 -21.8037 2
-38.0336 -34.6532 -21.8037 -38.0296 -34.67 -21.711 2
-38.0296 -34.67 -21.711 -37.5661 -36.6136 -10.9555 2
-37.5661 -36.6136 -10.9555 -37.554 -36.6282 -10.9252 2
-37.554 -36.6282 -10.9252 -37.5419 -36.6427 -10.8948 2
-37.5419 -36.6427 -10.8948 -37.5298 -36.6573 -10.8644 2
-37.5298 -36.6573 -10.8644 -36.0525 -38.4337 -7.16084 2
-36.0525 -38.4337 -7.16084 -35.8555 -38.5694 -7.18403 2
-35.8555 -38.5694 -7.18403 -35.3731 -39.3306 -7.27916 2
-73.7855 -3.47551 9.95782 -73.768 -3.475 9.95875 3
-73.768 -3.475 9.95875 -73.7506 -3.47448 9.95968 3
-73.7506 -3.47448 9.95968 -73.7331 -3.47397 9.96061 3
-73.7331 -3.47397 9.96061 -73.7156 -3.47345 9.96154 3
-73.7156 -3.47345 9.96154 -70.2053 -3.36985 10.1484 3
-70.2053 -3.36985 10.1484 -70.1916 -3.37647 10.1471 3
-70.1916 -3.37647 10.1471 -70.1779 -3.38308 10.1457 3
-70.1779 -3.38308 10.1457 -70.1643 -3.3897 10.1443 3
-70.1643 -3.3897 10.1443 -70.1506 -3.39631 10.143 3
-70.1506 -3.39631 10.143 -67.4023 -4.7257 9.86987 3
-67.4023 -4.7257 9.86987 -67.078 -4.66597 9.85701 3
-67.078 -4.66597 9.85701 -67.0669 -4.66723 9.85627 3
-67.0669 -4.66723 9.85627 -67.0558 -4.6685 9.85554 3
-67.0558 -4.6685 9.85554 -64.8076 -4.92579 9.70634 3
-64.8076 -4.92579 9.70634 -64.7839 -4.91973 9.6799 3
-64.7839 -4.91973 9.6799 -64.7602 -4.91368 9.65345 3
-64.7602 -4.91368 9.65345 -64.7365 -4.90762 9.62701 3
-64.7365 -4.90762 9.62701 -64.7128 -4.90157 9.60057 3
-64.7128 -4.90157 9.60057 -64.6891 -4.89551 9.57413 3
-64.6891 -4.89551 9.57413 -64.6654 -4.88945 9.54768 3
-64.6654 -4.88945 9.54768 -64.6417 -4.8834 9.52124 3
-64.6417 -4.8834 9.52124 -64.618 -4.87734 9.4948 3
-64.618 -4.87734 9.4948 -64.5943 -4.87128 9.46835 3
-64.5943 -4.87128 9.46835 -64.5706 -4.86523 9.44191 3
-64.5706 -4.86523 9.44191 -59.9496 -3.68429 4.28558 3
-59.9496 -3.68429 4.28558 -59.9529 -3.67494 4.28661 3
-59.9529 -3.67494 4.28661 -59.9563 -3.66559 4.28763 3
-59.9563 -3.66559 4.28763 -60.6403 -1.76733 4.49572 3
-60.6403 -1.76733 4.49572 -60.6191 -1.77423 4.49391 3
-60.6191 -1.77423 4.49391 -60.5978 -1.78112 4.4921 3
-60.5978 -1.78112 4.4921 -60.5766 -1.78802 4.49029 3
-60.5766 -1.78802 4.49029 -60.5553 -1.79492 4.48848 3
-60.5553 -1.79492 4.48848 -60.5341 -1.80181 4.48667 3
-60.5341 -1.80181 4.48667 -60.5128 -1.80871 4.48486 3
-60.5128 -1.80871 4.48486 -56.2835 -3.18106 4.12479 3
-56.2835 -3.18106 4.12479 -55.9292 -3.28783 4.09536 3
-55.9292 -3.28783 4.09536 -55.9189 -3.28509 4.09502 3
-55.9189 -3.28509 4.09502 -55.9085 -3.28234 4.09469 3
-55.9085 -3.28234 4.09469 -53.8071 -2.72491 4.02656 3
-53.8071 -2.72491 4.02656 -53.8015 -2.72803 4.02597 3
-53.8015 -2.72803 4.02597 -52.6663 -3.36484 3.90532 3
-52.6663 -3.36484 3.90532 -52.6583 -3.35838 3.90545 3
-52.6583 -3.35838 3.90545 -52.6504 -3.35193 3.90558 3
-52.6504 -3.35193 3.90558 -51.0364 -2.04253 3.93204 3
-51.0364 -2.04253 3.93204 -50.1509 -2.22349 3.86616 3
-50.1509 -2.22349 3.86616 -50.1389 -2.22045 3.86576 3
-50.1389 -2.22045 3.86576 -50.1269 -2.2174 3.86536 3
-50.1269 -2.2174 3.86536 -50.115 -2.21436 3.86496 3
-50.115 -2.21436 3.86496 -47.6947 -1.59903 3.78411 3
-47.6947 -1.59903 3.78411 -47.6874 -1.59675 3.78283 3
-47.6874 -1.59675 3.78283 -46.2039 -1.13059 3.52109 3
-46.2039 -1.13059 3.52109 -46.0669 -0.933311 3.53103 3
-46.0669 -0.933311 3.53103 -46.0541 -0.93373 3.55848 3
-46.0541 -0.93373 3.55848 -46.0412 -0.934148 3.58592 3
-46.0412 -0.934148 3.58592 -46.0284 -0.934567 3.61337 3
-46.0284 -0.934567 3.61337 -46.0156 -0.934985 3.64082 3
-46.0156 -0.934985 3.64082 -46.0027 -0.935404 3.66826 3
-46.0027 -0.935404 3.66826 -45.9899 -0.935822 3.69571 3
-45.9899 -0.935822 3.69571 -45.9771 -0.936241 3.72316 3
-45.9771 -0.936241 3.72316 -45.9642 -0.936659 3.75061 3
-45.9642 -0.936659 3.75061 -43.4366 -1.01911 9.15766 3
-43.4366 -1.01911 9.15766 -43.2995 -0.821834 9.1676 3
-43.2995 -0.821834 9.1676 -43.2847 -0.820792 9.16687 3
-43.2847 -0.820792 9.16687 -43.27 -0.81975 9.16613 3
-43.27 -0.81975 9.16613 -43.2552 -0.818708 9.16539 3
-43.2552 -0.818708 9.16539 -40.2717 -0.608198 9.01675 3
-40.2717 -0.608198 9.01675 -40.579 0.195377 9.10583 3
-40.579 0.195377 9.10583 -40.5615 0.195966 9.10603 3
-40.5615 0.195966 9.10603 -40.5441 0.196555 9.10623 3
-40.5441 0.196555 9.10623 -40.5266 0.197145 9.10643 3
-40.5266 0.197145 9.10643 -40.5091 0.197734 9.10663 3
-40.5091 0.197734 9.10663 -36.9973 0.316183 9.14686 3
-36.9973 0.316183 9.14686 -36.8946 0.327172 9.22252 3
-36.8946 0.327172 9.22252 -36.8785 0.329013 9.22473 3
-36.8785 0.329013 9.22473 -36.8623 0.330855 9.22693 3
-36.8623 0.330855 9.22693 -36.8462 0.332696 9.22913 3
-36.8462 0.332696 9.22913 -36.8301 0.334538 9.23133 3
-36.8301 0.334538 9.23133 -33.5881 0.704658 9.67401 3
-33.5881 0.704658 9.67401 -33.2805 0.738514 9.89104 3
-33.2805 0.738514 9.89104 -33.2721 0.739685 9.89441 3
-33.2721 0.739685 9.89441 -33.2638 0.740856 9.89777 3
-33.2638 0.740856 9.89777 -31.5675 0.978666 10.5806 3
-31.5675 0.978666 10.5806 -31.2598 1.01252 10.7976 3
-31.2598 1.01252 10.7976 -31.2457 1.01421 10.7977 3
-31.2457 1.01421 10.7977 -31.2316 1.01589 10.7978 3
-31.2316 1.01589 10.7978 -31.2176 1.01757 10.7979 3
-31.2176 1.01757 10.7979 -28.3716 1.35761 10.8172 3
-28.3716 1.35761 10.8172 -28.3494 1.3561 10.8054 3
-28.3494 1.3561 10.8054 -28.3273 1.35459 10.7936 3
-28.3273 1.35459 10.7936 -28.3051 1.35308 10.7818 3
-28.3051 1.35308 10.7818 -28.283 1.35157 10.7701 3
-28.283 1.35157 10.7701 -28.2608 1.35006 10.7583 3
-28.2608 1.35006 10.7583 -28.2387 1.34855 10.7465 3
-28.2387 1.34855 10.7465 -23.8312 1.04815 8.40288 3
-23.8312 1.04815 8.40288 -23.8524 1.08193 8.02498 3
-23.8524 1.08193 8.02498 -23.8355 1.07489 8.01668 3
-23.8355 1.07489 8.01668 -23.8187 1.06785 8.00838 3
-23.8187 1.06785 8.00838 -23.8018 1.0608 8.00009 3
-23.8018 1.0608 8.00009 -23.785 1.05376 7.99179 3
-23.785 1.05376 7.99179 -23.7681 1.04672 7.9835 3
-23.7681 1.04672 7.9835 -20.3975 -0.362047 6.32436 3
-20.3975 -0.362047 6.32436 -20.3726 -0.36324 6.32251 3
-20.3726 -0.36324 6.32251 -20.3476 -0.364432 6.32066 3
-20.3476 -0.364432 6.32066 -20.3227 -0.365625 6.3188 3
-20.3227 -0.365625 6.3188 -20.2977 -0.366817 6.31695 3
-20.2977 -0.366817 6.31695 -20.2727 -0.36801 6.3151 3
-20.2727 -0.36801 6.3151 -20.2478 -0.369203 6.31325 3
-20.2478 -0.369203 6.31325 -15.2796 -0.606531 5.94484 3
-15.2796 -0.606531 5.94484 -15.023 -0.903344 5.9039 3
-15.023 -0.903344 5.9039 -15.0133 -0.896576 5.90396 3
-15.0133 -0.896576 5.90396 -15.0037 -0.889807 5.90403 3
-15.0037 -0.889807 5.90403 -13.0394 0.484128 5.91659 3
-13.0394 0.484128 5.91659 -13.0394 0.475836 5.91585 3
-13.0394 0.475836 5.91585 -13.0376 -1.21566 5.76454 3
-13.0376 -1.21566 5.76454 -12.9393 -1.19756 5.76064 3
-12.9393 -1.19756 5.76064 -12.925 -1.19739 5.75985 3
-12.925 -1.19739 5.75985 -12.9107 -1.19722 5.75906 3
-12.9107 -1.19722 5.75906 -12.8963 -1.19704 5.75827 3
-12.8963 -1.19704 5.75827 -10.0012 -1.16236 5.59887 3
-10.0012 -1.16236 5.59887 -9.90292 -1.14426 5.59497 3
-9.90292 -1.14426 5.59497 -9.87717 -1.13872 5.59402 3
-9.87717 -1.13872 5.59402 -9.85143 -1.13319 5.59307 3
-9.85143 -1.13319 5.59307 -9.82568 -1.12766 5.59212 3
-9.82568 -1.12766 5.59212 -9.79993 -1.12213 5.59117 3
-9.79993 -1.12213 5.59117 -9.77418 -1.11659 5.59022 3
-9.77418 -1.11659 5.59022 -9.74843 -1.11106 5.58926 3
-9.74843 -1.11106 5.58926 -9.72269 -1.10553 5.58831 3
-9.72269 -1.10553 5.58831 -4.62454 -0.0100895 5.40007 3
-4.62454 -0.0100895 5.40007 -4.61515 -0.00998855 5.39956 3
-4.61515 -0.00998855 5.39956 -4.60576 -0.00988758 5.39904 3
-4.60576 -0.00988758 5.39904 -2.69914 0.0106093 5.29385 3
-2.69914 0.0106093 5.29385 -2.69893 0.00398263 5.29325 3
-2.69893 0.00398263 5.29325 -2.65734 -1.34786 5.17007 3
-2.65734 -1.34786 5.17007 -2.64287 -1.34021 5.16994 3
-2.64287 -1.34021 5.16994 -2.6284 -1.33255 5.16981 3
-2.6284 -1.33255 5.16981 -2.61393 -1.3249 5.16968 3
-2.61393 -1.3249 5.16968 -2.59946 -1.31725 5.16955 3
-2.59946 -1.31725 5.16955 0.309012 0.220625 5.14377 3
0.309012 0.220625 5.14377 0.505554 0.256827 5.13598 3
0.505554 0.256827 5.13598 0.504085 0.245745 5.13507 3
0.504085 0.245745 5.13507 0.502615 0.234663 5.13416 3
0.502615 0.234663 5.13416 0.204291 -2.01489 4.94981 3
0.204291 -2.01489 4.94981 0.214682 -2.00384 4.95021 3
0.214682 -2.00384 4.95021 0.225073 -1.99279 4.95062 3
0.225073 -1.99279 4.95062 0.235464 -1.98175 4.95102 3
0.235464 -1.98175 4.95102 2.33445 0.24963 5.03268 3
2.33445 0.24963 5.03268 2.531 0.285832 5.02488 3
2.531 0.285832 5.02488 2.54662 0.287081 5.02411 3
2.54662 0.287081 5.02411 2.56224 0.288329 5.02335 3
2.56224 0.288329 5.02335 2.57787 0.289578 5.02258 3
2.57787 0.289578 5.02258 2.59349 0.290827 5.02182 3
2.59349 0.290827 5.02182 5.73392 0.541844 4.86798 3
5.73392 0.541844 4.86798 5.7333 0.531794 4.86825 3
5.7333 0.531794 4.86825 5.73268 0.521745 4.86851 3
5.73268 0.521745 4.86851 5.60673 -1.51822 4.92224 3
5.60673 -1.51822 4.92224 5.61815 -1.52111 4.92134 3
5.61815 -1.52111 4.92134 5.62956 -1.52399 4.92044 3
5.62956 -1.52399 4.92044 7.947 -2.10925 4.73804 3
7.947 -2.10925 4.73804 8.14354 -2.07305 4.73025 3
8.14354 -2.07305 4.73025 8.15147 -2.08408 4.72882 3
8.15147 -2.08408 4.72882 8.1594 -2.09511 4.72739 3
8.1594 -2.09511 4.72739 8.16734 -2.10613 4.72596 3
8.16734 -2.10613 4.72596 9.76945 -4.33386 4.43688 3
9.76945 -4.33386 4.43688 9.77728 -4.34155 4.43576 3
9.77728 -4.34155 4.43576 9.7851 -4.34924 4.43463 3
9.7851 -4.34924 4.43463 11.3736 -5.91054 4.20589 3
11.3736 -5.91054 4.20589 11.3776 -5.91894 4.20492 3
11.3776 -5.91894 4.20492 11.3816 -5.92733 4.20395 3
11.3816 -5.92733 4.20395 12.1915 -7.63202 4.00609 3
12.1915 -7.63202 4.00609 12.2022 -7.64171 4.00463 3
12.2022 -7.64171 4.00463 12.2129 -7.6514 4.00316 3
12.2129 -7.6514 4.00316 12.2235 -7.66108 4.0017 3
12.2235 -7.66108 4.0017 14.3771 -9.61772 3.70591 3
14.3771 -9.61772 3.70591 14.3854 -9.62532 3.70476 3
14.3854 -9.62532 3.70476 14.3937 -9.63293 3.70361 3
14.3937 -9.63293 3.70361 16.0795 -11.1763 3.47102 3
16.0795 -11.1763 3.47102 16.1095 -11.3428 3.45445 3
16.1095 -11.3428 3.45445 16.1182 -11.3553 3.45284 3
16.1182 -11.3553 3.45284 16.1269 -11.3678 3.45124 3
16.1269 -11.3678 3.45124 16.1356 -11.3804 3.44963 3
16.1356 -11.3804 3.44963 16.1443 -11.3929 3.44802 3
16.1443 -11.3929 3.44802 17.8919 -13.9087 3.12502 3
17.8919 -13.9087 3.12502 18.1185 -14.039 3.10066 3
18.1185 -14.039 3.10066 18.1238 -14.0547 3.09896 3
18.1238 -14.0547 3.09896 18.1291 -14.0704 3.09726 3
18.1291 -14.0704 3.09726 18.1344 -14.086 3.09557 3
18.1344 -14.086 3.09557 18.1397 -14.1017 3.09387 3
18.1397 -14.1017 3.09387 19.2048 -17.2493 2.7527 3
19.2048 -17.2493 2.7527 19.3113 -16.7136 2.79462 3
19.3113 -16.7136 2.79462 19.3029 -16.7193 2.79458 3
19.3029 -16.7193 2.79458 19.2945 -16.725 2.79454 3
19.2945 -16.725 2.79454 17.5924 -17.8802 2.7868 3
17.5924 -17.8802 2.7868 17.6047 -17.8821 2.78595 3
17.6047 -17.8821 2.78595 17.6169 -17.884 2.78509 3
17.6169 -17.884 2.78509 17.6291 -17.8859 2.78424 3
17.6291 -17.8859 2.78424 20.0992 -18.2686 2.61138 3
20.0992 -18.2686 2.61138 20.394 -18.2143 2.59969 3
20.394 -18.2143 2.59969 20.3976 -18.2203 2.59895 3
20.3976 -18.2203 2.59895 21.1237 -19.446 2.44862 3
21.1237 -19.446 2.44862 22.0982 -19.7826 2.36383 3
22.0982 -19.7826 2.36383 22.7379 -20.5149 2.26247 3
22.7379 -20.5149 2.26247 23.0627 -20.6271 2.2342 3
23.0627 -20.6271 2.2342 23.0692 -20.63 2.23358 3
23.0692 -20.63 2.23358 24.3902 -21.2326 2.10556 3
24.3902 -21.2326 2.10556 24.3946 -21.2351 2.10508 3
24.3946 -21.2351 2.10508 25.2947 -21.744 2.00907 3
25.2947 -21.744 2.00907 25.3015 -21.7436 2.00872 3
25.3015 -21.7436 2.00872 26.7005 -21.6571 1.93793 3
26.7005 -21.6571 1.93793 26.7009 -21.6512 1.93843 3
26.7009 -21.6512 1.93843 26.787 -20.4471 2.04125 3
26.787 -20.4471 2.04125 26.7946 -20.4565 2.03998 3
26.7946 -20.4565 2.03998 26.8023 -20.4659 2.03871 3
26.8023 -20.4659 2.03871 26.8099 -20.4753 2.03744 3
26.8099 -20.4753 2.03744 28.3529 -22.3748 1.78102 3
28.3529 -22.3748 1.78102 28.4511 -22.3567 1.77712 3
5.73392 0.541844 4.86798 5.75898 0.542579 4.86664 4
5.75898 0.542579 4.86664 5.78404 0.543314 4.8653 4
5.78404 0.543314 4.8653 5.8091 0.54405 4.86396 4
5.8091 0.54405 4.86396 5.83416 0.544785 4.86262 4
5.83416 0.544785 4.86262 9.0669 0.639654 4.68964 4
9.0669 0.639654 4.68964 9.08059 0.638428 4.70131 4
9.08059 0.638428 4.70131 9.09429 0.637202 4.71299 4
9.09429 0.637202 4.71299 9.10799 0.635976 4.72466 4
9.10799 0.635976 4.72466 10.8884 0.476577 6.24204 4
10.8884 0.476577 6.24204 11.085 0.512779 6.23424 4
11.085 0.512779 6.23424 11.1078 0.513153 6.23247 4
11.1078 0.513153 6.23247 11.1306 0.513527 6.23069 4
11.1306 0.513527 6.23069 11.1534 0.513901 6.22892 4
11.1534 0.513901 6.22892 11.1762 0.514275 6.22714 4
11.1762 0.514275 6.22714 14.1192 0.56251 5.99799 4
14.1192 0.56251 5.99799 14.3158 0.598712 5.99019 4
14.3158 0.598712 5.99019 14.341 0.594331 5.98891 4
14.341 0.594331 5.98891 14.3662 0.589949 5.98763 4
14.3662 0.589949 5.98763 14.3915 0.585567 5.98635 4
14.3915 0.585567 5.98635 14.4167 0.581186 5.98507 4
14.4167 0.581186 5.98507 17.6727 0.0159641 5.82006 4
17.6727 0.0159641 5.82006 18.0257 -0.252953 5.7762 4
18.0257 -0.252953 5.7762 18.0412 -0.253987 5.77524 4
18.0412 -0.253987 5.77524 18.0566 -0.255021 5.77428 4
18.0566 -0.255021 5.77428 20.0812 -0.390455 5.64853 4
20.0812 -0.390455 5.64853 20.0794 -0.380567 5.65012 4
20.0794 -0.380567 5.65012 19.8473 0.924697 5.85967 4
19.8473 0.924697 5.85967 19.8508 0.897003 5.85813 4
19.8508 0.897003 5.85813 19.8543 0.869309 5.85659 4
19.8543 0.869309 5.85659 19.8578 0.841615 5.85506 4
19.8578 0.841615 5.85506 19.8614 0.813921 5.85352 4
19.8614 0.813921 5.85352 19.8649 0.786227 5.85198 4
19.8649 0.786227 5.85198 20.3141 -2.75862 5.65504 4
20.3141 -2.75862 5.65504 20.3225 -2.74552 5.65574 4
20.3225 -2.74552 5.65574 20.3308 -2.73242 5.65644 4
20.3308 -2.73242 5.65644 21.4216 -1.01643 5.74861 4
21.4216 -1.01643 5.74861 21.4496 -1.02793 5.74601 4
21.4496 -1.02793 5.74601 21.4776 -1.03943 5.74341 4
21.4776 -1.03943 5.74341 21.5057 -1.05093 5.74081 4
21.5057 -1.05093 5.74081 21.5337 -1.06243 5.73821 4
21.5337 -1.06243 5.73821 21.5617 -1.07394 5.73561 4
21.5617 -1.07394 5.73561 25.1494 -2.546 5.40263 4
25.1494 -2.546 5.40263 25.1849 -2.55225 5.40008 4
25.1849 -2.55225 5.40008 25.2204 -2.5585 5.39753 4
25.2204 -2.5585 5.39753 25.2559 -2.56475 5.39498 4
25.2559 -2.56475 5.39498 25.2913 -2.571 5.39243 4
25.2913 -2.571 5.39243 25.3268 -2.57724 5.38988 4
25.3268 -2.57724 5.38988 25.3623 -2.58349 5.38733 4
25.3623 -2.58349 5.38733 25.3978 -2.58974 5.38478 4
25.3978 -2.58974 5.38478 29.8682 -3.37694 5.06348 4
29.8682 -3.37694 5.06348 30.0647 -3.34074 5.05568 4
30.0647 -3.34074 5.05568 30.0913 -3.32695 5.05543 4
30.0913 -3.32695 5.05543 30.1178 -3.31317 5.05517 4
30.1178 -3.31317 5.05517 30.1443 -3.29938 5.05492 4
30.1443 -3.29938 5.05492 30.1708 -3.28559 5.05466 4
30.1708 -3.28559 5.05466 30.1974 -3.2718 5.0544 4
30.1974 -3.2718 5.0544 33.5925 -1.50694 5.0216 4
33.5925 -1.50694 5.0216 33.789 -1.47074 5.0138 4
33.789 -1.47074 5.0138 33.8414 -1.43931 5.01428 4
33.8414 -1.43931 5.01428 33.8938 -1.40789 5.01475 4
33.8938 -1.40789 5.01475 33.9462 -1.37646 5.01523 4
33.9462 -1.37646 5.01523 33.9985 -1.34504 5.0157 4
33.9985 -1.34504 5.0157 34.0509 -1.31361 5.01617 4
34.0509 -1.31361 5.01617 34.1033 -1.28219 5.01665 4
34.1033 -1.28219 5.01665 34.1557 -1.25076 5.01712 4
34.1557 -1.25076 5.01712 34.208 -1.21934 5.0176 4
34.208 -1.21934 5.0176 34.2604 -1.18791 5.01807 4
34.2604 -1.18791 5.01807 34.3128 -1.15648 5.01854 4
34.3128 -1.15648 5.01854 34.3652 -1.12506 5.01902 4
34.3652 -1.12506 5.01902 34.4176 -1.09363 5.01949 4
34.4176 -1.09363 5.01949 40.7554 2.70886 5.07685 4
40.7554 2.70886 5.07685 40.7668 2.72554 5.07483 4
40.7668 2.72554 5.07483 40.7782 2.74223 5.07281 4
40.7782 2.74223 5.07281 40.7895 2.75891 5.07079 4
40.7895 2.75891 5.07079 42.2694 4.92794 4.80812 4
42.2694 4.92794 4.80812 42.2666 4.9351 4.80892 4
42.2666 4.9351 4.80892 41.8946 5.88098 4.91436 4
41.8946 5.88098 4.91436 41.9145 5.89744 4.91471 4
41.9145 5.89744 4.91471 41.9344 5.91389 4.91507 4
41.9344 5.91389 4.91507 41.9544 5.93035 4.91542 4
41.9544 5.93035 4.91542 41.9743 5.9468 4.91577 4
41.9743 5.9468 4.91577 44.5461 8.0695 4.96117 4
44.5461 8.0695 4.96117 44.5761 7.90299 4.9446 4
44.5761 7.90299 4.9446 44.5805 7.91666 4.94557 4
44.5805 7.91666 4.94557 44.5849 7.93033 4.94655 4
44.5849 7.93033 4.94655 45.1622 9.72118 5.07424 4
45.1622 9.72118 5.07424 44.6126 9.95389 5.12589 4
44.6126 9.95389 5.12589 44.6252 9.9601 5.12574 4
44.6252 9.9601 5.12574 44.6378 9.96631 5.12558 4
44.6378 9.96631 5.12558 46.2914 10.7792 5.10544 4
46.2914 10.7792 5.10544 46.2972 10.7893 5.10601 4
46.2972 10.7893 5.10601 47.0658 12.116 5.18147 4
47.0658 12.116 5.18147 47.1441 12.8084 5.23898 4
47.1441 12.8084 5.23898 47.1509 12.8213 5.23974 4
47.1509 12.8213 5.23974 47.1577 12.8341 5.2405 4
47.1577 12.8341 5.2405 48.055 14.5144 5.34035 4
48.055 14.5144 5.34035 48.0467 14.518 5.34113 4
48.0467 14.518 5.34113 46.954 14.9896 5.44463 4
46.954 14.9896 5.44463 46.9658 14.9918 5.44416 4
46.9658 14.9918 5.44416 46.9776 14.994 5.44369 4
46.9776 14.994 5.44369 48.5263 15.2793 5.38226 4
48.5263 15.2793 5.38226 48.7228 15.3155 5.37447 4
48.7228 15.3155 5.37447 48.7295 15.3295 5.37535 4
48.7295 15.3295 5.37535 48.7361 15.3435 5.37623 4
48.7361 15.3435 5.37623 49.6055 17.1782 5.49144 4
49.6055 17.1782 5.49144 49.8703 17.399 5.49631 4
49.8703 17.399 5.49631 49.8754 17.4089 5.49691 4
49.8754 17.4089 5.49691 50.5464 18.7176 5.57624 4
50.5464 18.7176 5.57624 50.5352 18.7207 5.57714 4
50.5352 18.7207 5.57714 49.0523 19.1205 5.69612 4
49.0523 19.1205 5.69612 49.0696 19.1262 5.69566 4
49.0696 19.1262 5.69566 49.0869 19.132 5.69521 4
49.0869 19.132 5.69521 49.1042 19.1378 5.69475 4
49.1042 19.1378 5.69475 51.3508 19.8879 5.63571 4
51.3508 19.8879 5.63571 51.5856 20.2752 5.65715 4
51.5856 20.2752 5.65715 51.5883 20.2898 5.6583 4
51.5883 20.2898 5.6583 51.591 20.3044 5.65945 4
51.591 20.3044 5.65945 51.9469 22.2139 5.81018 4
51.9469 22.2139 5.81018 51.9588 22.2238 5.81039 4
51.9588 22.2238 5.81039 51.9708 22.2337 5.8106 4
51.9708 22.2337 5.8106 53.5374 23.529 5.83846 4
53.5374 23.529 5.83846 53.5442 23.5428 5.84106 4
53.5442 23.5428 5.84106 53.5509 23.5567 5.84366 4
53.5509 23.5567 5.84366 54.4329 25.3712 6.18416 4
54.4329 25.3712 6.18416 54.8943 25.6282 6.18124 4
54.8943 25.6282 6.18124 54.9039 25.6339 6.1812 4
54.9039 25.6339 6.1812 56.18 26.3812 6.17637 4
56.18 26.3812 6.17637 56.1218 26.7044 6.20854 4
56.1218 26.7044 6.20854 56.1233 26.7213 6.20997 4
56.1233 26.7213 6.20997 56.1248 26.7383 6.2114 4
56.1248 26.7383 6.2114 56.1264 26.7552 6.21282 4
56.1264 26.7552 6.21282 56.3248 28.958 6.3986 4
56.3248 28.958 6.3986 56.5213 28.9942 6.39081 4
56.5213 28.9942 6.39081 56.5319 28.9988 6.39062 4
56.5319 28.9988 6.39062 57.9353 29.5987 6.36548 4
57.9353 29.5987 6.36548 57.9654 29.4322 6.34891 4
53.5374 23.529 5.83846 53.5237 23.5612 5.84085 5
53.5237 23.5612 5.84085 53.5099 23.5934 5.84325 5
53.5099 23.5934 5.84325 52.655 25.5906 5.99184 5
52.655 25.5906 5.99184 52.6498 25.6108 5.99394 5
52.6498 25.6108 5.99394 52.3202 26.885 6.12635 5
52.3202 26.885 6.12635 52.301 26.8681 6.12592 5
52.301 26.8681 6.12592 51.0927 25.8088 6.09905 5
51.0927 25.8088 6.09905 51.091 25.8618 6.10387 5
51.091 25.8618 6.10387 51.0894 25.9148 6.1087 5
51.0894 25.9148 6.1087 51.0878 25.9678 6.11353 5
51.0878 25.9678 6.11353 51.0862 26.0208 6.11836 5
51.0862 26.0208 6.11836 50.9891 29.2001 6.40802 5
50.9891 29.2001 6.40802 50.9746 29.192 6.40811 5
50.9746 29.192 6.40811 50.0664 28.6861 6.41386 5
50.0664 28.6861 6.41386 50.096 28.7155 6.41483 5
50.096 28.7155 6.41483 50.1255 28.745 6.41581 5
50.1255 28.745 6.41581 50.1551 28.7745 6.41678 5
50.1551 28.7745 6.41678 51.96 30.573 6.47626 5
51.96 30.573 6.47626 51.93 30.7396 6.49282 5
51.93 30.7396 6.49282 51.8888 30.7479 6.49589 5
51.8888 30.7479 6.49589 51.8476 30.7563 6.49895 5
51.8476 30.7563 6.49895 51.8065 30.7647 6.50201 5
51.8065 30.7647 6.50201 49.2949 31.2763 6.68871 5
49.2949 31.2763 6.68871 49.3649 31.4511 6.70041 5
49.3649 31.4511 6.70041 49.3633 31.4775 6.70286 5
49.3633 31.4775 6.70286 49.3617 31.5039 6.70532 5
49.3617 31.5039 6.70532 49.2631 33.1426 6.85733 5
49.2631 33.1426 6.85733 49.2352 33.1215 6.85701 5
49.2352 33.1215 6.85701 49.2072 33.1003 6.85669 5
49.2072 33.1003 6.85669 47.476 31.7913 6.83685 5
47.476 31.7913 6.83685 47.4895 31.8309 6.83964 5
47.4895 31.8309 6.83964 47.5029 31.8706 6.84243 5
47.5029 31.8706 6.84243 47.5164 31.9102 6.84521 5
47.5164 31.9102 6.84521 48.3386 34.3283 7.01523 5
48.3386 34.3283 7.01523 48.0138 34.4405 7.04349 5
48.0138 34.4405 7.04349 47.9939 34.4715 7.04737 5
47.9939 34.4715 7.04737 47.9741 34.5025 7.05126 5
47.9741 34.5025 7.05126 47.9542 34.5334 7.05514 5
47.9542 34.5334 7.05514 46.7427 36.4226 7.29202 5
46.7427 36.4226 7.29202 46.9393 36.4588 7.28423 5
46.9393 36.4588 7.28423 46.9312 36.4335 7.28242 5
46.9312 36.4335 7.28242 46.923 36.4081 7.2806 5
46.923 36.4081 7.2806 46.4197 34.8351 7.16824 5
46.4197 34.8351 7.16824 46.4227 34.8887 7.17287 5
46.4227 34.8887 7.17287 46.4257 34.9424 7.1775 5
46.4257 34.9424 7.1775 46.4287 34.9961 7.18213 5
46.4287 34.9961 7.18213 46.4318 35.0498 7.18676 5
46.4318 35.0498 7.18676 46.6127 38.2708 7.46454 5
46.6127 38.2708 7.46454 46.6409 38.1141 7.44895 5
46.6409 38.1141 7.44895 46.6142 38.1038 7.44953 5
46.6142 38.1038 7.44953 46.5875 38.0935 7.4501 5
46.5875 38.0935 7.4501 44.9321 37.4553 7.48597 5
44.9321 37.4553 7.48597 44.95 37.4878 7.48788 5
44.95 37.4878 7.48788 44.9679 37.5204 7.48978 5
44.9679 37.5204 7.48978 44.9859 37.5529 7.49168 5
44.9859 37.5529 7.49168 46.0795 39.5388 7.60782 5
46.0795 39.5388 7.60782 45.9312 40.3615 7.68969 5
45.9312 40.3615 7.68969 45.9114 40.3925 7.69357 5
45.9114 40.3925 7.69357 45.8915 40.4235 7.69746 5
45.8915 40.4235 7.69746 45.8716 40.4544 7.70134 5
45.8716 40.4544 7.70134 44.6602 42.3436 7.93822 5
44.6602 42.3436 7.93822 44.6313 42.3277 7.93842 5
44.6313 42.3277 7.93842 44.6024 42.3118 7.93862 5
44.6024 42.3118 7.93862 42.813 41.3254 7.95088 5
42.813 41.3254 7.95088 42.8422 41.3573 7.9521 5
42.8422 41.3573 7.9521 42.8713 41.3892 7.95332 5
42.8713 41.3892 7.95332 42.9005 41.4212 7.95453 5
42.9005 41.4212 7.95453 44.6784 43.3691 8.02887 5
40.7554 2.70886 5.07685 40.7619 2.70416 5.08059 5
40.7619 2.70416 5.08059 42.0796 1.75947 5.8327 5
42.0796 1.75947 5.8327 42.8658 1.90427 5.80152 5
42.8658 1.90427 5.80152 42.8817 1.89118 5.79946 5
42.8817 1.89118 5.79946 42.8976 1.87808 5.79739 5
42.8976 1.87808 5.79739 42.9136 1.86498 5.79533 5
42.9136 1.86498 5.79533 42.9295 1.85189 5.79326 5
42.9295 1.85189 5.79326 46.084 -0.741256 5.38438 5
46.084 -0.741256 5.38438 46.054 -0.574748 5.40095 5
46.054 -0.574748 5.40095 46.0561 -0.566799 5.40154 5
46.0561 -0.566799 5.40154 46.4753 1.03094 5.52084 5
46.4753 1.03094 5.52084 46.4947 1.01847 5.51864 5
46.4947 1.01847 5.51864 46.514 1.006 5.51644 5
46.514 1.006 5.51644 46.5333 0.993528 5.51424 5
46.5333 0.993528 5.51424 46.5527 0.981058 5.51204 5
46.5527 0.981058 5.51204 50.3815 -1.48789 5.07642 5
50.3815 -1.48789 5.07642 50.3962 -1.48602 5.07576 5
50.3962 -1.48602 5.07576 50.411 -1.48416 5.07509 5
50.411 -1.48416 5.07509 53.3596 -1.11136 4.94291 5
53.3596 -1.11136 4.94291 53.3673 -1.10654 4.94291 5
53.3673 -1.10654 4.94291 54.9102 -0.137617 4.94292 5
54.9102 -0.137617 4.94292 54.9277 -0.151269 4.94072 5
54.9277 -0.151269 4.94072 54.9452 -0.164922 4.93851 5
54.9452 -0.164922 4.93851 54.9628 -0.178574 4.93631 5
54.9628 -0.178574 4.93631 54.9803 -0.192226 4.9341 5
54.9803 -0.192226 4.9341 58.4532 -2.89535 4.49752 5
58.4532 -2.89535 4.49752 58.4693 -2.89239 4.49688 5
58.4693 -2.89239 4.49688 58.4854 -2.88944 4.49625 5
58.4854 -2.88944 4.49625 58.5014 -2.88648 4.49561 5
58.5014 -2.88648 4.49561 61.6962 -2.29802 4.36889 5
61.6962 -2.29802 4.36889 61.7098 -2.29802 4.36813 5
61.7098 -2.29802 4.36813 61.7233 -2.29803 4.36736 5
61.7233 -2.29803 4.36736 64.4378 -2.29902 4.21491 5
64.4378 -2.29902 4.21491 64.9591 -2.37502 4.17885 5
64.9591 -2.37502 4.17885 64.9779 -2.37578 4.17773 5
64.9779 -2.37578 4.17773 64.9966 -2.37654 4.17661 5
64.9966 -2.37654 4.17661 65.0153 -2.37729 4.17549 5
65.0153 -2.37729 4.17549 68.7435 -2.52803 3.95275 5
68.7435 -2.52803 3.95275 68.7735 -2.69453 3.93619 5
68.7735 -2.69453 3.93619 68.8003 -2.69299 3.93482 5
68.8003 -2.69299 3.93482 68.8272 -2.69145 3.93345 5
68.8272 -2.69145 3.93345 68.8541 -2.68991 3.93207 5
68.8541 -2.68991 3.93207 68.8809 -2.68837 3.9307 5
68.8809 -2.68837 3.9307 68.9078 -2.68682 3.92933 5
68.9078 -2.68682 3.92933 74.2001 -2.38311 3.65942 5
74.2001 -2.38311 3.65942 74.3166 -1.33956 3.74617 5
74.3166 -1.33956 3.74617 74.3164 -1.35222 3.74505 5
74.3164 -1.35222 3.74505 74.3162 -1.36489 3.74393 5
74.3162 -1.36489 3.74393 74.2702 -3.89829 3.52004 5
74.2702 -3.89829 3.52004 74.2759 -3.88827 3.50628 5
74.2759 -3.88827 3.50628 74.2815 -3.87824 3.49252 5
74.2815 -3.87824 3.49252 74.2872 -3.86822 3.47876 5
74.2872 -3.86822 3.47876 75.4152 -1.87366 0.74076 5
75.4152 -1.87366 0.74076 75.5134 -1.85556 0.736862 5
75.5134 -1.85556 0.736862 75.5283 -1.85447 0.736123 5
75.5283 -1.85447 0.736123 75.5432 -1.85339 0.735385 5
75.5432 -1.85339 0.735385 78.5198 -1.63575 0.587759 5
78.5198 -1.63575 0.587759 78.7119 -1.59244 0.500405 5
78.7119 -1.59244 0.500405 78.7298 -1.5942 0.499243 5
78.7298 -1.5942 0.499243 78.7477 -1.59596 0.49808 5
78.7477 -1.59596 0.49808 78.7656 -1.59772 0.496917 5
78.7656 -1.59772 0.496917 82.3297 -1.94815 0.265536 5
82.3297 -1.94815 0.265536 82.5262 -1.91195 0.25774 5
82.5262 -1.91195 0.25774 82.5286 -1.91918 0.257362 5
82.5286 -1.91918 0.257362 82.9956 -3.37163 0.181352 5
82.9956 -3.37163 0.181352 83.0238 -3.36387 0.18046 5
83.0238 -3.36387 0.18046 83.0521 -3.35611 0.179567 5
83.0521 -3.35611 0.179567 83.0804 -3.34835 0.178675 5
83.0804 -3.34835 0.178675 83.1086 -3.34059 0.177783 5
83.1086 -3.34059 0.177783 83.1369 -3.33283 0.17689 5
83.1369 -3.33283 0.17689 83.1651 -3.32507 0.175998 5
83.1651 -3.32507 0.175998 88.7035 -1.80415 0.00108216 5
88.7035 -1.80415 0.00108216 88.7157 -1.80191 0.000599737 5
88.7157 -1.80191 0.000599737 88.7279 -1.79967 0.000117319 5
88.7279 -1.79967 0.000117319 91.1603 -1.35163 -0.0963663 5
91.1603 -1.35163 -0.0963663 91.4551 -1.29732 -0.10806 5
91.4551 -1.29732 -0.10806 91.4706 -1.29953 -0.109126 5
91.4706 -1.29953 -0.109126 91.4861 -1.30174 -0.110193 5
91.4861 -1.30174 -0.110193 94.5816 -1.74354 -0.32344 5
94.5816 -1.74354 -0.32344 94.5884 -1.74229 -0.32371 5
94.5884 -1.74229 -0.32371 95.9573 -1.49013 -0.378011 5
95.9573 -1.49013 -0.378011 95.984 -1.49284 -0.379748 5
95.984 -1.49284 -0.379748 96.0106 -1.49555 -0.381485 5
96.0106 -1.49555 -0.381485 96.0372 -1.49826 -0.383222 5
96.0372 -1.49826 -0.383222 96.0638 -1.50097 -0.384958 5
96.0638 -1.50097 -0.384958 96.0905 -1.50368 -0.386695 5
96.0905 -1.50368 -0.386695 101.336 -2.03765 -0.728854 5
101.336 -2.03765 -0.728854 101.377 -2.03172 -0.730634 5
101.377 -2.03172 -0.730634 101.418 -2.02579 -0.732414 5
101.418 -2.02579 -0.732414 101.459 -2.01987 -0.734194 5
101.459 -2.01987 -0.734194 101.5 -2.01394 -0.735974 5
101.5 -2.01394 -0.735974 101.542 -2.00801 -0.737754 5
101.542 -2.00801 -0.737754 101.583 -2.00209 -0.739535 5
101.583 -2.00209 -0.739535 101.624 -1.99616 -0.741315 5
101.624 -1.99616 -0.741315 101.665 -1.99023 -0.743095 5
101.665 -1.99023 -0.743095 109.649 -0.840385 -1.08844 5
109.649 -0.840385 -1.08844 110.14 -0.74988 -1.10793 5
110.14 -0.74988 -1.10793 110.147 -0.754526 -1.10874 5
110.147 -0.754526 -1.10874 111.528 -1.68842 -1.26972 5
111.528 -1.68842 -1.26972 111.018 -2.80438 -1.34088 5
111.018 -2.80438 -1.34088 111.038 -2.80496 -1.34203 5
111.038 -2.80496 -1.34203 111.058 -2.80554 -1.34319 5
111.058 -2.80554 -1.34319 111.077 -2.80612 -1.34435 5
111.077 -2.80612 -1.34435 114.999 -2.92118 -1.57477 5
114.999 -2.92118 -1.57477 115.462 -2.67397 -1.57866 5
115.462 -2.67397 -1.57866 115.482 -2.66691 -1.57915 5
115.482 -2.66691 -1.57915 115.502 -2.65985 -1.57963 5
115.502 -2.65985 -1.57963 115.522 -2.65278 -1.58011 5
115.522 -2.65278 -1.58011 115.541 -2.64572 -1.58059 5
115.541 -2.64572 -1.58059 119.469 -1.2477 -1.6761 5
119.469 -1.2477 -1.6761 119.495 -1.25141 -1.67788 5
119.495 -1.25141 -1.67788 119.521 -1.25512 -1.67966 5
119.521 -1.25512 -1.67966 119.547 -1.25884 -1.68144 5
119.547 -1.25884 -1.68144 119.573 -1.26255 -1.68322 5
119.573 -1.26255 -1.68322 119.598 -1.26627 -1.685 5
119.598 -1.26627 -1.685 124.681 -1.99792 -2.03572 5
124.681 -1.99792 -2.03572 124.69 -1.9946 -2.03557 5
124.69 -1.9946 -2.03557 126.492 -1.32721 -2.00702 5
126.492 -1.32721 -2.00702 126.591 -1.30911 -2.01092 5
126.591 -1.30911 -2.01092 127.742 -1.51515 -2.16435 5
127.742 -1.51515 -2.16435 127.754 -1.51707 -2.16522 5
127.754 -1.51707 -2.16522 127.767 -1.51899 -2.16609 5
127.767 -1.51899 -2.16609 130.249 -1.90347 -2.33977 5
130.249 -1.90347 -2.33977 131.03 -1.75155 -2.45051 5
131.03 -1.75155 -2.45051 131.053 -1.75303 -2.45528 5
131.053 -1.75303 -2.45528 131.075 -1.75451 -2.46005 5
131.075 -1.75451 -2.46005 131.097 -1.75599 -2.46481 5
131.097 -1.75599 -2.46481 131.119 -1.75747 -2.46958 5
131.119 -1.75747 -2.46958 135.525 -2.05041 -3.41328 5
135.525 -2.05041 -3.41328 136.664 -2.17452 -3.48832 5
136.664 -2.17452 -3.48832 136.675 -2.1719 -3.48719 5
136.675 -2.1719 -3.48719 138.814 -1.64625 -3.26014 5
138.814 -1.64625 -3.26014 138.789 -1.48686 -3.16401 5
138.789 -1.48686 -3.16401 138.787 -1.48053 -3.16292 5
138.787 -1.48053 -3.16292 138.358 -0.207908 -2.94507 5
138.358 -0.207908 -2.94507 138.374 -0.211855 -2.94628 5
138.374 -0.211855 -2.94628 138.389 -0.215802 -2.9475 5
138.389 -0.215802 -2.9475 138.404 -0.21975 -2.94871 5
138.404 -0.21975 -2.94871 141.447 -1.00524 -3.18969 5
141.447 -1.00524 -3.18969 141.327 -0.339214 -3.12342 5
141.327 -0.339214 -3.12342 141.327 -0.350012 -3.12444 5
141.327 -0.350012 -3.12444 141.517 -2.52042 -3.32907 5
141.517 -2.52042 -3.32907 141.524 -2.51647 -3.32916 5
141.524 -2.51647 -3.32916 143.099 -1.72298 -3.34661 5
143.099 -1.72298 -3.34661 143.129 -1.88949 -3.36317 5
143.129 -1.88949 -3.36317 143.147 -1.88803 -3.35277 5
143.147 -1.88803 -3.35277 143.166 -1.88658 -3.34237 5
143.166 -1.88658 -3.34237 143.184 -1.88513 -3.33196 5
143.184 -1.88513 -3.33196 143.202 -1.88368 -3.32156 5
143.202 -1.88368 -3.32156 146.822 -1.59637 -1.26164 5
146.822 -1.59637 -1.26164 146.837 -1.59441 -1.26232 5
146.837 -1.59441 -1.26232 146.852 -1.59246 -1.263 5
146.852 -1.59246 -1.263 149.898 -1.20174 -1.39904 5
149.898 -1.20174 -1.39904 150.095 -1.16554 -1.40684 5
150.095 -1.16554 -1.40684 150.11 -1.16432 -1.40762 5
150.11 -1.16432 -1.40762 150.126 -1.1631 -1.4084 5
150.126 -1.1631 -1.4084 150.142 -1.16188 -1.40918 5
150.142 -1.16188 -1.40918 153.299 -0.919322 -1.56471 5
153.299 -0.919322 -1.56471 153.672 -0.172583 -1.5189 5
153.672 -0.172583 -1.5189 153.687 -0.180734 -1.52047 5
153.687 -0.180734 -1.52047 153.702 -0.188884 -1.52204 5
153.702 -0.188884 -1.52204 153.717 -0.197035 -1.52362 5
153.717 -0.197035 -1.52362 156.711 -1.81907 -1.83662 5
156.711 -1.81907 -1.83662 156.307 -0.709307 -1.71479 5
156.307 -0.709307 -1.71479 156.303 -0.720267 -1.71551 5
156.303 -0.720267 -1.71551 156.298 -0.731226 -1.71624 5
156.298 -0.731226 -1.71624 155.387 -2.92312 -1.861 5
155.387 -2.92312 -1.861 155.408 -2.92078 -1.86201 5
155.408 -2.92078 -1.86201 155.43 -2.91843 -1.86301 5
155.43 -2.91843 -1.86301 155.452 -2.91609 -1.86402 5
155.452 -2.91609 -1.86402 155.473 -2.91375 -1.86503 5
155.473 -2.91375 -1.86503 159.769 -2.4499 -2.06467 5
159.769 -2.4499 -2.06467 159.759 -2.46006 -2.06506 5
159.759 -2.46006 -2.06506 159.75 -2.47023 -2.06545 5
159.75 -2.47023 -2.06545 157.905 -4.5034 -2.14364 5
157.905 -4.5034 -2.14364 157.926 -4.48939 -2.14357 5
157.926 -4.48939 -2.14357 157.947 -4.47538 -2.1435 5
157.947 -4.47538 -2.1435 157.968 -4.46138 -2.14343 5
157.968 -4.46138 -2.14343 157.99 -4.44737 -2.14337 5
157.99 -4.44737 -2.14337 158.011 -4.43337 -2.1433 5
158.011 -4.43337 -2.1433 162.167 -1.67415 -2.12996 5
162.167 -1.67415 -2.12996 162.172 -1.67911 -2.13067 5
162.172 -1.67911 -2.13067 163.16 -2.6753 -2.27518 5
163.16 -2.6753 -2.27518 163.171 -2.67745 -2.27601 5
163.171 -2.67745 -2.27601 163.183 -2.67961 -2.27684 5
163.183 -2.67961 -2.27684 165.472 -3.10962 -2.44378 5
165.472 -3.10962 -2.44378 166.603 -3.75135 -2.56463 5
166.603 -3.75135 -2.56463 166.617 -3.76473 -2.5836 5
166.617 -3.76473 -2.5836 166.632 -3.7781 -2.60258 5
166.632 -3.7781 -2.60258 166.646 -3.79148 -2.62155 5
166.646 -3.79148 -2.62155 166.66 -3.80485 -2.64052 5
166.66 -3.80485 -2.64052 166.675 -3.81823 -2.6595 5
166.675 -3.81823 -2.6595 169.493 -6.45315 -6.3973 5
169.493 -6.45315 -6.3973 169.491 -6.46106 -6.39791 5
169.491 -6.46106 -6.39791 169.171 -8.05053 -6.52206 5
169.171 -8.05053 -6.52206 169.187 -8.05325 -6.5428 5
169.187 -8.05325 -6.5428 169.203 -8.05597 -6.56354 5
169.203 -8.05597 -6.56354 169.219 -8.05869 -6.58429 5
169.219 -8.05869 -6.58429 169.235 -8.06141 -6.60503 5
169.235 -8.06141 -6.60503 169.25 -8.06413 -6.62577 5
169.25 -8.06413 -6.62577 172.363 -8.60001 -10.7122 5
172.363 -8.60001 -10.7122 172.687 -8.71221 -10.7405 5
172.687 -8.71221 -10.7405 173.778 -8.00528 -10.7385 5
173.778 -8.00528 -10.7385 173.788 -8.01373 -10.7398 5
173.788 -8.01373 -10.7398 173.797 -8.02218 -10.741 5
173.797 -8.02218 -10.741 175.609 -9.71226 -10.9939 5
175.609 -9.71226 -10.9939 175.621 -9.71679 -10.9949 5
175.621 -9.71679 -10.9949 175.633 -9.72131 -10.996 5
175.633 -9.72131 -10.996 178.008 -10.6265 -11.2102 5
178.008 -10.6265 -11.2102 177.781 -10.4962 -11.1859 5
177.781 -10.4962 -11.1859 177.776 -10.5006 -11.1859 5
177.776 -10.5006 -11.1859 176.722 -11.3794 -11.2054 5
176.722 -11.3794 -11.2054 176.738 -11.3782 -11.2061 5
176.738 -11.3782 -11.2061 176.754 -11.3769 -11.2069 5
176.754 -11.3769 -11.2069 176.769 -11.3756 -11.2077 5
176.769 -11.3756 -11.2077 179.925 -11.1234 -11.3623 5
179.925 -11.1234 -11.3623 180.093 -10.9305 -11.3545 5
163.16 -2.6753 -2.27518 163.191 -2.66577 -2.27608 6
163.191 -2.66577 -2.27608 164.508 -2.26518 -2.31415 6
164.508 -2.26518 -2.31415 164.559 -2.26343 -2.31689 6
164.559 -2.26343 -2.31689 164.611 -2.26169 -2.31964 6
164.611 -2.26169 -2.31964 164.662 -2.25995 -2.32238 6
164.662 -2.25995 -2.32238 166.728 -2.19018 -2.43207 6
166.728 -2.19018 -2.43207 166.746 -2.15909 -2.4303 6
166.746 -2.15909 -2.4303 166.764 -2.128 -2.42853 6
166.764 -2.128 -2.42853 167.502 -0.853409 -2.35604 6
167.502 -0.853409 -2.35604 167.545 -0.893107 -2.36198 6
167.545 -0.893107 -2.36198 167.587 -0.932804 -2.36792 6
167.587 -0.932804 -2.36792 167.63 -0.972501 -2.37385 6
167.63 -0.972501 -2.37385 169.333 -2.56039 -2.61139 6
169.333 -2.56039 -2.61139 169.365 -2.57041 -2.61411 6
169.365 -2.57041 -2.61411 170.73 -2.99111 -2.72834 6
170.73 -2.99111 -2.72834 170.752 -2.97916 -2.72848 6
170.752 -2.97916 -2.72848 171.653 -2.47709 -2.73418 6
171.653 -2.47709 -2.73418 171.689 -2.4942 -2.73774 6
171.689 -2.4942 -2.73774 171.725 -2.51131 -2.7413 6
171.725 -2.51131 -2.7413 173.207 -3.21292 -2.8872 6
173.207 -3.21292 -2.8872 173.857 -3.43733 -2.94372 6
173.857 -3.43733 -2.94372 173.929 -3.41611 -2.94585 6
173.929 -3.41611 -2.94585 174 -3.3949 -2.94798 6
174 -3.3949 -2.94798 174.072 -3.37368 -2.95011 6
174.072 -3.37368 -2.95011 174.144 -3.35247 -2.95224 6
174.144 -3.35247 -2.95224 176.941 -2.52508 -3.03532 6
176.941 -2.52508 -3.03532 176.998 -2.52272 -3.03826 6
176.998 -2.52272 -3.03826 177.054 -2.52037 -3.04121 6
177.054 -2.52037 -3.04121 177.11 -2.51801 -3.04416 6
177.11 -2.51801 -3.04416 179.36 -2.42367 -3.16201 6
179.36 -2.42367 -3.16201 179.382 -2.41559 -3.16253 6
179.382 -2.41559 -3.16253 180.313 -2.07616 -3.18442 6
180.313 -2.07616 -3.18442 180.607 -2.02185 -3.19611 6
180.607 -2.02185 -3.19611 180.652 -2.04545 -3.20071 6
180.652 -2.04545 -3.20071 180.696 -2.06904 -3.20531 6
180.696 -2.06904 -3.20531 180.741 -2.09264 -3.20991 6
180.741 -2.09264 -3.20991 182.516 -3.0364 -3.39396 6
182.516 -3.0364 -3.39396 182.713 -3.0002 -3.40175 6
182.713 -3.0002 -3.40175 183.469 -2.68888 -3.41637 6
183.469 -2.68888 -3.41637 183.666 -2.65268 -3.42416 6
183.666 -2.65268 -3.42416 183.716 -2.65941 -3.38502 6
183.716 -2.65941 -3.38502 183.766 -2.66615 -3.34587 6
183.766 -2.66615 -3.34587 183.816 -2.67288 -3.30673 6
183.816 -2.67288 -3.30673 183.866 -2.67961 -3.26758 6
183.866 -2.67961 -3.26758 185.821 -2.94219 -1.74091 6
179.36 -2.42367 -3.16201 179.373 -2.35304 -3.1564 7
179.373 -2.35304 -3.1564 179.613 -1.0109 -3.04992 7
179.613 -1.0109 -3.04992 179.731 -0.963792 -3.05235 7
179.731 -0.963792 -3.05235 179.85 -0.916679 -3.05479 7
179.85 -0.916679 -3.05479 179.968 -0.869567 -3.05722 7
179.968 -0.869567 -3.05722 181.981 -0.0686519 -3.09863 7
181.981 -0.0686519 -3.09863 181.567 0.543075 -3.02066 7
181.567 0.543075 -3.02066 181.685 0.590187 -3.0231 7
181.685 0.590187 -3.0231 181.803 0.6373 -3.02553 7
181.803 0.6373 -3.02553 181.922 0.684412 -3.02797 7
181.922 0.684412 -3.02797 183.935 1.48533 -3.06937 7
183.935 1.48533 -3.06937 183.981 1.57063 -3.06431 7
183.981 1.57063 -3.06431 184.026 1.65593 -3.05924 7
184.026 1.65593 -3.05924 184.846 3.19131 -2.968 7
184.846 3.19131 -2.968 185.436 3.29992 -2.99139 7
185.436 3.29992 -2.99139 185.632 3.33612 -2.99918 7
185.632 3.33612 -2.99918 185.679 3.4126 -2.99499 7
185.679 3.4126 -2.99499 185.726 3.48909 -2.9908 7
185.726 3.48909 -2.9908 186.575 4.8658 -2.91535 7
