5 0 0 0 0
15 3.22703 41.6235 0.0759295 67
25 -5.73877 13.9047 -0.61357 43
35 2.61459 8.05197 -0.936479 39
45 3.46766 1.73794 2.08475 33
55 3.17404 1.26602 -1.69896 51
65 -0.817424 14.0517 -2.16776 38
75 -4.55636 7.71899 6.09097 49
85 2.92889 13.9128 12.813 56
95 82.5111 95.3 -10.005 215
105 27.5284 50.0544 0.843691 151
115 33.01 25.8323 0.392948 112
125 -6.27272 16.4972 9.10995 68
135 2.34829 6.60883 7.84976 35
145 -0.359331 -3.10104 9.30553 26
155 18.9997 -44.1839 1.13946 96
165 -4.36462 -29.9847 -2.17371 83
175 22.7956 -40.1082 15.4756 109
185 7.88196 7.01106 15.7258 58
195 -15.8454 -2.33634 16.0904 105
205 -15.6627 2.47339 17.5601 57
215 -1.69893 5.92249 2.07231 48
225 -5.5172 -2.53535 5.91462 18
235 0.0720804 -1.221 11.2407 17
245 -4.15628 -0.947194 10.6729 15
255 1.34433 -0.153138 2.59719 22
265 0 0 0 0
275 0 0 0 0
285 0 0 0 0
295 0 0 0 0
305 0 0 0 0
315 0 0 0 0
325 0 0 0 0
335 0 0 0 0
345 0 0 0 0
355 0 0 0 0
365 0 0 0 0
375 0 0 0 0
385 0 0 0 0
395 0 0 0 0
405 0 0 0 0
415 0 0 0 0
425 0 0 0 0
435 0 0 0 0
445 0 0 0 0
455 0 0 0 0
465 0 0 0 0
475 0 0 0 0
485 0 0 0 0
495 0 0 0 0
505 0 0 0 0
515 0 0 0 0
525 0 0 0 0
535 0 0 0 0
545 0 0 0 0
555 0 0 0 0
565 0 0 0 0
575 0 0 0 0
585 0 0 0 0
595 0 0 0 0
605 0 0 0 0
615 0 0 0 0
625 0 0 0 0
635 0 0 0 0
645 0 0 0 0
655 0 0 0 0
665 0 0 0 0
675 0 0 0 0
685 0 0 0 0
695 0 0 0 0
705 0 0 0 0
715 0 0 0 0
725 0 0 0 0
735 0 0 0 0
745 0 0 0 0
755 0 0 0 0
765 0 0 0 0
775 0 0 0 0
785 0 0 0 0
795 0 0 0 0
805 0 0 0 0
815 0 0 0 0
825 0 0 0 0
835 0 0 0 0
845 0 0 0 0
855 0 0 0 0
865 0 0 0 0
875 0 0 0 0
885 0 0 0 0
895 0 0 0 0
905 0 0 0 0
915 0 0 0 0
925 0 0 0 0
935 0 0 0 0
945 0 0 0 0
955 0 0 0 0
965 0 0 0 0
975 0 0 0 0
985 0 0 0 0
995 0 0 0 0
1005 0 0 0 0
1015 0 0 0 0
