216.869 16.4231 35.5928 216.789 16.4424 35.5909 0
216.789 16.4424 35.5909 216.709 16.4616 35.589 0
216.709 16.4616 35.589 216.629 16.4808 35.5871 0
216.629 16.4808 35.5871 216.549 16.5001 35.5851 0
216.549 16.5001 35.5851 216.469 16.5193 35.5832 0
216.469 16.5193 35.5832 216.389 16.5386 35.5813 0
216.389 16.5386 35.5813 216.309 16.5578 35.5794 0
216.309 16.5578 35.5794 216.229 16.577 35.5774 0
216.229 16.577 35.5774 216.149 16.5963 35.5755 0
216.149 16.5963 35.5755 216.069 16.6155 35.5736 0
216.069 16.6155 35.5736 215.989 16.6348 35.5717 0
215.989 16.6348 35.5717 215.909 16.654 35.5697 0
215.909 16.654 35.5697 215.828 16.6733 35.5678 0
215.828 16.6733 35.5678 215.748 16.6925 35.5659 0
215.748 16.6925 35.5659 215.668 16.7117 35.564 0
215.668 16.7117 35.564 215.588 16.731 35.562 0
215.588 16.731 35.562 215.508 16.7502 35.5601 0
215.508 16.7502 35.5601 215.428 16.7695 35.5582 0
215.428 16.7695 35.5582 215.348 16.7887 35.5563 0
215.348 16.7887 35.5563 215.268 16.8079 35.5543 0
215.268 16.8079 35.5543 194.288 21.8491 35.0499 0
194.288 21.8491 35.0499 194.313 22.0122 35.0089 0
194.313 22.0122 35.0089 194.299 22.0179 35.0033 0
194.299 22.0179 35.0033 194.285 22.0236 34.9978 0
194.285 22.0236 34.9978 194.271 22.0294 34.9922 0
194.271 22.0294 34.9922 190.332 23.6272 33.4389 0
190.332 23.6272 33.4389 190.356 23.7903 33.3978 0
190.356 23.7903 33.3978 190.349 23.7926 33.3951 0
190.349 23.7926 33.3951 188.354 24.42 32.6243 0
188.354 24.42 32.6243 188.08 24.7696 32.4404 0
188.08 24.7696 32.4404 188.069 24.7698 32.4371 0
188.069 24.7698 32.4371 188.059 24.77 32.4339 0
188.059 24.77 32.4339 185.02 24.826 31.5262 0
185.02 24.826 31.5262 184.647 24.5232 31.5065 0
184.647 24.5232 31.5065 184.635 24.5229 31.503 0
184.635 24.5229 31.503 184.623 24.5226 31.4995 0
184.623 24.5226 31.4995 181.24 24.4494 30.5291 0
181.24 24.4494 30.5291 181.078 24.4611 30.4782 0
181.078 24.4611 30.4782 181.061 24.4605 30.4734 0
181.061 24.4605 30.4734 181.045 24.46 30.4687 0
181.045 24.46 30.4687 181.028 24.4594 30.464 0
181.028 24.4594 30.464 181.011 24.4589 30.4592 0
181.011 24.4589 30.4592 176.369 24.3068 29.143 0
176.369 24.3068 29.143 175.835 24.0156 29.0723 0
175.835 24.0156 29.0723 175.824 24.0147 29.0694 0
175.824 24.0147 29.0694 175.813 24.0138 29.0664 0
175.813 24.0138 29.0664 172.726 23.7554 28.2378 0
172.726 23.7554 28.2378 172.718 23.7432 28.2383 0
172.718 23.7432 28.2383 172.711 23.7311 28.2387 0
172.711 23.7311 28.2387 172.703 23.7189 28.2392 0
172.703 23.7189 28.2392 170.515 20.3287 28.3657 0
170.515 20.3287 28.3657 170.512 20.3202 28.3673 0
170.512 20.3202 28.3673 169.662 17.9363 28.8239 0
169.662 17.9363 28.8239 169.251 17.3162 28.8869 0
169.251 17.3162 28.8869 169.243 17.3086 28.8869 0
169.243 17.3086 28.8869 169.236 17.301 28.887 0
169.236 17.301 28.887 167.147 15.1791 28.9028 0
167.147 15.1791 28.9028 167.123 15.016 28.9438 0
167.123 15.016 28.9438 166.466 13.919 29.076 0
166.466 13.919 29.076 166.468 13.9136 29.0784 0
166.468 13.9136 29.0784 167.207 12.4007 29.7431 0
167.207 12.4007 29.7431 167.212 12.397 29.7161 0
167.212 12.397 29.7161 167.216 12.3932 29.6892 0
167.216 12.3932 29.6892 167.221 12.3895 29.6622 0
167.221 12.3895 29.6622 167.225 12.3858 29.6352 0
167.225 12.3858 29.6352 167.23 12.382 29.6082 0
167.23 12.382 29.6082 167.234 12.3783 29.5813 0
167.234 12.3783 29.5813 168.464 11.3483 22.1355 0
168.464 11.3483 22.1355 167.39 10.6112 22.0389 0
167.39 10.6112 22.0389 166.968 9.98215 22.1012 0
166.968 9.98215 22.1012 166.846 9.1762 22.3041 0
166.846 9.1762 22.3041 166.84 9.16676 22.3053 0
166.84 9.16676 22.3053 166.835 9.15732 22.3065 0
166.835 9.15732 22.3065 165.307 6.51332 22.6413 0
165.307 6.51332 22.6413 164.782 6.2215 22.5737 0
164.782 6.2215 22.5737 164.774 6.20776 22.5737 0
164.774 6.20776 22.5737 164.766 6.19402 22.5737 0
164.766 6.19402 22.5737 164.758 6.18028 22.5737 0
164.758 6.18028 22.5737 162.559 2.34682 22.5707 0
162.559 2.34682 22.5707 162.316 1.59264 21.4986 0
162.316 1.59264 21.4986 162.311 1.5854 21.4963 0
162.311 1.5854 21.4963 160.782 -0.448626 20.8297 0
160.782 -0.448626 20.8297 160.176 -0.810746 20.4343 0
160.176 -0.810746 20.4343 160.177 -0.827261 20.4161 0
160.177 -0.827261 20.4161 160.178 -0.843776 20.398 0
160.178 -0.843776 20.398 160.178 -0.86029 20.3798 0
160.178 -0.86029 20.3798 160.179 -0.876805 20.3616 0
160.179 -0.876805 20.3616 160.18 -0.893319 20.3434 0
160.18 -0.893319 20.3434 160.39 -5.46785 15.3109 0
160.39 -5.46785 15.3109 160.537 -5.76774 14.2077 0
160.537 -5.76774 14.2077 160.53 -5.77355 14.2002 0
160.53 -5.77355 14.2002 160.523 -5.77937 14.1926 0
160.523 -5.77937 14.1926 158.618 -7.40832 12.083 0
158.618 -7.40832 12.083 158.111 -7.90698 11.9087 0
158.111 -7.90698 11.9087 158.106 -7.91305 11.9061 0
158.106 -7.91305 11.9061 156.633 -9.61998 11.17 0
156.633 -9.61998 11.17 156.625 -9.62238 11.1681 0
156.625 -9.62238 11.1681 154.448 -10.2971 10.6431 0
154.448 -10.2971 10.6431 154.453 -10.3009 10.6436 0
154.453 -10.3009 10.6436 155.753 -11.3504 10.7634 0
155.753 -11.3504 10.7634 155.743 -11.3532 10.7615 0
155.743 -11.3532 10.7615 155.734 -11.356 10.7595 0
155.734 -11.356 10.7595 153.046 -12.1344 10.2018 0
153.046 -12.1344 10.2018 153.04 -12.1569 10.1728 0
153.04 -12.1569 10.1728 153.034 -12.1794 10.1439 0
153.034 -12.1794 10.1439 153.027 -12.2019 10.1149 0
153.027 -12.2019 10.1149 153.021 -12.2243 10.086 0
153.021 -12.2243 10.086 153.015 -12.2468 10.057 0
153.015 -12.2468 10.057 153.009 -12.2693 10.028 0
153.009 -12.2693 10.028 153.002 -12.2918 9.99909 0
153.002 -12.2918 9.99909 152.996 -12.3143 9.97013 0
152.996 -12.3143 9.97013 152.99 -12.3368 9.94117 0
152.99 -12.3368 9.94117 151.27 -18.4752 2.03547 0
151.27 -18.4752 2.03547 150.51 -19.235 2.03767 0
150.51 -19.235 2.03767 150.505 -19.2318 2.03534 0
150.505 -19.2318 2.03534 149.186 -18.3245 1.37966 0
149.186 -18.3245 1.37966 149.184 -18.3476 1.38616 0
149.184 -18.3476 1.38616 149.183 -18.3707 1.39265 0
149.183 -18.3707 1.39265 149.182 -18.3938 1.39914 0
149.182 -18.3938 1.39914 149.181 -18.4169 1.40564 0
149.181 -18.4169 1.40564 149.18 -18.44 1.41213 0
149.18 -18.44 1.41213 148.853 -24.8381 3.21083 0
148.853 -24.8381 3.21083 148.853 -24.8468 3.21341 0
148.853 -24.8468 3.21341 148.834 -27.3101 3.93739 0
148.834 -27.3101 3.93739 148.997 -27.4741 3.38356 0
148.997 -27.4741 3.38356 148.995 -27.473 3.37677 0
148.995 -27.473 3.37677 148.392 -27.1663 1.46838 0
148.392 -27.1663 1.46838 148.402 -27.1847 1.45286 0
148.402 -27.1847 1.45286 148.412 -27.2031 1.43734 0
148.412 -27.2031 1.43734 148.422 -27.2216 1.42182 0
148.422 -27.2216 1.42182 148.432 -27.24 1.4063 0
148.432 -27.24 1.4063 148.441 -27.2584 1.39078 0
148.441 -27.2584 1.39078 148.451 -27.2769 1.37526 0
148.451 -27.2769 1.37526 151.159 -32.366 -2.90826 0
151.159 -32.366 -2.90826 151.2 -32.407 -3.04672 0
151.2 -32.407 -3.04672 151.2 -32.4163 -3.04387 0
151.2 -32.4163 -3.04387 151.2 -32.4256 -3.04103 0
151.2 -32.4256 -3.04103 151.283 -35.032 -2.24501 0
151.283 -35.032 -2.24501 151.284 -35.0431 -2.24138 0
151.284 -35.0431 -2.24138 151.285 -35.0542 -2.23774 0
151.285 -35.0542 -2.23774 151.617 -38.16 -1.22075 0
151.617 -38.16 -1.22075 151.933 -39.3177 -0.7855 0
151.933 -39.3177 -0.7855 152.085 -39.3287 -0.737587 0
152.085 -39.3287 -0.737587 152.658 -39.8648 -0.410805 0
152.658 -39.8648 -0.410805 152.664 -39.8635 -0.409458 0
152.664 -39.8635 -0.409458 154.331 -39.491 -0.0308728 0
154.331 -39.491 -0.0308728 154.323 -39.5037 -0.0238075 0
154.323 -39.5037 -0.0238075 154.316 -39.5163 -0.0167421 0
154.316 -39.5163 -0.0167421 154.308 -39.529 -0.00967669 0
154.308 -39.529 -0.00967669 152.206 -43.0556 1.96157 0
152.206 -43.0556 1.96157 152.132 -43.5449 2.08472 0
152.132 -43.5449 2.08472 152.139 -43.5819 2.04849 0
152.139 -43.5819 2.04849 152.146 -43.6188 2.01226 0
152.146 -43.6188 2.01226 152.153 -43.6557 1.97603 0
152.153 -43.6557 1.97603 152.159 -43.6926 1.9398 0
152.159 -43.6926 1.9398 152.166 -43.7295 1.90357 0
152.166 -43.7295 1.90357 152.173 -43.7664 1.86735 0
152.173 -43.7664 1.86735 152.18 -43.8034 1.83112 0
152.18 -43.8034 1.83112 152.187 -43.8403 1.79489 0
152.187 -43.8403 1.79489 152.194 -43.8772 1.75866 0
152.194 -43.8772 1.75866 152.201 -43.9141 1.72243 0
152.201 -43.9141 1.72243 152.207 -43.951 1.6862 0
152.207 -43.951 1.6862 152.214 -43.9879 1.64997 0
152.214 -43.9879 1.64997 152.221 -44.0249 1.61375 0
152.221 -44.0249 1.61375 154.069 -53.9555 -8.13174 0
154.069 -53.9555 -8.13174 154.069 -53.9656 -8.13207 0
154.069 -53.9656 -8.13207 154.07 -53.9757 -8.13239 0
154.07 -53.9757 -8.13239 154.238 -56.8079 -8.22333 0
154.238 -56.8079 -8.22333 154.232 -56.8046 -8.22601 0
154.232 -56.8046 -8.22601 152.6 -55.8747 -8.98016 0
152.6 -55.8747 -8.98016 152.603 -55.8859 -8.97581 0
152.603 -55.8859 -8.97581 152.607 -55.8972 -8.97145 0
152.607 -55.8972 -8.97145 153.581 -59.0495 -7.75227 0
153.581 -59.0495 -7.75227 153.582 -59.0587 -7.74876 0
153.582 -59.0587 -7.74876 153.583 -59.0678 -7.74526 0
153.583 -59.0678 -7.74526 153.787 -61.6355 -6.76361 0
153.787 -61.6355 -6.76361 153.875 -62.1366 -6.58955 0
153.875 -62.1366 -6.58955 153.876 -62.1453 -6.58883 0
153.876 -62.1453 -6.58883 154.336 -64.6041 -6.38451 0
154.336 -64.6041 -6.38451 154.479 -64.749 -6.87373 0
154.479 -64.749 -6.87373 154.488 -64.7463 -6.87259 0
154.488 -64.7463 -6.87259 156.903 -63.9826 -6.55235 0
156.903 -63.9826 -6.55235 156.898 -63.9915 -6.55128 0
156.898 -63.9915 -6.55128 156.892 -64.0004 -6.55022 0
156.892 -64.0004 -6.55022 155.397 -66.4926 -6.25074 0
155.397 -66.4926 -6.25074 155.325 -66.9724 -6.13 0
155.325 -66.9724 -6.13 155.323 -66.9832 -6.13442 0
155.323 -66.9832 -6.13442 155.322 -66.9941 -6.13885 0
155.322 -66.9941 -6.13885 154.96 -70.0348 -7.37771 0
154.96 -70.0348 -7.37771 155.038 -70.3018 -7.68742 0
155.038 -70.3018 -7.68742 154.565 -71.8003 -7.6315 0
154.565 -71.8003 -7.6315 154.372 -72.3093 -7.70013 0
154.372 -72.3093 -7.70013 154.367 -72.321 -7.69979 0
154.367 -72.321 -7.69979 154.362 -72.3327 -7.69945 0
154.362 -72.3327 -7.69945 153.042 -75.5962 -7.60418 0
153.042 -75.5962 -7.60418 153.048 -75.5993 -7.60325 0
153.048 -75.5993 -7.60325 154.485 -76.4468 -7.34097 0
154.485 -76.4468 -7.34097 154.481 -76.4584 -7.35475 0
154.481 -76.4584 -7.35475 154.477 -76.47 -7.36852 0
154.477 -76.47 -7.36852 154.473 -76.4816 -7.38229 0
154.473 -76.4816 -7.38229 154.469 -76.4931 -7.39607 0
154.469 -76.4931 -7.39607 153.348 -79.7119 -11.2251 0
153.348 -79.7119 -11.2251 153.355 -79.713 -11.223 0
153.355 -79.713 -11.223 155.084 -80.0023 -10.6301 0
155.084 -80.0023 -10.6301 155.068 -80.0156 -10.6307 0
155.068 -80.0156 -10.6307 155.053 -80.029 -10.6314 0
155.053 -80.029 -10.6314 155.037 -80.0423 -10.6321 0
155.037 -80.0423 -10.6321 155.021 -80.0557 -10.6328 0
155.021 -80.0557 -10.6328 150.637 -83.7644 -10.8203 0
150.637 -83.7644 -10.8203 150.647 -83.7651 -10.8172 0
150.647 -83.7651 -10.8172 150.657 -83.7658 -10.8142 0
150.657 -83.7658 -10.8142 153.359 -83.9611 -9.96381 0
153.359 -83.9611 -9.96381 153.351 -83.9693 -9.96362 0
153.351 -83.9693 -9.96362 153.344 -83.9774 -9.96343 0
153.344 -83.9774 -9.96343 151.232 -86.2517 -9.90929 0
151.232 -86.2517 -9.90929 151.233 -86.2574 -9.90803 0
151.233 -86.2574 -9.90803 151.372 -87.8615 -9.55417 0
151.372 -87.8615 -9.55417 151.37 -87.8724 -9.55142 0
151.37 -87.8724 -9.55142 151.368 -87.8834 -9.54867 0
151.368 -87.8834 -9.54867 150.905 -90.9414 -8.77903 0
150.905 -90.9414 -8.77903 150.994 -91.4328 -8.60739 0
150.994 -91.4328 -8.60739 150.989 -91.4551 -8.60227 0
150.989 -91.4551 -8.60227 150.984 -91.4775 -8.59715 0
150.984 -91.4775 -8.59715 150.979 -91.4998 -8.59203 0
150.979 -91.4998 -8.59203 150.974 -91.5221 -8.58691 0
150.974 -91.5221 -8.58691 150.969 -91.5445 -8.58178 0
150.969 -91.5445 -8.58178 149.559 -97.7309 -7.16338 0
149.559 -97.7309 -7.16338 149.706 -97.8385 -7.08833 0
149.706 -97.8385 -7.08833 149.697 -97.8512 -7.08732 0
149.697 -97.8512 -7.08732 149.688 -97.864 -7.0863 0
149.688 -97.864 -7.0863 149.678 -97.8767 -7.08529 0
149.678 -97.8767 -7.08529 147.056 -101.43 -6.80239 0
147.056 -101.43 -6.80239 147.101 -102.209 -6.5583 0
147.101 -102.209 -6.5583 147.129 -102.25 -6.64162 0
147.129 -102.25 -6.64162 147.157 -102.292 -6.72493 0
147.157 -102.292 -6.72493 147.186 -102.334 -6.80825 0
147.186 -102.334 -6.80825 147.214 -102.375 -6.89157 0
147.214 -102.375 -6.89157 147.242 -102.417 -6.97488 0
147.242 -102.417 -6.97488 147.27 -102.458 -7.0582 0
147.27 -102.458 -7.0582 147.299 -102.5 -7.14152 0
147.299 -102.5 -7.14152 147.327 -102.541 -7.22484 0
147.327 -102.541 -7.22484 147.355 -102.583 -7.30815 0
147.355 -102.583 -7.30815 147.383 -102.624 -7.39147 0
147.383 -102.624 -7.39147 147.411 -102.666 -7.47479 0
147.411 -102.666 -7.47479 147.44 -102.707 -7.5581 0
147.44 -102.707 -7.5581 147.468 -102.749 -7.64142 0
147.468 -102.749 -7.64142 147.496 -102.79 -7.72474 0
147.496 -102.79 -7.72474 147.524 -102.832 -7.80806 0
147.524 -102.832 -7.80806 147.552 -102.873 -7.89137 0
147.552 -102.873 -7.89137 147.581 -102.915 -7.97469 0
147.581 -102.915 -7.97469 147.609 -102.956 -8.05801 0
147.609 -102.956 -8.05801 147.637 -102.998 -8.14133 0
147.637 -102.998 -8.14133 147.665 -103.039 -8.22464 0
147.665 -103.039 -8.22464 147.693 -103.081 -8.30796 0
147.693 -103.081 -8.30796 147.722 -103.122 -8.39128 0
147.722 -103.122 -8.39128 147.75 -103.164 -8.47459 0
147.75 -103.164 -8.47459 147.778 -103.205 -8.55791 0
147.778 -103.205 -8.55791 155.057 -113.913 -30.0537 0
155.057 -113.913 -30.0537 155.052 -113.92 -30.0531 0
155.052 -113.92 -30.0531 153.805 -115.763 -29.8732 0
153.805 -115.763 -29.8732 153.449 -117.095 -29.5831 0
153.449 -117.095 -29.5831 153.444 -117.111 -29.5798 0
153.444 -117.111 -29.5798 153.438 -117.128 -29.5765 0
153.438 -117.128 -29.5765 153.433 -117.144 -29.5732 0
153.433 -117.144 -29.5732 153.427 -117.161 -29.5699 0
153.427 -117.161 -29.5699 151.937 -121.739 -28.6514 0
151.937 -121.739 -28.6514 152.017 -122.229 -28.4828 0
152.017 -122.229 -28.4828 152.265 -123.684 -27.9032 0
152.265 -123.684 -27.9032 151.606 -124.801 -27.7662 0
151.606 -124.801 -27.7662 150.808 -125.81 -27.7012 0
150.808 -125.81 -27.7012 150.819 -125.818 -27.6948 0
150.819 -125.818 -27.6948 150.829 -125.826 -27.6884 0
150.829 -125.826 -27.6884 150.84 -125.834 -27.682 0
150.84 -125.834 -27.682 153.785 -128.101 -25.9006 0
153.785 -128.101 -25.9006 153.767 -128.107 -25.9043 0
153.767 -128.107 -25.9043 153.748 -128.113 -25.908 0
153.748 -128.113 -25.908 153.729 -128.118 -25.9118 0
153.729 -128.118 -25.9118 153.711 -128.124 -25.9155 0
153.711 -128.124 -25.9155 148.522 -129.757 -26.9536 0
148.522 -129.757 -26.9536 148.517 -129.761 -26.9538 0
148.517 -129.761 -26.9538 147.21 -130.923 -26.9931 0
147.21 -130.923 -26.9931 147.203 -130.928 -26.9939 0
147.203 -130.928 -26.9939 145.079 -132.224 -27.2328 0
145.079 -132.224 -27.2328 143.811 -133.103 -27.3446 0
143.811 -133.103 -27.3446 143.807 -133.109 -27.3439 0
143.807 -133.109 -27.3439 142.736 -134.868 -27.1374 0
142.736 -134.868 -27.1374 142.085 -135.985 -26.9973 0
142.085 -135.985 -26.9973 142.079 -135.989 -26.998 0
142.079 -135.989 -26.998 140.298 -137.116 -27.1865 0
140.298 -137.116 -27.1865 140.292 -137.116 -27.1883 0
140.292 -137.116 -27.1883 138.699 -137.001 -27.6896 0
138.699 -137.001 -27.6896 138.682 -136.996 -27.696 0
138.682 -136.996 -27.696 138.665 -136.992 -27.7024 0
138.665 -136.992 -27.7024 138.648 -136.987 -27.7088 0
138.648 -136.987 -27.7088 138.631 -136.982 -27.7151 0
138.631 -136.982 -27.7151 133.886 -135.683 -29.4912 0
133.886 -135.683 -29.4912 134.362 -135.717 -29.3415 0
172.726 23.7554 28.2378 172.714 23.7562 28.234 1
172.714 23.7562 28.234 172.702 23.7571 28.2303 1
172.702 23.7571 28.2303 172.69 23.758 28.2265 1
172.69 23.758 28.2265 169.053 24.0209 27.0819 1
169.053 24.0209 27.0819 168.916 24.1957 26.99 1
168.916 24.1957 26.99 168.902 24.1973 26.9854 1
168.902 24.1973 26.9854 168.888 24.1988 26.9808 1
168.888 24.1988 26.9808 168.874 24.2004 26.9762 1
168.874 24.2004 26.9762 164.62 24.6711 25.5894 1
164.62 24.6711 25.5894 164.144 24.7055 25.4397 1
164.144 24.7055 25.4397 164.128 24.7097 25.4463 1
164.128 24.7097 25.4463 164.112 24.7138 25.4529 1
164.112 24.7138 25.4529 164.096 24.7179 25.4595 1
164.096 24.7179 25.4595 164.079 24.722 25.4661 1
164.079 24.722 25.4661 159.174 25.9682 27.465 1
159.174 25.9682 27.465 159.167 25.9742 27.4825 1
159.167 25.9742 27.4825 159.16 25.9803 27.5 1
159.16 25.9803 27.5 159.152 25.9864 27.5175 1
159.152 25.9864 27.5175 159.145 25.9924 27.535 1
159.145 25.9924 27.535 159.138 25.9985 27.5525 1
159.138 25.9985 27.5525 156.92 27.8241 32.8194 1
156.92 27.8241 32.8194 156.902 27.8297 32.813 1
156.902 27.8297 32.813 156.885 27.8353 32.8066 1
156.885 27.8353 32.8066 156.868 27.8409 32.8002 1
156.868 27.8409 32.8002 156.851 27.8464 32.7938 1
156.851 27.8464 32.7938 156.834 27.852 32.7873 1
156.834 27.852 32.7873 151.66 29.534 30.8574 1
151.66 29.534 30.8574 151.658 29.5423 30.8546 1
151.658 29.5423 30.8546 151.656 29.5505 30.8519 1
151.656 29.5505 30.8519 151.045 32.0528 30.0178 1
151.045 32.0528 30.0178 151.034 32.0435 30.0174 1
151.034 32.0435 30.0174 151.023 32.0341 30.017 1
151.023 32.0341 30.017 151.012 32.0248 30.0165 1
151.012 32.0248 30.0165 147.697 29.191 29.8832 1
147.697 29.191 29.8832 147.221 29.2254 29.7335 1
147.221 29.2254 29.7335 147.199 29.2206 29.7285 1
147.199 29.2206 29.7285 147.177 29.2157 29.7235 1
147.177 29.2157 29.7235 147.155 29.2109 29.7185 1
147.155 29.2109 29.7185 147.134 29.2061 29.7135 1
147.134 29.2061 29.7135 147.112 29.2013 29.7086 1
147.112 29.2013 29.7086 147.09 29.1965 29.7036 1
147.09 29.1965 29.7036 140.532 27.7496 28.2089 1
140.532 27.7496 28.2089 140.047 27.7847 28.0562 1
140.047 27.7847 28.0562 140.033 27.7856 28.0567 1
140.033 27.7856 28.0567 140.02 27.7865 28.0573 1
140.02 27.7865 28.0573 140.006 27.7874 28.0579 1
140.006 27.7874 28.0579 135.884 28.0631 28.2262 1
135.884 28.0631 28.2262 135.878 28.0566 28.2264 1
135.878 28.0566 28.2264 135.872 28.05 28.2267 1
135.872 28.05 28.2267 134.129 26.0648 28.3031 1
134.129 26.0648 28.3031 134.115 26.0722 28.2969 1
134.115 26.0722 28.2969 134.101 26.0796 28.2907 1
134.101 26.0796 28.2907 134.087 26.087 28.2845 1
134.087 26.087 28.2845 134.074 26.0944 28.2783 1
134.074 26.0944 28.2783 129.94 28.3269 26.4049 1
129.94 28.3269 26.4049 129.616 28.3503 26.3031 1
129.616 28.3503 26.3031 129.603 28.3529 26.2982 1
129.603 28.3529 26.2982 129.589 28.3556 26.2934 1
129.589 28.3556 26.2934 129.575 28.3582 26.2886 1
129.575 28.3582 26.2886 125.38 29.1513 24.8234 1
125.38 29.1513 24.8234 124.919 29.3495 24.6296 1
124.919 29.3495 24.6296 124.912 29.3505 24.6273 1
124.912 29.3505 24.6273 122.869 29.6626 23.9357 1
122.869 29.6626 23.9357 122.858 29.6634 23.9325 1
122.858 29.6634 23.9325 122.847 29.6643 23.9293 1
122.847 29.6643 23.9293 119.488 29.9273 22.9525 1
119.488 29.9273 22.9525 119.492 29.932 22.9416 1
119.492 29.932 22.9416 119.495 29.9368 22.9307 1
119.495 29.9368 22.9307 119.498 29.9415 22.9198 1
119.498 29.9415 22.9198 120.498 31.3826 19.6109 1
120.498 31.3826 19.6109 120.492 31.3841 19.6088 1
120.492 31.3841 19.6088 118.787 31.8361 18.9748 1
118.787 31.8361 18.9748 118.282 31.8725 18.8161 1
118.282 31.8725 18.8161 118.275 31.872 18.8142 1
118.275 31.872 18.8142 116.139 31.6977 18.2394 1
116.139 31.6977 18.2394 115.428 32.0789 17.9177 1
115.428 32.0789 17.9177 114.24 32.4946 17.4463 1
114.24 32.4946 17.4463 114.069 32.4892 17.3218 1
114.069 32.4892 17.3218 114.061 32.4924 17.3188 1
114.061 32.4924 17.3188 111.907 33.4603 16.4003 1
111.907 33.4603 16.4003 112.054 34.4293 16.1564 1
112.054 34.4293 16.1564 112.046 34.4293 16.1541 1
112.046 34.4293 16.1541 109.65 34.4382 15.4488 1
109.65 34.4382 15.4488 109.644 34.4407 15.4463 1
109.644 34.4407 15.4463 107.844 35.2186 14.6881 1
107.844 35.2186 14.6881 107.836 35.2181 14.6859 1
107.836 35.2181 14.6859 105.417 35.074 14.0192 1
105.417 35.074 14.0192 105.036 35.1015 13.8994 1
105.036 35.1015 13.8994 105.032 35.1039 13.8974 1
105.032 35.1039 13.8974 103.706 35.8475 13.2884 1
103.706 35.8475 13.2884 103.71 35.8526 13.288 1
103.71 35.8526 13.288 104.807 37.3975 13.1523 1
104.807 37.3975 13.1523 104.805 37.3907 13.1335 1
104.805 37.3907 13.1335 104.804 37.3839 13.1147 1
104.804 37.3839 13.1147 104.802 37.3771 13.0959 1
104.802 37.3771 13.0959 104.801 37.3703 13.077 1
104.801 37.3703 13.077 104.8 37.3635 13.0582 1
104.8 37.3635 13.0582 104.365 35.3179 7.39839 1
104.365 35.3179 7.39839 104.009 35.5086 7.23755 1
104.009 35.5086 7.23755 104.004 35.5122 7.2348 1
104.004 35.5122 7.2348 102.253 36.6152 6.39475 1
102.253 36.6152 6.39475 102.241 36.6181 6.39007 1
102.241 36.6181 6.39007 102.229 36.6211 6.38538 1
102.229 36.6211 6.38538 102.217 36.624 6.3807 1
102.217 36.624 6.3807 98.5655 37.5114 4.9613 1
98.5655 37.5114 4.9613 99.3327 38.7653 4.81498 1
99.3327 38.7653 4.81498 99.32 38.7641 4.81161 1
99.32 38.7641 4.81161 99.3072 38.7629 4.80823 1
99.3072 38.7629 4.80823 99.2944 38.7617 4.80485 1
99.2944 38.7617 4.80485 95.4274 38.3881 3.78137 1
95.4274 38.3881 3.78137 94.5993 39.2724 3.27666 1
94.5993 39.2724 3.27666 94.409 39.2862 3.21677 1
94.409 39.2862 3.21677 94.1176 37.9978 3.51281 1
94.1176 37.9978 3.51281 94.1191 38.0057 3.51092 1
94.1191 38.0057 3.51092 94.579 40.4088 2.93424 1
94.579 40.4088 2.93424 94.2456 40.1128 2.92409 1
94.2456 40.1128 2.92409 93.4843 40.1678 2.68453 1
93.4843 40.1678 2.68453 93.4596 40.0047 2.72558 1
93.4596 40.0047 2.72558 92.4397 40.8932 2.16339 1
92.4397 40.8932 2.16339 92.2494 40.907 2.1035 1
92.2494 40.907 2.1035 91.0348 40.5098 1.86489 1
91.0348 40.5098 1.86489 91.0318 40.523 1.85877 1
91.0318 40.523 1.85877 91.0288 40.5362 1.85265 1
91.0288 40.5362 1.85265 91.0259 40.5494 1.84652 1
91.0259 40.5494 1.84652 90.1303 44.5526 -0.00913034 1
90.1303 44.5526 -0.00913034 90.6791 44.5433 -0.419614 1
90.6791 44.5433 -0.419614 90.672 44.5417 -0.421238 1
90.672 44.5417 -0.421238 88.4882 44.0518 -0.916627 1
88.4882 44.0518 -0.916627 88.4883 44.0588 -0.918649 1
88.4883 44.0588 -0.918649 88.521 46.1737 -1.53529 1
88.521 46.1737 -1.53529 88.3307 46.1875 -1.59518 1
88.3307 46.1875 -1.59518 88.3224 46.1928 -1.59921 1
88.3224 46.1928 -1.59921 88.3141 46.1982 -1.60324 1
88.3141 46.1982 -1.60324 85.7904 47.8357 -2.82823 1
85.7904 47.8357 -2.82823 85.7967 47.8279 -2.87178 1
85.7967 47.8279 -2.87178 85.803 47.82 -2.91533 1
85.803 47.82 -2.91533 85.8092 47.8121 -2.95888 1
85.8092 47.8121 -2.95888 85.8155 47.8042 -3.00243 1
85.8155 47.8042 -3.00243 85.8218 47.7963 -3.04598 1
85.8218 47.7963 -3.04598 85.828 47.7884 -3.08953 1
85.828 47.7884 -3.08953 85.8343 47.7805 -3.13309 1
85.8343 47.7805 -3.13309 85.8406 47.7726 -3.17664 1
85.8406 47.7726 -3.17664 85.8468 47.7647 -3.22019 1
85.8468 47.7647 -3.22019 85.8531 47.7568 -3.26374 1
85.8531 47.7568 -3.26374 85.8594 47.7489 -3.30729 1
85.8594 47.7489 -3.30729 85.8656 47.7411 -3.35084 1
85.8656 47.7411 -3.35084 87.7078 45.4212 -16.1548 1
87.7078 45.4212 -16.1548 87.7077 45.4313 -16.1578 1
87.7077 45.4313 -16.1578 87.7077 45.4415 -16.1608 1
87.7077 45.4415 -16.1608 87.6971 48.5258 -17.0772 1
87.6971 48.5258 -17.0772 87.681 48.5174 -17.0794 1
87.681 48.5174 -17.0794 87.6649 48.5089 -17.0816 1
87.6649 48.5089 -17.0816 87.6489 48.5005 -17.0838 1
87.6489 48.5005 -17.0838 87.6328 48.4921 -17.086 1
87.6328 48.4921 -17.086 82.784 45.942 -17.753 1
82.784 45.942 -17.753 82.7778 45.9497 -17.7467 1
82.7778 45.9497 -17.7467 82.7715 45.9575 -17.7403 1
82.7715 45.9575 -17.7403 82.7653 45.9652 -17.734 1
82.7653 45.9652 -17.734 80.8755 48.3126 -15.8187 1
80.8755 48.3126 -15.8187 80.6852 48.3263 -15.8786 1
80.6852 48.3263 -15.8786 80.6836 48.3217 -15.8777 1
80.6836 48.3217 -15.8777 80.1803 46.8982 -15.6038 1
80.1803 46.8982 -15.6038 80.1748 46.9076 -15.6082 1
80.1748 46.9076 -15.6082 80.1693 46.9171 -15.6126 1
80.1693 46.9171 -15.6126 80.1638 46.9266 -15.617 1
80.1638 46.9266 -15.617 78.5024 49.7936 -16.9532 1
78.5024 49.7936 -16.9532 79.2124 50.8184 -16.6367 1
79.2124 50.8184 -16.6367 79.1982 50.8236 -16.6405 1
79.1982 50.8236 -16.6405 79.184 50.8288 -16.6444 1
79.184 50.8288 -16.6444 79.1698 50.834 -16.6482 1
79.1698 50.834 -16.6482 79.1556 50.8392 -16.652 1
79.1556 50.8392 -16.652 74.863 52.4118 -17.8099 1
74.863 52.4118 -17.8099 74.8599 52.4078 -17.8096 1
74.8599 52.4078 -17.8096 73.9055 51.1716 -17.7235 1
73.9055 51.1716 -17.7235 73.8956 51.1871 -17.7157 1
73.8956 51.1871 -17.7157 73.8856 51.2026 -17.7079 1
73.8856 51.2026 -17.7079 73.8757 51.2181 -17.7001 1
73.8757 51.2181 -17.7001 73.8658 51.2337 -17.6923 1
73.8658 51.2337 -17.6923 73.8559 51.2492 -17.6845 1
73.8559 51.2492 -17.6845 70.8715 55.9208 -15.3394 1
70.8715 55.9208 -15.3394 70.872 55.9181 -15.3701 1
70.872 55.9181 -15.3701 70.8726 55.9155 -15.4008 1
70.8726 55.9155 -15.4008 70.8731 55.9128 -15.4315 1
70.8731 55.9128 -15.4315 70.8737 55.9101 -15.4622 1
70.8737 55.9101 -15.4622 70.8742 55.9075 -15.4929 1
70.8742 55.9075 -15.4929 70.8747 55.9048 -15.5236 1
70.8747 55.9048 -15.5236 70.8753 55.9021 -15.5543 1
70.8753 55.9021 -15.5543 70.8758 55.8995 -15.585 1
70.8758 55.8995 -15.585 71.0368 55.105 -24.7347 1
71.0368 55.105 -24.7347 71.118 55.023 -25.0116 1
71.118 55.023 -25.0116 70.2069 53.924 -25.04 1
70.2069 53.924 -25.04 70.1947 53.935 -25.0469 1
70.1947 53.935 -25.0469 70.1826 53.946 -25.0537 1
70.1826 53.946 -25.0537 70.1704 53.9571 -25.0605 1
70.1704 53.9571 -25.0605 70.1582 53.9681 -25.0674 1
70.1582 53.9681 -25.0674 66.4848 57.297 -27.1304 1
66.4848 57.297 -27.1304 66.1993 57.3176 -27.2202 1
66.1993 57.3176 -27.2202 66.1952 57.3148 -27.2337 1
66.1952 57.3148 -27.2337 66.191 57.312 -27.2473 1
66.191 57.312 -27.2473 66.1868 57.3093 -27.2608 1
66.1868 57.3093 -27.2608 64.9197 56.4687 -31.3634 1
64.9197 56.4687 -31.3634 64.7169 56.1383 -32.7984 1
64.7169 56.1383 -32.7984 64.7133 56.1373 -32.8112 1
64.7133 56.1373 -32.8112 64.7098 56.1363 -32.8241 1
64.7098 56.1363 -32.8241 64.7062 56.1354 -32.8369 1
64.7062 56.1354 -32.8369 63.6206 55.8469 -36.728 1
63.6206 55.8469 -36.728 63.7984 55.489 -38.0432 1
63.7984 55.489 -38.0432 63.7938 55.4918 -38.0574 1
63.7938 55.4918 -38.0574 63.7892 55.4946 -38.0717 1
63.7892 55.4946 -38.0717 63.7847 55.4974 -38.0859 1
63.7847 55.4974 -38.0859 63.7801 55.5003 -38.1002 1
63.7801 55.5003 -38.1002 62.3963 56.3546 -42.405 1
62.3963 56.3546 -42.405 62.4992 56.2507 -42.7557 1
62.4992 56.2507 -42.7557 62.5062 56.2525 -42.7558 1
62.5062 56.2525 -42.7558 64.649 56.7933 -42.7843 1
64.649 56.7933 -42.7843 64.6361 56.7948 -42.7887 1
64.6361 56.7948 -42.7887 64.6232 56.7962 -42.7932 1
64.6232 56.7962 -42.7932 64.6103 56.7976 -42.7976 1
64.6103 56.7976 -42.7976 60.6958 57.2263 -44.1476 1
60.6958 57.2263 -44.1476 59.984 57.6075 -44.4693 1
59.984 57.6075 -44.4693 59.9785 57.6091 -44.4821 1
59.9785 57.6091 -44.4821 59.973 57.6108 -44.4949 1
59.973 57.6108 -44.4949 59.9676 57.6124 -44.5077 1
59.9676 57.6124 -44.5077 58.3111 58.1041 -48.3896 1
58.3111 58.1041 -48.3896 58.414 58.0003 -48.7403 1
58.414 58.0003 -48.7403 58.412 57.9951 -48.7394 1
58.412 57.9951 -48.7394 57.7877 56.4063 -48.452 1
57.7877 56.4063 -48.452 57.7752 56.4152 -48.4583 1
57.7752 56.4152 -48.4583 57.7628 56.4242 -48.4646 1
57.7628 56.4242 -48.4646 57.7503 56.4331 -48.4709 1
57.7503 56.4331 -48.4709 57.7378 56.442 -48.4772 1
57.7378 56.442 -48.4772 53.9683 59.1364 -50.3805 1
53.9683 59.1364 -50.3805 53.9572 59.1414 -50.3858 1
53.9572 59.1414 -50.3858 53.9462 59.1463 -50.391 1
53.9462 59.1463 -50.391 53.9352 59.1512 -50.3962 1
53.9352 59.1512 -50.3962 50.5875 60.6425 -51.9805 1
50.5875 60.6425 -51.9805 50.7778 60.6288 -51.9206 1
50.7778 60.6288 -51.9206 50.7873 60.6286 -51.9181 1
50.7873 60.6286 -51.9181 50.7968 60.6283 -51.9155 1
50.7968 60.6283 -51.9155 53.6791 60.5636 -51.1371 1
53.6791 60.5636 -51.1371 53.661 60.5684 -51.1452 1
53.661 60.5684 -51.1452 53.6429 60.5731 -51.1532 1
53.6429 60.5731 -51.1532 53.6248 60.5778 -51.1613 1
53.6248 60.5778 -51.1613 53.6068 60.5826 -51.1693 1
53.6068 60.5826 -51.1693 53.5887 60.5873 -51.1774 1
53.5887 60.5873 -51.1774 48.1485 62.0116 -53.5995 1
48.1485 62.0116 -53.5995 48.1922 62.1556 -53.7052 1
48.1922 62.1556 -53.7052 48.7381 63.0881 -54.5579 1
48.7381 63.0881 -54.5579 48.7221 63.0923 -54.5783 1
48.7221 63.0923 -54.5783 48.7062 63.0964 -54.5987 1
48.7062 63.0964 -54.5987 48.6902 63.1006 -54.6191 1
48.6902 63.1006 -54.6191 48.6743 63.1048 -54.6395 1
48.6743 63.1048 -54.6395 48.6583 63.1089 -54.6599 1
48.6583 63.1089 -54.6599 48.6424 63.1131 -54.6802 1
48.6424 63.1131 -54.6802 48.6264 63.1173 -54.7006 1
48.6264 63.1173 -54.7006 43.8581 64.3624 -60.7973 1
43.8581 64.3624 -60.7973 43.8477 64.3663 -60.8016 1
43.8477 64.3663 -60.8016 43.8373 64.3703 -60.8058 1
43.8373 64.3703 -60.8058 43.8269 64.3742 -60.81 1
43.8269 64.3742 -60.81 40.6742 65.5722 -62.0893 1
40.6742 65.5722 -62.0893 40.3887 65.5929 -62.1792 1
40.3887 65.5929 -62.1792 40.3816 65.5932 -62.1958 1
40.3816 65.5932 -62.1958 40.3745 65.5935 -62.2125 1
40.3745 65.5935 -62.2125 40.3674 65.5938 -62.2291 1
40.3674 65.5938 -62.2291 40.3603 65.5941 -62.2458 1
40.3603 65.5941 -62.2458 38.2169 65.6917 -67.2764 1
38.2169 65.6917 -67.2764 38.4987 65.0117 -66.9924 1
38.4987 65.0117 -66.9924 38.4833 65.0251 -66.9853 1
38.4833 65.0251 -66.9853 38.468 65.0384 -66.9782 1
38.468 65.0384 -66.9782 38.4526 65.0517 -66.9711 1
38.4526 65.0517 -66.9711 38.4373 65.065 -66.964 1
38.4373 65.065 -66.964 38.4219 65.0783 -66.9569 1
38.4219 65.0783 -66.9569 33.801 69.0842 -64.8199 1
33.801 69.0842 -64.8199 33.8026 69.0911 -64.8212 1
33.8026 69.0911 -64.8212 34.288 71.1935 -65.215 1
34.288 71.1935 -65.215 33.8122 71.2279 -65.3648 1
33.8122 71.2279 -65.3648 33.8014 71.2255 -65.3627 1
33.8014 71.2255 -65.3627 33.7906 71.2231 -65.3606 1
33.7906 71.2231 -65.3606 30.5098 70.482 -64.7257 1
30.5098 70.482 -64.7257 30.2026 70.5245 -64.7417 1
30.2026 70.5245 -64.7417 30.1959 70.5301 -64.744 1
30.1959 70.5301 -64.744 30.1891 70.5357 -64.7463 1
30.1891 70.5357 -64.7463 28.1305 72.2354 -65.4443 1
28.1305 72.2354 -65.4443 27.1142 72.6564 -65.7912 1
27.1142 72.6564 -65.7912 28.0958 73.5854 -65.6917 1
28.0958 73.5854 -65.6917 28.0929 73.5791 -65.7299 1
28.0929 73.5791 -65.7299 28.09 73.5728 -65.768 1
28.09 73.5728 -65.768 28.0871 73.5665 -65.8061 1
28.0871 73.5665 -65.8061 28.0843 73.5602 -65.8443 1
28.0843 73.5602 -65.8443 28.0814 73.5539 -65.8824 1
28.0814 73.5539 -65.8824 28.0785 73.5476 -65.9205 1
28.0785 73.5476 -65.9205 28.0756 73.5413 -65.9587 1
28.0756 73.5413 -65.9587 28.0728 73.535 -65.9968 1
28.0728 73.535 -65.9968 28.0699 73.5287 -66.0349 1
28.0699 73.5287 -66.0349 28.067 73.5224 -66.0731 1
28.067 73.5224 -66.0731 28.0641 73.5161 -66.1112 1
28.0641 73.5161 -66.1112 27.215 71.6574 -77.3612 1
27.215 71.6574 -77.3612 27.2136 71.6522 -77.36 1
27.2136 71.6522 -77.36 26.7805 70.0593 -77.0154 1
26.7805 70.0593 -77.0154 26.777 70.0675 -77.0189 1
26.777 70.0675 -77.0189 26.7736 70.0758 -77.0223 1
26.7736 70.0758 -77.0223 25.7208 72.5899 -78.0755 1
25.7208 72.5899 -78.0755 24.7692 72.6587 -78.375 1
24.7692 72.6587 -78.375 23.9366 73.3484 -78.91 1
23.9366 73.3484 -78.91 23.9367 74.4752 -79.3195 1
23.9367 74.4752 -79.3195 23.9282 74.4769 -79.3225 1
23.9282 74.4769 -79.3225 23.9196 74.4786 -79.3255 1
23.9196 74.4786 -79.3255 21.3201 74.9845 -80.2377 1
21.3201 74.9845 -80.2377 21.3201 74.9781 -80.2358 1
21.3201 74.9781 -80.2358 21.312 73.0257 -79.66 1
21.312 73.0257 -79.66 21.3061 73.0326 -79.6638 1
21.3061 73.0326 -79.6638 21.3002 73.0394 -79.6675 1
21.3002 73.0394 -79.6675 19.512 75.1152 -80.8066 1
19.512 75.1152 -80.8066 19.5011 75.116 -80.81 1
19.5011 75.116 -80.81 19.4903 75.1168 -80.8135 1
19.4903 75.1168 -80.8135 16.1813 75.356 -81.8547 1
119.488 29.9273 22.9525 119.467 29.9365 22.9928 2
119.467 29.9365 22.9928 119.445 29.9457 23.0331 2
119.445 29.9457 23.0331 119.423 29.9549 23.0734 2
119.423 29.9549 23.0734 119.401 29.9641 23.1137 2
119.401 29.9641 23.1137 119.379 29.9734 23.154 2
119.379 29.9734 23.154 119.357 29.9826 23.1943 2
119.357 29.9826 23.1943 119.336 29.9918 23.2346 2
119.336 29.9918 23.2346 119.314 30.001 23.2749 2
119.314 30.001 23.2749 119.292 30.0102 23.3152 2
119.292 30.0102 23.3152 119.27 30.0194 23.3555 2
119.27 30.0194 23.3555 119.248 30.0287 23.3958 2
119.248 30.0287 23.3958 119.227 30.0379 23.4361 2
119.227 30.0379 23.4361 119.205 30.0471 23.4764 2
119.205 30.0471 23.4764 114.059 32.2227 32.9875 2
114.059 32.2227 32.9875 114.046 32.2223 32.9843 2
114.046 32.2223 32.9843 114.034 32.2219 32.9812 2
114.034 32.2219 32.9812 114.022 32.2216 32.9781 2
114.022 32.2216 32.9781 111.04 32.1289 32.2059 2
111.04 32.1289 32.2059 110.97 32.2989 32.1349 2
110.97 32.2989 32.1349 110.963 32.3007 32.1323 2
110.963 32.3007 32.1323 109.21 32.7462 31.4862 2
109.21 32.7462 31.4862 109.2 32.7443 31.4841 2
109.2 32.7443 31.4841 109.191 32.7423 31.482 2
109.191 32.7423 31.482 106.923 32.2616 30.9593 2
106.923 32.2616 30.9593 106.923 32.2689 30.9569 2
106.923 32.2689 30.9569 106.717 34.071 30.3628 2
106.717 34.071 30.3628 106.705 34.0566 30.3491 2
106.705 34.0566 30.3491 106.693 34.0423 30.3354 2
106.693 34.0423 30.3354 106.681 34.028 30.3216 2
106.681 34.028 30.3216 106.669 34.0136 30.3079 2
106.669 34.0136 30.3079 106.657 33.9993 30.2942 2
106.657 33.9993 30.2942 106.645 33.985 30.2804 2
106.645 33.985 30.2804 103.752 30.5013 26.9427 2
103.752 30.5013 26.9427 103.491 30.6851 26.8118 2
103.491 30.6851 26.8118 103.476 30.6862 26.8071 2
103.476 30.6862 26.8071 103.461 30.6872 26.8024 2
103.461 30.6872 26.8024 103.446 30.6883 26.7978 2
103.446 30.6883 26.7978 103.431 30.6894 26.7931 2
103.431 30.6894 26.7931 99.7796 30.9534 25.6439 2
99.7796 30.9534 25.6439 99.6844 30.9602 25.614 2
99.6844 30.9602 25.614 99.6814 30.9657 25.6115 2
99.6814 30.9657 25.6115 98.929 32.3243 24.9886 2
98.929 32.3243 24.9886 98.9316 32.3156 24.9919 2
98.9316 32.3156 24.9919 98.9341 32.3069 24.9952 2
98.9341 32.3069 24.9952 99.5623 30.1543 25.8168 2
99.5623 30.1543 25.8168 99.5528 30.1576 25.8131 2
99.5528 30.1576 25.8131 99.5432 30.1609 25.8093 2
99.5432 30.1609 25.8093 97.1855 30.976 24.8765 2
97.1855 30.976 24.8765 97.1655 30.9763 24.8824 2
97.1655 30.9763 24.8824 97.1455 30.9766 24.8883 2
97.1455 30.9766 24.8883 97.1255 30.9769 24.8943 2
97.1255 30.9769 24.8943 97.1055 30.9772 24.9002 2
97.1055 30.9772 24.9002 97.0855 30.9775 24.9061 2
97.0855 30.9775 24.9061 92.2077 31.0489 26.3526 2
92.2077 31.0489 26.3526 92.1995 31.0516 26.3497 2
92.1995 31.0516 26.3497 92.1913 31.0542 26.3469 2
92.1913 31.0542 26.3469 90.1693 31.7087 25.6353 2
90.1693 31.7087 25.6353 90.457 32.3378 25.5334 2
90.457 32.3378 25.5334 90.4508 32.333 25.533 2
90.4508 32.333 25.533 88.9285 31.1388 25.4401 2
88.9285 31.1388 25.4401 88.9227 31.1465 25.4362 2
88.9227 31.1465 25.4362 88.9169 31.1542 25.4322 2
88.9169 31.1542 25.4322 87.4859 33.0473 24.452 2
87.4859 33.0473 24.452 87.4704 33.0392 24.4498 2
87.4704 33.0392 24.4498 87.4549 33.0311 24.4477 2
87.4549 33.0311 24.4477 87.4393 33.0231 24.4455 2
87.4393 33.0231 24.4455 87.4238 33.015 24.4433 2
87.4238 33.015 24.4433 83.6219 31.0375 23.9139 2
83.6219 31.0375 23.9139 83.4315 31.0512 23.854 2
83.4315 31.0512 23.854 83.4249 31.0511 23.8521 2
83.4249 31.0511 23.8521 81.7891 31.0051 23.386 2
81.7891 31.0051 23.386 81.7851 31.0002 23.3866 2
81.7851 31.0002 23.3866 80.8099 29.7867 23.5462 2
80.8099 29.7867 23.5462 80.802 29.7906 23.5428 2
80.802 29.7906 23.5428 80.7941 29.7945 23.5393 2
80.7941 29.7945 23.5393 78.8398 30.7536 22.6822 2
78.8398 30.7536 22.6822 78.8151 30.5905 22.7232 2
78.8151 30.5905 22.7232 78.8017 30.5908 22.7192 2
78.8017 30.5908 22.7192 78.7882 30.5911 22.7151 2
78.7882 30.5911 22.7151 78.7747 30.5914 22.7111 2
78.7747 30.5914 22.7111 75.4597 30.6682 21.7162 2
75.4597 30.6682 21.7162 75.7017 31.6303 21.5022 2
75.7017 31.6303 21.5022 75.6951 31.6301 21.5004 2
75.6951 31.6301 21.5004 74.0592 31.5842 21.0342 2
74.0592 31.5842 21.0342 73.4366 30.6495 21.1284 2
73.4366 30.6495 21.1284 73.4226 30.6466 21.1251 2
73.4226 30.6466 21.1251 73.4087 30.6437 21.1219 2
73.4087 30.6437 21.1219 73.3947 30.6407 21.1187 2
73.3947 30.6407 21.1187 69.9591 29.9212 20.3242 2
69.9591 29.9212 20.3242 69.9515 29.9297 20.3195 2
69.9515 29.9297 20.3195 69.9439 29.9381 20.3147 2
69.9439 29.9381 20.3147 69.9363 29.9465 20.31 2
69.9363 29.9465 20.31 68.064 32.0176 19.1477 2
68.064 32.0176 19.1477 67.6833 32.0451 19.0279 2
67.6833 32.0451 19.0279 67.6699 32.0507 19.0223 2
67.6699 32.0507 19.0223 67.6564 32.0562 19.0167 2
67.6564 32.0562 19.0167 67.643 32.0618 19.0111 2
67.643 32.0618 19.0111 67.6295 32.0674 19.0055 2
67.6295 32.0674 19.0055 64.3338 33.4318 17.6349 2
64.3338 33.4318 17.6349 64.2386 33.4387 17.605 2
64.2386 33.4387 17.605 64.2268 33.4291 17.6044 2
64.2268 33.4291 17.6044 64.2149 33.4194 17.6037 2
64.2149 33.4194 17.6037 64.203 33.4098 17.6031 2
64.203 33.4098 17.6031 64.1911 33.4002 17.6024 2
64.1911 33.4002 17.6024 61.2783 31.0435 17.446 2
61.2783 31.0435 17.446 60.7988 30.4186 17.4905 2
60.7988 30.4186 17.4905 60.5133 30.4392 17.4006 2
60.5133 30.4392 17.4006 60.4985 30.4357 17.3973 2
60.4985 30.4357 17.3973 60.4836 30.4321 17.394 2
60.4836 30.4321 17.394 60.4688 30.4286 17.3907 2
60.4688 30.4286 17.3907 60.454 30.4251 17.3874 2
60.454 30.4251 17.3874 56.8208 29.5616 16.5776 2
56.8208 29.5616 16.5776 56.8049 29.5505 16.5785 2
56.8049 29.5505 16.5785 56.789 29.5394 16.5794 2
56.789 29.5394 16.5794 56.7732 29.5283 16.5804 2
56.7732 29.5283 16.5804 56.7573 29.5172 16.5813 2
56.7573 29.5172 16.5813 56.7414 29.5061 16.5823 2
56.7414 29.5061 16.5823 52.8699 26.8002 16.8107 2
52.8699 26.8002 16.8107 52.3693 26.6715 16.7021 2
52.3693 26.6715 16.7021 52.3558 26.6711 16.6982 2
52.3558 26.6711 16.6982 52.3422 26.6708 16.6943 2
52.3422 26.6708 16.6943 52.3286 26.6704 16.6904 2
52.3286 26.6704 16.6904 48.9892 26.586 15.7361 2
48.9892 26.586 15.7361 48.966 26.4325 15.7747 2
48.966 26.4325 15.7747 48.9686 26.4421 15.7726 2
48.9686 26.4421 15.7726 48.9712 26.4518 15.7705 2
48.9712 26.4518 15.7705 49.6177 28.8297 15.256 2
49.6177 28.8297 15.256 49.6158 28.8167 15.2593 2
49.6158 28.8167 15.2593 49.6138 28.8037 15.2626 2
49.6138 28.8037 15.2626 49.6118 28.7908 15.2658 2
49.6118 28.7908 15.2658 49.1279 25.5963 16.0698 2
49.1279 25.5963 16.0698 49.1037 25.5948 16.0632 2
49.1037 25.5948 16.0632 49.0795 25.5933 16.0565 2
49.0795 25.5933 16.0565 49.0554 25.5918 16.0499 2
49.0554 25.5918 16.0499 49.0312 25.5902 16.0432 2
49.0312 25.5902 16.0432 49.007 25.5887 16.0366 2
49.007 25.5887 16.0366 48.9828 25.5872 16.0299 2
48.9828 25.5872 16.0299 43.1057 25.2169 14.416 2
43.1057 25.2169 14.416 43.1072 25.224 14.4143 2
43.1072 25.224 14.4143 43.4698 26.985 13.9992 2
43.4698 26.985 13.9992 43.4687 26.9727 14.0026 2
43.4687 26.9727 14.0026 43.4676 26.9603 14.0059 2
43.4676 26.9603 14.0059 43.4665 26.948 14.0092 2
43.4665 26.948 14.0092 43.1965 23.9106 14.8294 2
43.1965 23.9106 14.8294 43.19 23.9137 14.8266 2
43.19 23.9137 14.8266 41.5809 24.6773 14.1286 2
41.5809 24.6773 14.1286 41.5678 24.6723 14.1262 2
41.5678 24.6723 14.1262 41.5547 24.6673 14.1239 2
41.5547 24.6673 14.1239 41.5416 24.6623 14.1215 2
41.5416 24.6623 14.1215 38.3148 23.439 13.5374 2
38.3148 23.439 13.5374 38.2977 23.4318 13.5349 2
38.2977 23.4318 13.5349 38.2807 23.4246 13.5324 2
38.2807 23.4246 13.5324 38.2637 23.4174 13.5299 2
38.2637 23.4174 13.5299 38.2466 23.4101 13.5274 2
38.2466 23.4101 13.5274 34.0731 21.6417 12.9123 2
34.0731 21.6417 12.9123 34.2402 21.4744 13.0108 2
34.2402 21.4744 13.0108 34.2412 21.4685 13.0129 2
34.2412 21.4685 13.0129 34.4951 19.9817 13.5276 2
34.4951 19.9817 13.5276 34.4799 19.9834 13.5226 2
34.4799 19.9834 13.5226 34.4647 19.9852 13.5177 2
34.4647 19.9852 13.5177 34.4495 19.9869 13.5127 2
34.4495 19.9869 13.5127 34.4343 19.9887 13.5077 2
34.4343 19.9887 13.5077 30.7133 20.42 12.2887 2
30.7133 20.42 12.2887 30.7077 20.419 12.2874 2
30.7077 20.419 12.2874 29.3316 20.19 11.9516 2
29.3316 20.19 11.9516 29.3322 20.1815 11.9543 2
29.3322 20.1815 11.9543 29.3329 20.1729 11.957 2
29.3329 20.1729 11.957 29.4891 18.0544 12.6302 2
29.4891 18.0544 12.6302 29.4826 18.0575 12.6273 2
29.4826 18.0575 12.6273 27.875 18.8307 11.9269 2
27.875 18.8307 11.9269 28.252 18.1439 12.2409 2
28.252 18.1439 12.2409 28.2387 18.1429 12.2373 2
28.2387 18.1429 12.2373 28.2254 18.1419 12.2337 2
28.2254 18.1419 12.2337 28.2121 18.1409 12.23 2
28.2121 18.1409 12.23 24.9438 17.898 11.3435 2
24.9438 17.898 11.3435 24.9339 17.8968 11.3409 2
24.9339 17.8968 11.3409 24.9241 17.8955 11.3384 2
24.9241 17.8955 11.3384 22.4906 17.5807 10.718 2
22.4906 17.5807 10.718 22.5153 17.7438 10.6769 2
22.5153 17.7438 10.6769 22.5103 17.7416 10.6761 2
22.5103 17.7416 10.6761 21.276 17.1835 10.4794 2
21.276 17.1835 10.4794 21.2683 17.1913 10.4748 2
21.2683 17.1913 10.4748 21.2605 17.199 10.4702 2
21.2605 17.199 10.4702 19.3561 19.1167 9.34388 2
19.3561 19.1167 9.34388 19.3585 19.1068 9.34753 2
19.3585 19.1068 9.34753 19.3608 19.0968 9.35118 2
19.3608 19.0968 9.35118 19.9415 16.6301 10.2519 2
19.9415 16.6301 10.2519 19.7511 16.6439 10.192 2
19.7511 16.6439 10.192 19.7451 16.6423 10.1907 2
19.7451 16.6423 10.1907 18.2496 16.2577 9.86593 2
18.2496 16.2577 9.86593 17.9641 16.2784 9.77609 2
17.9641 16.2784 9.77609 17.9559 16.2776 9.7739 2
17.9559 16.2776 9.7739 17.9476 16.2769 9.7717 2
17.9476 16.2769 9.7717 15.9163 16.0966 9.22934 2
15.9163 16.0966 9.22934 15.9068 16.0934 9.22781 2
15.9068 16.0934 9.22781 15.8973 16.0903 9.22629 2
15.8973 16.0903 9.22629 13.5618 15.3049 8.8491 2
13.5618 15.3049 8.8491 13.5502 15.3025 8.84642 2
13.5502 15.3025 8.84642 13.5386 15.3001 8.84375 2
13.5386 15.3001 8.84375 13.527 15.2976 8.84108 2
13.527 15.2976 8.84108 10.68 14.6985 8.18352 2
10.68 14.6985 8.18352 10.6718 14.6958 8.18192 2
10.6718 14.6958 8.18192 10.6637 14.6931 8.18033 2
10.6637 14.6931 8.18033 8.65461 14.0301 7.78744 2
8.65461 14.0301 7.78744 8.88846 13.0335 8.15111 2
8.88846 13.0335 8.15111 8.88176 13.0327 8.1494 2
8.88176 13.0327 8.1494 7.22127 12.8243 7.72414 2
7.22127 12.8243 7.72414 7.21285 12.8197 7.72304 2
7.21285 12.8197 7.72304 7.20442 12.8151 7.72193 2
7.20442 12.8151 7.72193 5.12326 11.6762 7.44881 2
5.12326 11.6762 7.44881 4.90822 11.5268 7.42997 2
4.90822 11.5268 7.42997 4.90336 11.5305 7.42747 2
4.90336 11.5305 7.42747 3.69803 12.4291 6.80789 2
3.69803 12.4291 6.80789 3.70502 12.4319 6.80912 2
3.70502 12.4319 6.80912 5.43789 13.1181 7.11413 2
5.43789 13.1181 7.11413 5.42326 13.1159 7.11049 2
5.42326 13.1159 7.11049 5.40863 13.1137 7.10686 2
5.40863 13.1137 7.10686 5.394 13.1115 7.10322 2
5.394 13.1115 7.10322 1.79478 12.5667 6.20898 2
1.79478 12.5667 6.20898 1.78895 12.5664 6.20734 2
1.78895 12.5664 6.20734 0.342631 12.5068 5.80085 2
0.342631 12.5068 5.80085 0.326677 12.5099 5.81204 2
0.326677 12.5099 5.81204 0.310724 12.513 5.82322 2
0.310724 12.513 5.82322 0.29477 12.5162 5.83441 2
0.29477 12.5162 5.83441 0.278816 12.5193 5.84559 2
0.278816 12.5193 5.84559 0.262862 12.5225 5.85678 2
0.262862 12.5225 5.85678 -3.62984 13.2884 8.58619 2
-3.62984 13.2884 8.58619 -4.15507 12.9966 8.51856 2
-4.15507 12.9966 8.51856 -4.17047 12.9945 8.51468 2
-4.17047 12.9945 8.51468 -4.18586 12.9923 8.51081 2
-4.18586 12.9923 8.51081 -4.20126 12.9901 8.50693 2
-4.20126 12.9901 8.50693 -4.21665 12.988 8.50306 2
-4.21665 12.988 8.50306 -7.98851 12.459 7.55352 2
-7.98851 12.459 7.55352 -7.98862 12.4538 7.55537 2
-7.98862 12.4538 7.55537 -8.01606 11.1718 8.01325 2
-8.01606 11.1718 8.01325 -8.02503 11.1738 8.01003 2
-8.02503 11.1738 8.01003 -8.034 11.1757 8.00682 2
-8.034 11.1757 8.00682 -10.2505 11.6631 7.21245 2
-10.2505 11.6631 7.21245 -10.5607 11.5206 7.16367 2
-10.5607 11.5206 7.16367 -10.5773 11.5133 7.16098 2
-10.5773 11.5133 7.16098 -10.5939 11.506 7.1583 2
-10.5939 11.506 7.1583 -10.6104 11.4986 7.15561 2
-10.6104 11.4986 7.15561 -10.627 11.4913 7.15292 2
-10.627 11.4913 7.15292 -14.6856 9.6946 6.49468 2
-14.6856 9.6946 6.49468 -15.0662 9.72212 6.3749 2
-15.0662 9.72212 6.3749 -15.8275 9.77716 6.13533 2
-15.8275 9.77716 6.13533 -15.8214 9.76808 6.13124 2
-15.8214 9.76808 6.13124 -15.8153 9.75901 6.12715 2
-15.8153 9.75901 6.12715 -14.3042 7.5182 5.11673 2
-14.3042 7.5182 5.11673 -14.311 7.51149 5.11672 2
-14.311 7.51149 5.11672 -14.3178 7.50478 5.11671 2
-14.3178 7.50478 5.11671 -16.0005 5.84639 5.11427 2
-16.0005 5.84639 5.11427 -16.1909 5.86015 5.05438 2
-16.1909 5.86015 5.05438 -16.1869 5.85593 5.0568 2
-16.1869 5.85593 5.0568 -15.1957 4.80854 5.65762 2
-15.1957 4.80854 5.65762 -15.2062 4.80537 5.65547 2
-15.2062 4.80537 5.65547 -15.2168 4.8022 5.65332 2
-15.2168 4.8022 5.65332 -17.8167 4.01835 5.12292 2
-17.8167 4.01835 5.12292 -17.9119 4.02523 5.09298 2
-17.9119 4.02523 5.09298 -17.9164 4.01835 5.09369 2
-17.9164 4.01835 5.09369 -19.0373 2.31215 5.27019 2
-19.0373 2.31215 5.27019 -19.1818 1.99281 5.32235 2
-19.1818 1.99281 5.32235 -19.1781 1.98401 5.32604 2
-19.1781 1.98401 5.32604 -19.1745 1.97521 5.32972 2
-19.1745 1.97521 5.32972 -18.263 -0.197842 6.24047 2
-15.8275 9.77716 6.13533 -15.8356 9.77726 6.13293 3
-15.8356 9.77726 6.13293 -15.8437 9.77737 6.13052 3
-15.8437 9.77737 6.13052 -18.6119 9.81355 5.30796 3
-18.6119 9.81355 5.30796 -18.7304 9.66692 5.31665 3
-18.7304 9.66692 5.31665 -18.7308 9.67121 5.31524 3
-18.7308 9.67121 5.31524 -18.8915 11.1432 4.83224 3
-18.8915 11.1432 4.83224 -18.9008 11.1377 4.83117 3
-18.9008 11.1377 4.83117 -18.91 11.1322 4.8301 3
-18.91 11.1322 4.8301 -18.9192 11.1267 4.82902 3
-18.9192 11.1267 4.82902 -22.0647 9.24838 4.46271 3
-22.0647 9.24838 4.46271 -22.0762 9.24637 4.45994 3
-22.0762 9.24637 4.45994 -22.0877 9.24435 4.45716 3
-22.0877 9.24435 4.45716 -22.0992 9.24233 4.45439 3
-22.0992 9.24233 4.45439 -26.018 8.5545 3.50878 3
-26.018 8.5545 3.50878 -26.0302 8.55956 3.53019 3
-26.0302 8.55956 3.53019 -26.0424 8.56461 3.55161 3
-26.0424 8.56461 3.55161 -26.0546 8.56966 3.57303 3
-26.0546 8.56966 3.57303 -26.0667 8.57472 3.59445 3
-26.0667 8.57472 3.59445 -26.0789 8.57977 3.61587 3
-26.0789 8.57977 3.61587 -26.0911 8.58483 3.63728 3
-26.0911 8.58483 3.63728 -26.1033 8.58988 3.6587 3
-26.1033 8.58988 3.6587 -26.1155 8.59493 3.68012 3
-26.1155 8.59493 3.68012 -30.2074 10.293 10.8765 3
-30.2074 10.293 10.8765 -30.2126 10.2901 10.8759 3
-30.2126 10.2901 10.8759 -31.9967 9.27779 10.6524 3
-31.9967 9.27779 10.6524 -32.0009 9.28148 10.6502 3
-32.0009 9.28148 10.6502 -33.4619 10.546 9.92297 3
-33.4619 10.546 9.92297 -33.4575 10.5376 9.92673 3
-33.4575 10.5376 9.92673 -33.4532 10.5292 9.93048 3
-33.4532 10.5292 9.93048 -33.4489 10.5208 9.93424 3
-33.4489 10.5208 9.93424 -31.9758 7.6548 11.2149 3
-31.9758 7.6548 11.2149 -31.9883 7.65525 11.2111 3
-31.9883 7.65525 11.2111 -32.0008 7.65571 11.2073 3
-32.0008 7.65571 11.2073 -32.0133 7.65616 11.2035 3
-32.0133 7.65616 11.2035 -32.0258 7.65661 11.1997 3
-32.0258 7.65661 11.1997 -36.2813 7.81086 9.906 3
-36.2813 7.81086 9.906 -36.5211 7.4984 9.92821 3
-36.5211 7.4984 9.92821 -36.5266 7.4988 9.92647 3
-36.5266 7.4988 9.92647 -38.4243 7.63599 9.3293 3
-38.4243 7.63599 9.3293 -38.4213 7.63007 9.33194 3
-38.4213 7.63007 9.33194 -37.3857 5.60157 10.2363 3
-37.3857 5.60157 10.2363 -37.3948 5.60411 10.2329 3
-37.3948 5.60411 10.2329 -37.4039 5.60666 10.2295 3
-37.4039 5.60666 10.2295 -40.5238 6.4783 9.05638 3
-40.5238 6.4783 9.05638 -40.7141 6.49206 8.99649 3
-40.7141 6.49206 8.99649 -40.7206 6.48968 8.99528 3
-40.7206 6.48968 8.99528 -42.9545 5.67435 8.58158 3
-42.9545 5.67435 8.58158 -43.0991 5.35502 8.63373 3
-43.0991 5.35502 8.63373 -43.0744 5.51812 8.59268 3
-43.0744 5.51812 8.59268 -43.0723 5.51371 8.59461 3
-43.0723 5.51371 8.59461 -42.3422 4.00055 9.25676 3
-42.3422 4.00055 9.25676 -42.3515 4.0046 9.2531 3
-42.3515 4.0046 9.2531 -42.3607 4.00865 9.24944 3
-42.3607 4.00865 9.24944 -42.37 4.01271 9.24578 3
-42.37 4.01271 9.24578 -45.5231 5.39535 7.99758 3
-45.5231 5.39535 7.99758 -45.5262 5.40032 7.99518 3
-45.5262 5.40032 7.99518 -46.6112 7.10356 7.17266 3
-46.6112 7.10356 7.17266 -46.6168 7.09968 7.17216 3
-46.6168 7.09968 7.17216 -48.545 5.76901 7.00068 3
-48.545 5.76901 7.00068 -48.5492 5.76931 6.99938 3
-48.5492 5.76931 6.99938 -49.9725 5.8722 6.5515 3
-49.9725 5.8722 6.5515 -49.9735 5.86517 6.55327 3
-49.9735 5.86517 6.55327 -49.9746 5.85814 6.55504 3
-49.9746 5.85814 6.55504 -50.3387 3.45436 7.16002 3
-50.3387 3.45436 7.16002 -50.3492 3.46128 7.15491 3
-50.3492 3.46128 7.15491 -50.3596 3.46821 7.1498 3
-50.3596 3.46821 7.1498 -50.37 3.47514 7.1447 3
-50.37 3.47514 7.1447 -50.3804 3.48207 7.13959 3
-50.3804 3.48207 7.13959 -53.9221 5.83763 5.40342 3
-53.9221 5.83763 5.40342 -53.9178 5.83114 5.40661 3
-53.9178 5.83114 5.40661 -53.9134 5.82465 5.4098 3
-53.9134 5.82465 5.4098 -52.4323 3.6057 6.50121 3
-52.4323 3.6057 6.50121 -52.4398 3.61383 6.49663 3
-52.4398 3.61383 6.49663 -52.4472 3.62195 6.49204 3
-52.4472 3.62195 6.49204 -52.4546 3.63007 6.48745 3
-52.4546 3.63007 6.48745 -54.9914 6.39991 4.92334 3
-54.9914 6.39991 4.92334 -55.1345 6.09017 4.97308 3
-55.1345 6.09017 4.97308 -55.1403 6.09248 4.97069 3
-55.1403 6.09248 4.97069 -57.1307 6.88436 4.15249 3
-57.1307 6.88436 4.15249 -57.1312 6.89056 4.15052 3
-57.1312 6.89056 4.15052 -57.2882 9.01997 3.47393 3
-57.2882 9.01997 3.47393 -57.2954 9.01669 3.47279 3
-57.2954 9.01669 3.47279 -57.3026 9.0134 3.47165 3
-57.3026 9.0134 3.47165 -59.7683 7.8898 3.08123 3
-59.7683 7.8898 3.08123 -59.7768 7.88376 3.08054 3
-59.7768 7.88376 3.08054 -59.7853 7.87772 3.07984 3
-59.7853 7.87772 3.07984 -59.7937 7.87168 3.07915 3
-59.7937 7.87168 3.07915 -62.6807 5.81122 2.84258 3
-62.6807 5.81122 2.84258 -62.6895 5.80523 2.8418 3
-62.6895 5.80523 2.8418 -62.6982 5.79923 2.84101 3
-62.6982 5.79923 2.84101 -62.707 5.79324 2.84022 3
-62.707 5.79324 2.84022 -65.6869 3.74911 2.57157 3
-65.6869 3.74911 2.57157 -66.4212 4.61697 2.09923 3
-66.4212 4.61697 2.09923 -66.4245 4.61008 2.10031 3
-66.4245 4.61008 2.10031 -66.4278 4.60318 2.10138 3
-66.4278 4.60318 2.10138 -67.5503 2.24457 2.47059 3
-67.5503 2.24457 2.47059 -67.7638 2.10482 2.44934 3
-67.7638 2.10482 2.44934 -68.624 1.50742 2.37398 3
-68.624 1.50742 2.37398 -68.6487 1.34431 2.41503 3
-68.6487 1.34431 2.41503 -68.647 1.33715 2.41788 3
-68.647 1.33715 2.41788 -68.6454 1.32998 2.42073 3
-68.6454 1.32998 2.42073 -68.085 -1.12046 3.39684 3
-68.085 -1.12046 3.39684 -68.0938 -1.11934 3.39394 3
-68.0938 -1.11934 3.39394 -68.1026 -1.11823 3.39103 3
-68.1026 -1.11823 3.39103 -71.1055 -0.737209 2.39753 3
-71.1055 -0.737209 2.39753 -71.1043 -0.742509 2.39944 3
-71.1043 -0.742509 2.39944 -70.7082 -2.56037 3.05388 3
-70.7082 -2.56037 3.05388 -70.7173 -2.55734 3.05033 3
-70.7173 -2.55734 3.05033 -70.7263 -2.55432 3.04678 3
-70.7263 -2.55432 3.04678 -70.7354 -2.5513 3.04323 3
-70.7354 -2.5513 3.04323 -73.8217 -1.52052 1.83289 3
-73.8217 -1.52052 1.83289 -73.8464 -1.68363 1.87394 3
-73.8464 -1.68363 1.87394 -73.8472 -1.68879 1.87524 3
-73.8472 -1.68879 1.87524 -74.1153 -3.45863 2.32067 3
-74.1153 -3.45863 2.32067 -74.1229 -3.45715 2.318 3
-74.1229 -3.45715 2.318 -74.1305 -3.45567 2.31533 3
-74.1305 -3.45567 2.31533 -76.7319 -2.94939 1.40251 3
-76.7319 -2.94939 1.40251 -76.737 -2.95186 1.40174 3
-76.737 -2.95186 1.40174 -78.4964 -3.80149 1.13733 3
-78.4964 -3.80149 1.13733 -78.71 -3.94125 1.11607 3
-78.71 -3.94125 1.11607 -79.6616 -3.87245 0.816617 3
-79.6616 -3.87245 0.816617 -79.6743 -3.86183 0.840756 3
-79.6743 -3.86183 0.840756 -79.6869 -3.8512 0.864894 3
-79.6869 -3.8512 0.864894 -79.6995 -3.84058 0.889033 3
-79.6995 -3.84058 0.889033 -79.7122 -3.82995 0.913172 3
-79.7122 -3.82995 0.913172 -79.7248 -3.81933 0.937311 3
-79.7248 -3.81933 0.937311 -79.7374 -3.8087 0.96145 3
-79.7374 -3.8087 0.96145 -79.7501 -3.79808 0.985588 3
-79.7501 -3.79808 0.985588 -79.7627 -3.78746 1.00973 3
-79.7627 -3.78746 1.00973 -79.7753 -3.77683 1.03387 3
-79.7753 -3.77683 1.03387 -84.007 -0.217561 9.12036 3
-84.007 -0.217561 9.12036 -84.0133 -0.218006 9.1189 3
-84.0133 -0.218006 9.1189 -86.1717 -0.370566 8.6175 3
-86.1717 -0.370566 8.6175 -86.1964 -0.533674 8.65855 3
-86.1964 -0.533674 8.65855 -86.1961 -0.526558 8.65651 3
-86.1961 -0.526558 8.65651 -86.1959 -0.519441 8.65448 3
-86.1959 -0.519441 8.65448 -86.1141 1.9144 7.95779 3
-86.1141 1.9144 7.95779 -86.1243 1.90659 7.95713 3
-86.1243 1.90659 7.95713 -86.1344 1.89878 7.95647 3
-86.1344 1.89878 7.95647 -86.1445 1.89097 7.95581 3
-86.1445 1.89097 7.95581 -89.5997 -0.772626 7.7312 3
-89.5997 -0.772626 7.7312 -89.6127 -0.774487 7.72818 3
-89.6127 -0.774487 7.72818 -89.6256 -0.776349 7.72516 3
-89.6256 -0.776349 7.72516 -89.6385 -0.77821 7.72213 3
-89.6385 -0.77821 7.72213 -89.6515 -0.780072 7.71911 3
-89.6515 -0.780072 7.71911 -94.0478 -1.41298 6.69215 3
-94.0478 -1.41298 6.69215 -94.358 -1.55545 6.64337 3
-94.358 -1.55545 6.64337 -94.3333 -1.39234 6.60231 3
-94.3333 -1.39234 6.60231 -94.343 -1.39022 6.59883 3
-94.343 -1.39022 6.59883 -94.3528 -1.38811 6.59534 3
-94.3528 -1.38811 6.59534 -94.3625 -1.38599 6.59186 3
-94.3625 -1.38599 6.59186 -97.6865 -0.66495 5.40354 3
-97.6865 -0.66495 5.40354 -97.698 -0.666967 5.40077 3
-97.698 -0.666967 5.40077 -97.7095 -0.668984 5.39799 3
-97.7095 -0.668984 5.39799 -97.721 -0.671001 5.39522 3
-97.721 -0.671001 5.39522 -101.64 -1.35883 4.44961 3
-101.64 -1.35883 4.44961 -101.64 -1.35357 4.44787 3
-101.64 -1.35357 4.44787 -101.847 0.450569 3.85315 3
-101.847 0.450569 3.85315 -101.849 0.443166 3.85461 3
-101.849 0.443166 3.85461 -101.852 0.435763 3.85606 3
-101.852 0.435763 3.85606 -102.714 -2.09598 4.35299 3
-102.714 -2.09598 4.35299 -102.76 -2.23723 4.46789 3
-102.76 -2.23723 4.46789 -102.765 -2.23498 4.46576 3
-102.765 -2.23498 4.46576 -104.471 -1.46368 3.73713 3
-104.471 -1.46368 3.73713 -104.475 -1.46383 3.73594 3
-104.475 -1.46383 3.73594 -105.921 -1.514 3.32659 3
-105.921 -1.514 3.32659 -105.928 -1.51279 3.32962 3
-105.928 -1.51279 3.32962 -108.111 -1.09684 4.37011 3
-108.111 -1.09684 4.37011 -108.336 -0.869985 5.13624 3
-108.336 -0.869985 5.13624 -108.343 -0.86795 5.1422 3
-108.343 -0.86795 5.1422 -108.35 -0.865915 5.14817 3
-108.35 -0.865915 5.14817 -110.717 -0.169985 7.18813 3
-110.717 -0.169985 7.18813 -111.228 0.0876504 7.20043 3
-111.228 0.0876504 7.20043 -111.233 0.0895084 7.19855 3
-111.233 0.0895084 7.19855 -113.08 0.726834 6.55462 3
-113.08 0.726834 6.55462 -114.341 0.188413 6.43091 3
-114.341 0.188413 6.43091 -114.346 0.188375 6.42956 3
-114.346 0.188375 6.42956 -116.193 0.175146 5.96761 3
-116.193 0.175146 5.96761 -116.199 0.175111 5.96581 3
-116.199 0.175111 5.96581 -118.311 0.163384 5.34986 3
-118.311 0.163384 5.34986 -118.323 0.15855 5.34779 3
-118.323 0.15855 5.34779 -118.335 0.153716 5.34573 3
-118.335 0.153716 5.34573 -118.347 0.148881 5.34366 3
-118.347 0.148881 5.34366 -118.359 0.144047 5.3416 3
-118.359 0.144047 5.3416 -122.411 -1.49955 4.63982 3
-122.411 -1.49955 4.63982 -122.626 -1.6489 4.62097 3
-122.626 -1.6489 4.62097 -122.634 -1.64834 4.61854 3
-122.634 -1.64834 4.61854 -122.642 -1.64778 4.6161 3
-122.642 -1.64778 4.6161 -125.291 -1.45628 3.7825 3
-125.291 -1.45628 3.7825 -125.291 -1.46388 3.78482 3
-125.291 -1.46388 3.78482 -125.29 -1.47148 3.78715 3
-125.29 -1.47148 3.78715 -125.206 -4.07162 4.58179 3
-125.206 -4.07162 4.58179 -125.218 -4.06791 4.57717 3
-125.218 -4.06791 4.57717 -125.23 -4.06419 4.57254 3
-125.23 -4.06419 4.57254 -125.242 -4.06047 4.56792 3
-125.242 -4.06047 4.56792 -125.254 -4.05676 4.56329 3
-125.254 -4.05676 4.56329 -129.341 -2.793 2.99036 3
-129.341 -2.793 2.99036 -129.744 -2.74361 2.94442 3
-129.744 -2.74361 2.94442 -129.756 -2.7442 2.94112 3
-129.756 -2.7442 2.94112 -129.767 -2.74478 2.93782 3
-129.767 -2.74478 2.93782 -129.779 -2.74536 2.93452 3
-129.779 -2.74536 2.93452 -133.815 -2.944 1.80986 3
-133.815 -2.944 1.80986 -134.79 -3.02872 1.54904 3
-134.79 -3.02872 1.54904 -134.807 -3.03125 1.54459 3
-134.807 -3.03125 1.54459 -134.825 -3.03377 1.54014 3
-134.825 -3.03377 1.54014 -134.843 -3.0363 1.53569 3
-134.843 -3.0363 1.53569 -134.861 -3.03883 1.53124 3
-134.861 -3.03883 1.53124 -134.878 -3.04135 1.52679 3
-134.878 -3.04135 1.52679 -140.886 -3.89747 0.0184098 3
-140.886 -3.89747 0.0184098 -140.904 -3.89757 0.0131025 3
-140.904 -3.89757 0.0131025 -140.922 -3.89766 0.00779513 3
-140.922 -3.89766 0.00779513 -140.941 -3.89776 0.0024878 3
-140.941 -3.89776 0.0024878 -140.959 -3.89785 -0.00281953 3
-140.959 -3.89785 -0.00281953 -140.977 -3.89795 -0.00812685 3
-140.977 -3.89795 -0.00812685 -140.995 -3.89804 -0.0134342 3
-140.995 -3.89804 -0.0134342 -147.144 -3.93004 -1.80731 3
-147.144 -3.93004 -1.80731 -147.151 -3.92654 -1.80737 3
-147.151 -3.92654 -1.80737 -147.157 -3.92303 -1.80744 3
-147.157 -3.92303 -1.80744 -149.362 -2.72403 -1.82898 3
-149.362 -2.72403 -1.82898 -149.764 -2.20031 -2.10186 3
-149.764 -2.20031 -2.10186 -149.799 -2.19582 -2.09115 3
-149.799 -2.19582 -2.09115 -149.835 -2.19134 -2.08045 3
-149.835 -2.19134 -2.08045 -149.87 -2.18685 -2.06974 3
-149.87 -2.18685 -2.06974 -149.905 -2.18237 -2.05903 3
-149.905 -2.18237 -2.05903 -149.941 -2.17788 -2.04833 3
-149.941 -2.17788 -2.04833 -149.976 -2.17339 -2.03762 3
-149.976 -2.17339 -2.03762 -150.012 -2.16891 -2.02692 3
-150.012 -2.16891 -2.02692 -150.047 -2.16442 -2.01621 3
-150.047 -2.16442 -2.01621 -150.083 -2.15994 -2.0055 3
-150.083 -2.15994 -2.0055 -150.118 -2.15545 -1.9948 3
-150.118 -2.15545 -1.9948 -150.153 -2.15097 -1.98409 3
-150.153 -2.15097 -1.98409 -150.189 -2.14648 -1.97339 3
-150.189 -2.14648 -1.97339 -161.95 -0.657231 1.58096 3
-161.95 -0.657231 1.58096 -161.957 -0.656891 1.58433 3
-161.957 -0.656891 1.58433 -161.964 -0.656551 1.5877 3
-161.964 -0.656551 1.5877 -164.303 -0.540274 2.74125 3
-164.303 -0.540274 2.74125 -164.329 -0.535943 2.747 3
-164.329 -0.535943 2.747 -164.354 -0.531613 2.75275 3
-164.354 -0.531613 2.75275 -164.38 -0.527283 2.7585 3
-164.38 -0.527283 2.7585 -164.406 -0.522953 2.76425 3
-164.406 -0.522953 2.76425 -164.431 -0.518623 2.77 3
-164.431 -0.518623 2.77 -164.457 -0.514293 2.77576 3
-164.457 -0.514293 2.77576 -164.483 -0.509962 2.78151 3
-164.483 -0.509962 2.78151 -164.508 -0.505632 2.78726 3
-164.508 -0.505632 2.78726 -173.12 0.949307 4.71972 3
-173.12 0.949307 4.71972 -173.215 0.956186 4.68977 3
-173.215 0.956186 4.68977 -173.228 0.956121 4.67756 3
-173.228 0.956121 4.67756 -173.241 0.956056 4.66534 3
-173.241 0.956056 4.66534 -173.255 0.95599 4.65312 3
-173.255 0.95599 4.65312 -173.268 0.955925 4.6409 3
-173.268 0.955925 4.6409 -173.281 0.95586 4.62869 3
-173.281 0.95586 4.62869 -177.779 0.93376 0.487063 3
-177.779 0.93376 0.487063 -177.779 0.927954 0.489269 3
-177.779 0.927954 0.489269 -178.057 -1.0635 1.24606 3
-178.057 -1.0635 1.24606 -178.532 -1.0291 1.09634 3
-178.532 -1.0291 1.09634 -178.537 -1.03444 1.09645 3
-178.537 -1.03444 1.09645 -178.542 -1.03977 1.09656 3
-178.542 -1.03977 1.09656 -180.254 -2.86402 1.13493 3
-180.254 -2.86402 1.13493 -180.264 -2.87184 1.13427 3
-180.264 -2.87184 1.13427 -180.274 -2.87965 1.13362 3
-180.274 -2.87965 1.13362 -180.284 -2.88746 1.13296 3
-180.284 -2.88746 1.13296 -183.739 -5.55105 0.908344 3
-183.739 -5.55105 0.908344 -183.748 -5.56134 0.908884 3
-183.748 -5.56134 0.908884 -183.756 -5.57164 0.909424 3
-183.756 -5.57164 0.909424 -183.765 -5.58193 0.909965 3
-183.765 -5.58193 0.909965 -183.773 -5.59223 0.910505 3
-183.773 -5.59223 0.910505 -186.681 -9.09218 1.09421 3
-186.681 -9.09218 1.09421 -186.691 -9.10094 1.09379 3
-186.691 -9.10094 1.09379 -186.701 -9.1097 1.09337 3
-186.701 -9.1097 1.09337 -186.712 -9.11846 1.09295 3
-186.712 -9.11846 1.09295 -186.722 -9.12721 1.09253 3
-186.722 -9.12721 1.09253 -190.216 -12.1054 0.949725 3
-190.216 -12.1054 0.949725 -190.215 -12.1107 0.951459 3
-190.215 -12.1107 0.951459 -190.009 -13.9148 1.54618 3
-190.009 -13.9148 1.54618 -190.013 -13.9145 1.5447 3
-190.013 -13.9145 1.5447 -191.627 -13.7979 1.03711 3
-191.627 -13.7979 1.03711 -191.631 -13.8018 1.03703 3
-191.631 -13.8018 1.03703 -193.083 -15.1572 1.01244 3
-193.083 -15.1572 1.01244 -193.108 -15.3203 1.05349 3
-193.108 -15.3203 1.05349 -193.11 -15.3263 1.05459 3
-193.11 -15.3263 1.05459 -193.902 -17.3872 1.43259 3
-193.902 -17.3872 1.43259 -194.454 -18.4918 1.59775 3
-194.454 -18.4918 1.59775 -194.479 -18.6549 1.6388 3
-194.479 -18.6549 1.6388 -194.475 -18.6571 1.64049 3
-194.475 -18.6571 1.64049 -193.244 -19.3941 2.21983 3
-193.244 -19.3941 2.21983 -193.249 -19.3985 2.21979 3
-193.249 -19.3985 2.21979 -194.822 -20.9192 2.20868 3
-194.822 -20.9192 2.20868 -194.845 -21.0727 2.24732 3
-194.845 -21.0727 2.24732 -194.846 -21.0798 2.24909 3
-194.846 -21.0798 2.24909 -194.847 -21.0869 2.25087 3
-194.847 -21.0869 2.25087 -195.213 -23.5002 2.85825 3
-195.213 -23.5002 2.85825 -195.216 -23.5042 2.85861 3
-195.216 -23.5042 2.85861 -196.194 -24.8939 2.98331 3
-196.194 -24.8939 2.98331 -196.186 -24.8931 2.98531 3
-196.186 -24.8931 2.98531 -196.178 -24.8922 2.98731 3
-196.178 -24.8922 2.98731 -193.552 -24.5999 3.6711 3
-193.552 -24.5999 3.6711 -193.566 -24.5979 3.70518 3
-193.566 -24.5979 3.70518 -193.58 -24.5958 3.73925 3
-193.58 -24.5958 3.73925 -193.594 -24.5937 3.77333 3
-193.594 -24.5937 3.77333 -193.609 -24.5917 3.8074 3
-193.609 -24.5917 3.8074 -193.623 -24.5896 3.84147 3
-193.623 -24.5896 3.84147 -193.637 -24.5875 3.87555 3
-193.637 -24.5875 3.87555 -193.651 -24.5855 3.90962 3
-193.651 -24.5855 3.90962 -193.665 -24.5834 3.9437 3
-193.665 -24.5834 3.9437 -193.68 -24.5813 3.97777 3
-193.68 -24.5813 3.97777 -193.694 -24.5793 4.01185 3
-193.694 -24.5793 4.01185 -193.708 -24.5772 4.04592 3
-193.708 -24.5772 4.04592 -193.722 -24.5751 4.08 3
-193.722 -24.5751 4.08 -198.45 -23.8887 15.3928 3
-198.45 -23.8887 15.3928 -198.45 -23.8936 15.3875 3
-198.45 -23.8936 15.3875 -198.523 -25.5659 13.5711 3
-198.523 -25.5659 13.5711 -198.713 -25.5521 13.5112 3
-198.713 -25.5521 13.5112 -198.836 -26.3581 13.7141 3
-198.836 -26.3581 13.7141 -198.83 -26.3575 13.7155 3
-198.83 -26.3575 13.7155 -196.978 -26.1626 14.2009 3
-196.978 -26.1626 14.2009 -196.982 -26.1699 14.202 3
-196.982 -26.1699 14.202 -196.986 -26.1772 14.203 3
-196.986 -26.1772 14.203 -198.322 -28.6843 14.5535 3
-198.322 -28.6843 14.5535 -198.325 -28.6933 14.5553 3
-198.325 -28.6933 14.5553 -198.328 -28.7022 14.5571 3
-198.328 -28.7022 14.5571 -199.269 -31.7586 15.1861 3
-199.269 -31.7586 15.1861 -199.745 -31.7242 15.0364 3
-199.745 -31.7242 15.0364 -199.745 -31.7298 15.0378 3
-199.745 -31.7298 15.0378 -200.035 -33.6431 15.5193 3
-200.035 -33.6431 15.5193 -200.041 -33.6398 15.5473 3
-200.041 -33.6398 15.5473 -200.046 -33.6365 15.5752 3
-200.046 -33.6365 15.5752 -200.052 -33.6331 15.6032 3
-200.052 -33.6331 15.6032 -200.057 -33.6298 15.6311 3
-200.057 -33.6298 15.6311 -200.063 -33.6265 15.6591 3
-200.063 -33.6265 15.6591 -200.068 -33.6232 15.687 3
-200.068 -33.6232 15.687 -200.074 -33.6198 15.715 3
-200.074 -33.6198 15.715 -200.079 -33.6165 15.7429 3
-200.079 -33.6165 15.7429 -200.085 -33.6132 15.7709 3
-200.085 -33.6132 15.7709 -201.928 -32.4999 25.1346 3
-201.928 -32.4999 25.1346 -202.147 -32.678 25.123 3
-202.147 -32.678 25.123 -202.153 -32.6751 25.1202 3
-202.153 -32.6751 25.1202 -202.159 -32.6721 25.1175 3
-202.159 -32.6721 25.1175 -204.3 -31.6494 24.187 3
-204.3 -31.6494 24.187 -204.291 -31.6542 24.1912 3
-204.291 -31.6542 24.1912 -204.283 -31.659 24.1954 3
-204.283 -31.659 24.1954 -204.274 -31.6638 24.1996 3
-204.274 -31.6638 24.1996 -201.301 -33.3034 25.6319 3
-201.301 -33.3034 25.6319 -201.616 -33.4746 25.5904 3
-201.616 -33.4746 25.5904 -201.587 -33.2827 25.5421 3
-201.587 -33.2827 25.5421 -201.59 -33.2865 25.5423 3
-201.59 -33.2865 25.5423 -202.647 -34.5641 25.6106 3
-202.647 -34.5641 25.6106 -202.656 -34.5601 25.6295 3
-202.656 -34.5601 25.6295 -202.665 -34.5561 25.6483 3
-202.665 -34.5561 25.6483 -202.674 -34.5521 25.6672 3
-202.674 -34.5521 25.6672 -202.683 -34.5481 25.6861 3
-202.683 -34.5481 25.6861 -202.692 -34.5441 25.7049 3
-202.692 -34.5441 25.7049 -202.701 -34.5401 25.7238 3
-202.701 -34.5401 25.7238 -205.744 -33.1921 32.0962 3
-205.744 -33.1921 32.0962 -205.488 -33.4047 32.2343 3
-205.488 -33.4047 32.2343 -205.493 -33.4085 32.2341 3
-205.493 -33.4085 32.2341 -207.134 -34.7407 32.1474 3
-207.134 -34.7407 32.1474 -207.126 -34.7477 32.1515 3
-207.126 -34.7477 32.1515 -207.119 -34.7546 32.1557 3
-207.119 -34.7546 32.1557 -207.112 -34.7616 32.1598 3
-207.112 -34.7616 32.1598 -204.708 -37.1469 33.5712 3
-204.708 -37.1469 33.5712 -204.722 -37.1403 33.5651 3
-204.722 -37.1403 33.5651 -204.736 -37.1336 33.559 3
-204.736 -37.1336 33.559 -204.75 -37.1269 33.5529 3
-204.75 -37.1269 33.5529 -204.764 -37.1203 33.5468 3
-204.764 -37.1203 33.5468 -204.779 -37.1136 33.5407 3
-204.779 -37.1136 33.5407 -209.556 -34.8565 31.4712 3
-209.556 -34.8565 31.4712 -209.747 -34.8428 31.4113 3
-209.747 -34.8428 31.4113 -209.753 -34.8457 31.4102 3
-209.753 -34.8457 31.4102 -209.76 -34.8486 31.4091 3
-209.76 -34.8486 31.4091 -212.015 -35.8428 31.0423 3
-212.015 -35.8428 31.0423 -213.223 -35.5614 30.6047 3
-177.779 0.93376 0.487063 -177.81 0.940604 0.48347 4
-177.81 0.940604 0.48347 -177.841 0.947448 0.479877 4
-177.841 0.947448 0.479877 -181.475 1.74137 0.063107 4
-181.475 1.74137 0.063107 -181.599 1.86709 0.487709 4
-181.599 1.86709 0.487709 -181.617 1.86099 0.464969 4
-181.617 1.86099 0.464969 -181.634 1.85489 0.442229 4
-181.634 1.85489 0.442229 -183.644 1.14719 -2.19558 4
-183.644 1.14719 -2.19558 -183.643 1.13983 -2.21811 4
-183.643 1.13983 -2.21811 -183.501 0.279195 -4.85412 4
-183.501 0.279195 -4.85412 -183.518 0.27538 -4.874 4
-183.518 0.27538 -4.874 -183.535 0.271564 -4.89389 4
-183.535 0.271564 -4.89389 -185.527 -0.171029 -7.20017 4
-185.527 -0.171029 -7.20017 -185.535 -0.163663 -7.1753 4
-185.535 -0.163663 -7.1753 -185.542 -0.156297 -7.15042 4
-185.542 -0.156297 -7.15042 -186.388 0.698124 -4.26488 4
-186.388 0.698124 -4.26488 -186.403 0.725222 -4.21335 4
-186.403 0.725222 -4.21335 -186.419 0.75232 -4.16183 4
-186.419 0.75232 -4.16183 -186.434 0.779418 -4.1103 4
-186.434 0.779418 -4.1103 -186.449 0.806517 -4.05877 4
-186.449 0.806517 -4.05877 -186.464 0.833615 -4.00725 4
-186.464 0.833615 -4.00725 -188.175 3.89571 1.81524 4
-188.175 3.89571 1.81524 -188.207 3.88697 1.80859 4
-188.207 3.88697 1.80859 -188.238 3.87823 1.80194 4
-188.238 3.87823 1.80194 -191.891 2.86457 1.03083 4
-191.891 2.86457 1.03083 -191.889 2.88246 1.02692 4
-191.889 2.88246 1.02692 -191.593 4.97533 0.569031 4
-191.593 4.97533 0.569031 -191.626 4.95837 0.56445 4
-191.626 4.95837 0.56445 -191.659 4.94142 0.55987 4
-191.659 4.94142 0.55987 -191.691 4.92447 0.555289 4
-191.691 4.92447 0.555289 -195.456 2.97513 0.0285121 4
-195.456 2.97513 0.0285121 -195.487 2.97614 0.0316441 4
-195.487 2.97614 0.0316441 -195.518 2.97715 0.0347762 4
-195.518 2.97715 0.0347762 -199.136 3.09415 0.398092 4
-199.136 3.09415 0.398092 -199.361 3.32101 1.16422 4
-199.361 3.32101 1.16422 -199.4 3.32246 1.17589 4
-199.4 3.32246 1.17589 -199.439 3.32391 1.18756 4
-199.439 3.32391 1.18756 -199.479 3.32537 1.19924 4
-199.479 3.32537 1.19924 -203.985 3.49266 2.54147 4
-203.985 3.49266 2.54147 -203.994 3.4784 2.54473 4
-203.994 3.4784 2.54473 -204.964 1.80955 2.92627 4
-204.964 1.80955 2.92627 -204.982 1.82328 2.91683 4
-204.982 1.82328 2.91683 -207.123 3.43032 1.813 4
-207.123 3.43032 1.813 -207.168 3.45255 1.82116 4
-207.168 3.45255 1.82116 -207.213 3.47478 1.82932 4
-207.213 3.47478 1.82932 -207.257 3.49702 1.83747 4
-207.257 3.49702 1.83747 -207.302 3.51925 1.84563 4
-207.302 3.51925 1.84563 -212.386 6.05394 2.77547 4
-212.386 6.05394 2.77547 -212.57 6.2398 3.40314 4
-212.57 6.2398 3.40314 -212.573 6.22319 3.42247 4
-212.573 6.22319 3.42247 -212.575 6.20657 3.4418 4
-212.575 6.20657 3.4418 -212.904 4.27965 5.68398 4
-212.904 4.27965 5.68398 -212.923 4.29214 5.67462 4
-212.923 4.29214 5.67462 -215.182 5.75378 4.57941 4
-215.182 5.75378 4.57941 -215.277 5.76066 4.54946 4
-215.277 5.76066 4.54946 -215.314 5.76334 4.53779 4
-215.314 5.76334 4.53779 -215.351 5.76603 4.52612 4
-215.351 5.76603 4.52612 -215.388 5.76871 4.51444 4
-215.388 5.76871 4.51444 -219.654 6.07711 3.17197 4
-219.654 6.07711 3.17197 -219.907 6.15374 3.32438 4
-219.907 6.15374 3.32438 -219.974 6.18846 3.3807 4
-219.974 6.18846 3.3807 -220.041 6.22319 3.43702 4
-220.041 6.22319 3.43702 -220.108 6.25791 3.49334 4
-220.108 6.25791 3.49334 -220.174 6.29264 3.54966 4
-220.174 6.29264 3.54966 -220.241 6.32736 3.60598 4
-220.241 6.32736 3.60598 -220.308 6.36209 3.66229 4
-220.308 6.36209 3.66229 -220.375 6.39682 3.71861 4
-220.375 6.39682 3.71861 -220.442 6.43154 3.77493 4
-220.442 6.43154 3.77493 -227.797 10.2514 9.97002 4
-227.797 10.2514 9.97002 -227.242 11.0666 10.0646 4
-227.242 11.0666 10.0646 -227.268 11.0643 10.0578 4
-227.268 11.0643 10.0578 -227.293 11.062 10.0509 4
-227.293 11.062 10.0509 -230.266 10.7906 9.25944 4
-230.266 10.7906 9.25944 -229.624 9.46212 9.91713 4
-229.624 9.46212 9.91713 -229.637 9.47833 9.90827 4
-229.637 9.47833 9.90827 -231.258 11.3747 8.8715 4
-231.258 11.3747 8.8715 -231.448 11.3885 8.81161 4
-231.448 11.3885 8.81161 -230.879 12.7431 9.6501 4
-230.879 12.7431 9.6501 -230.931 12.7356 9.64805 4
-230.931 12.7356 9.64805 -230.984 12.7281 9.646 4
-230.984 12.7281 9.646 -231.036 12.7206 9.64395 4
-231.036 12.7206 9.64395 -231.088 12.7131 9.6419 4
-231.088 12.7131 9.6419 -237.066 11.8582 9.4083 4
-237.066 11.8582 9.4083 -237.107 11.8992 9.54675 4
-237.107 11.8992 9.54675 -236.563 13.1109 9.0983 4
-236.563 13.1109 9.0983 -236.607 13.1113 9.1027 4
-236.607 13.1113 9.1027 -236.651 13.1117 9.1071 4
-236.651 13.1117 9.1071 -236.695 13.112 9.1115 4
-236.695 13.112 9.1115 -241.767 13.1545 9.61754 4
-241.767 13.1545 9.61754 -241.849 13.2365 9.89446 4
-241.849 13.2365 9.89446 -241.863 13.2404 9.8948 4
-241.863 13.2404 9.8948 -243.615 13.6915 9.93508 4
-243.615 13.6915 9.93508 -243.696 13.7735 10.212 4
-243.696 13.7735 10.212 -243.703 13.7573 10.2149 4
-243.703 13.7573 10.2149 -244.465 11.8698 10.55 4
-244.465 11.8698 10.55 -244.498 11.8929 10.5575 4
-244.498 11.8929 10.5575 -244.531 11.9161 10.5649 4
-244.531 11.9161 10.5649 -244.564 11.9393 10.5723 4
-244.564 11.9393 10.5723 -248.326 14.6031 11.4252 4
-248.326 14.6031 11.4252 -248.407 14.6851 11.7021 4
-248.407 14.6851 11.7021 -248.434 14.6846 11.7081 4
-248.434 14.6846 11.7081 -248.461 14.6842 11.7142 4
-248.461 14.6842 11.7142 -251.577 14.6352 12.4124 4
-251.577 14.6352 12.4124 -251.613 14.6626 12.4993 4
-251.613 14.6626 12.4993 -251.649 14.6899 12.5862 4
-251.649 14.6899 12.5862 -251.685 14.7172 12.6732 4
-251.685 14.7172 12.6732 -251.721 14.7446 12.7601 4
-251.721 14.7446 12.7601 -251.757 14.7719 12.847 4
-251.757 14.7719 12.847 -251.793 14.7992 12.9339 4
-251.793 14.7992 12.9339 -251.829 14.8266 13.0208 4
-251.829 14.8266 13.0208 -251.865 14.8539 13.1077 4
-251.865 14.8539 13.1077 -251.901 14.8812 13.1946 4
-251.901 14.8812 13.1946 -255.832 17.8609 22.6681 4
-255.832 17.8609 22.6681 -255.811 17.8311 22.5618 4
-255.811 17.8311 22.5618 -255.791 17.8012 22.4555 4
-255.791 17.8012 22.4555 -255.77 17.7713 22.3492 4
-255.77 17.7713 22.3492 -255.75 17.7414 22.2429 4
-255.75 17.7414 22.2429 -255.729 17.7116 22.1366 4
-255.729 17.7116 22.1366 -255.708 17.6817 22.0303 4
-255.708 17.6817 22.0303 -255.688 17.6518 21.924 4
-255.688 17.6518 21.924 -255.667 17.6219 21.8177 4
-255.667 17.6219 21.8177 -255.647 17.5921 21.7114 4
-255.647 17.5921 21.7114 -255.626 17.5622 21.6051 4
-255.626 17.5622 21.6051 -253.401 14.3357 10.1245 4
-79.6616 -3.87245 0.816617 -79.6765 -3.88311 0.815402 4
-79.6765 -3.88311 0.815402 -79.6915 -3.89377 0.814188 4
-79.6915 -3.89377 0.814188 -79.7064 -3.90443 0.812974 4
-79.7064 -3.90443 0.812974 -82.359 -5.80169 0.596808 4
-82.359 -5.80169 0.596808 -82.2428 -6.30477 0.779851 4
-82.2428 -6.30477 0.779851 -82.2482 -6.30888 0.779483 4
-82.2482 -6.30888 0.779483 -83.2214 -7.0488 0.71318 4
-83.2214 -7.0488 0.71318 -83.215 -7.05559 0.717071 4
-83.215 -7.05559 0.717071 -82.0606 -8.27728 1.41736 4
-82.0606 -8.27728 1.41736 -82.0703 -8.27475 1.41376 4
-82.0703 -8.27475 1.41376 -82.08 -8.27223 1.41016 4
-82.08 -8.27223 1.41016 -83.8193 -7.82035 0.766291 4
-83.8193 -7.82035 0.766291 -83.8309 -7.82675 0.764783 4
-83.8309 -7.82675 0.764783 -83.8425 -7.83314 0.763275 4
-83.8425 -7.83314 0.763275 -85.9188 -8.97804 0.493371 4
-85.9188 -8.97804 0.493371 -86.0844 -8.80117 0.39243 4
-86.0844 -8.80117 0.39243 -86.5355 -8.60366 0.201652 4
-86.5355 -8.60366 0.201652 -86.5849 -8.92988 0.283753 4
-86.5849 -8.92988 0.283753 -86.592 -8.94196 0.285234 4
-86.592 -8.94196 0.285234 -86.5992 -8.95403 0.286714 4
-86.5992 -8.95403 0.286714 -87.8781 -11.1158 0.551763 4
-87.8781 -11.1158 0.551763 -88.0931 -11.2652 0.532922 4
-88.0931 -11.2652 0.532922 -88.0945 -11.2741 0.535177 4
-88.0945 -11.2741 0.535177 -88.3388 -12.8867 0.941014 4
-88.3388 -12.8867 0.941014 -88.4572 -13.0333 0.949705 4
-88.4572 -13.0333 0.949705 -88.4644 -13.0391 0.949293 4
-88.4644 -13.0391 0.949293 -89.7706 -14.0829 0.875298 4
-89.7706 -14.0829 0.875298 -89.7953 -14.246 0.916349 4
-89.7953 -14.246 0.916349 -89.7979 -14.2522 0.917427 4
-89.7979 -14.2522 0.917427 -90.2523 -15.3575 1.11145 4
-90.2523 -15.3575 1.11145 -90.2276 -15.1944 1.0704 4
-90.2276 -15.1944 1.0704 -90.2248 -15.2037 1.07398 4
-90.2248 -15.2037 1.07398 -90.2219 -15.213 1.07756 4
-90.2219 -15.213 1.07756 -89.712 -16.871 1.71806 4
-89.712 -16.871 1.71806 -89.7281 -16.8838 1.71118 4
-89.7281 -16.8838 1.71118 -89.7443 -16.8966 1.7043 4
-89.7443 -16.8966 1.7043 -89.7605 -16.9094 1.69743 4
-89.7605 -16.9094 1.69743 -89.7767 -16.9222 1.69055 4
-89.7767 -16.9222 1.69055 -92.6404 -19.1899 0.47334 4
-92.6404 -19.1899 0.47334 -92.647 -19.184 0.469676 4
-92.647 -19.184 0.469676 -93.8259 -18.1245 -0.189786 4
-93.8259 -18.1245 -0.189786 -93.8115 -18.1582 -0.23406 4
-93.8115 -18.1582 -0.23406 -93.7971 -18.1919 -0.278335 4
-93.7971 -18.1919 -0.278335 -93.7827 -18.2256 -0.322609 4
-93.7827 -18.2256 -0.322609 -93.7683 -18.2594 -0.366883 4
-93.7683 -18.2594 -0.366883 -93.7539 -18.2931 -0.411157 4
-93.7539 -18.2931 -0.411157 -93.7395 -18.3268 -0.455431 4
-93.7395 -18.3268 -0.455431 -93.7251 -18.3605 -0.499706 4
-93.7251 -18.3605 -0.499706 -93.7107 -18.3942 -0.54398 4
-93.7107 -18.3942 -0.54398 -93.6963 -18.4279 -0.588254 4
-93.6963 -18.4279 -0.588254 -93.6819 -18.4616 -0.632528 4
-93.6819 -18.4616 -0.632528 -93.6675 -18.4953 -0.676802 4
-93.6675 -18.4953 -0.676802 -93.6531 -18.529 -0.721076 4
-93.6531 -18.529 -0.721076 -93.6387 -18.5627 -0.765351 4
-93.6387 -18.5627 -0.765351 -91.2198 -24.2257 -8.20341 4
-91.2198 -24.2257 -8.20341 -91.2903 -24.0557 -8.27441 4
-91.2903 -24.0557 -8.27441 -91.3397 -24.382 -8.19231 4
-91.3397 -24.382 -8.19231 -91.3378 -24.3974 -8.18717 4
-91.3378 -24.3974 -8.18717 -91.3359 -24.4129 -8.18203 4
-91.3359 -24.4129 -8.18203 -91.334 -24.4284 -8.17689 4
-91.334 -24.4284 -8.17689 -90.9941 -27.181 -7.26213 4
-90.9941 -27.181 -7.26213 -91.0067 -27.1765 -7.26717 4
-91.0067 -27.1765 -7.26717 -91.0193 -27.1719 -7.27221 4
-91.0193 -27.1719 -7.27221 -93.2743 -26.3566 -8.17497 4
-93.2743 -26.3566 -8.17497 -93.3485 -26.846 -8.05182 4
-93.3485 -26.846 -8.05182 -93.3486 -26.8577 -8.0484 4
-93.3486 -26.8577 -8.0484 -93.3488 -26.8694 -8.04498 4
-93.3488 -26.8694 -8.04498 -93.3813 -28.9678 -7.43315 4
-93.3813 -28.9678 -7.43315 -93.4764 -28.9609 -7.4631 4
-93.4764 -28.9609 -7.4631 -93.4692 -28.9695 -7.45843 4
-93.4692 -28.9695 -7.45843 -93.462 -28.9782 -7.45377 4
-93.462 -28.9782 -7.45377 -92.1733 -30.5198 -6.61934 4
-92.1733 -30.5198 -6.61934 -92.1871 -30.5233 -6.62236 4
-92.1871 -30.5233 -6.62236 -92.2009 -30.5268 -6.62537 4
-92.2009 -30.5268 -6.62537 -92.2148 -30.5303 -6.62839 4
-92.2148 -30.5303 -6.62839 -94.6745 -31.1538 -7.16514 4
-94.6745 -31.1538 -7.16514 -94.96 -31.1331 -7.25498 4
-94.96 -31.1331 -7.25498 -94.9662 -31.1255 -7.25908 4
-94.9662 -31.1255 -7.25908 -94.9725 -31.1178 -7.26319 4
-94.9725 -31.1178 -7.26319 -96.0975 -29.7511 -7.99779 4
-96.0975 -29.7511 -7.99779 -96.0722 -29.7903 -8.05765 4
-96.0722 -29.7903 -8.05765 -96.0469 -29.8296 -8.11751 4
-96.0469 -29.8296 -8.11751 -96.0216 -29.8688 -8.17736 4
-96.0216 -29.8688 -8.17736 -95.9963 -29.908 -8.23722 4
-95.9963 -29.908 -8.23722 -95.971 -29.9472 -8.29708 4
-95.971 -29.9472 -8.29708 -95.9457 -29.9865 -8.35694 4
-95.9457 -29.9865 -8.35694 -95.9204 -30.0257 -8.41679 4
-95.9204 -30.0257 -8.41679 -95.8952 -30.0649 -8.47665 4
-95.8952 -30.0649 -8.47665 -95.8699 -30.1041 -8.53651 4
-95.8699 -30.1041 -8.53651 -95.8446 -30.1434 -8.59637 4
-95.8446 -30.1434 -8.59637 -95.8193 -30.1826 -8.65622 4
-95.8193 -30.1826 -8.65622 -95.794 -30.2218 -8.71608 4
-95.794 -30.2218 -8.71608 -95.7687 -30.261 -8.77594 4
-95.7687 -30.261 -8.77594 -95.7434 -30.3002 -8.8358 4
-95.7434 -30.3002 -8.8358 -95.7181 -30.3395 -8.89565 4
-95.7181 -30.3395 -8.89565 -95.6928 -30.3787 -8.95551 4
-95.6928 -30.3787 -8.95551 -95.6675 -30.4179 -9.01537 4
-95.6675 -30.4179 -9.01537 -91.5201 -36.8504 -18.832 4
-91.5201 -36.8504 -18.832 -91.5319 -36.855 -18.8342 4
-91.5319 -36.855 -18.8342 -91.5438 -36.8595 -18.8363 4
-91.5438 -36.8595 -18.8363 -93.6653 -37.675 -19.217 4
-93.6653 -37.675 -19.217 -93.676 -37.6896 -19.2158 4
-93.676 -37.6896 -19.2158 -93.6867 -37.7041 -19.2147 4
-93.6867 -37.7041 -19.2147 -93.6974 -37.7187 -19.2135 4
-93.6974 -37.7187 -19.2135 -95.6036 -40.309 -19.0055 4
-95.6036 -40.309 -19.0055 -95.8186 -40.4584 -19.0243 4
-95.8186 -40.4584 -19.0243 -95.8292 -40.4605 -19.0245 4
-95.8292 -40.4605 -19.0245 -95.8397 -40.4627 -19.0247 4
-95.8397 -40.4627 -19.0247 -97.7289 -40.8543 -19.0556 4
-97.7289 -40.8543 -19.0556 -97.824 -40.8474 -19.0856 4
-97.824 -40.8474 -19.0856 -97.8302 -40.8388 -19.0899 4
-97.8302 -40.8388 -19.0899 -97.8363 -40.8303 -19.0943 4
-97.8363 -40.8303 -19.0943 -98.9354 -39.2927 -19.8719 4
-98.9354 -39.2927 -19.8719 -98.9322 -39.3065 -19.8668 4
-98.9322 -39.3065 -19.8668 -98.9289 -39.3203 -19.8618 4
-98.9289 -39.3203 -19.8618 -98.9257 -39.3341 -19.8568 4
-98.9257 -39.3341 -19.8568 -98.3515 -41.789 -18.9615 4
-98.3515 -41.789 -18.9615 -98.9472 -41.9108 -19.1001 4
-98.9472 -41.9108 -19.1001 -98.9632 -41.914 -19.1034 4
-98.9632 -41.914 -19.1034 -98.9792 -41.9173 -19.1067 4
-98.9792 -41.9173 -19.1067 -98.9953 -41.9205 -19.1101 4
-98.9953 -41.9205 -19.1101 -101.848 -42.4981 -19.7011 4
-101.848 -42.4981 -19.7011 -101.853 -42.4932 -19.6844 4
-101.853 -42.4932 -19.6844 -101.858 -42.4883 -19.6678 4
-101.858 -42.4883 -19.6678 -101.863 -42.4833 -19.6512 4
-101.863 -42.4833 -19.6512 -102.73 -41.6071 -16.6919 4
-102.73 -41.6071 -16.6919 -102.735 -41.6145 -16.6892 4
-102.735 -41.6145 -16.6892 -103.507 -42.9395 -16.2001 4
-103.507 -42.9395 -16.2001 -103.493 -42.9536 -16.225 4
-103.493 -42.9536 -16.225 -103.479 -42.9678 -16.2499 4
-103.479 -42.9678 -16.2499 -103.466 -42.982 -16.2747 4
-103.466 -42.982 -16.2747 -103.452 -42.9961 -16.2996 4
-103.452 -42.9961 -16.2996 -103.438 -43.0103 -16.3245 4
-103.438 -43.0103 -16.3245 -103.424 -43.0245 -16.3493 4
-103.424 -43.0245 -16.3493 -103.411 -43.0386 -16.3742 4
-103.411 -43.0386 -16.3742 -101.015 -45.5025 -20.7013 4
-101.015 -45.5025 -20.7013 -101.027 -45.5069 -20.7103 4
-101.027 -45.5069 -20.7103 -101.039 -45.5113 -20.7193 4
-101.039 -45.5113 -20.7193 -101.051 -45.5156 -20.7283 4
-101.051 -45.5156 -20.7283 -103.187 -46.2918 -22.3288 4
-103.187 -46.2918 -22.3288 -103.186 -46.2936 -22.3353 4
-103.186 -46.2936 -22.3353 -103.05 -46.6088 -23.5056 4
-103.05 -46.6088 -23.5056 -103.059 -46.6132 -23.5443 4
-103.059 -46.6132 -23.5443 -103.069 -46.6176 -23.5831 4
-103.069 -46.6176 -23.5831 -103.078 -46.6219 -23.6218 4
-103.078 -46.6219 -23.6218 -103.088 -46.6263 -23.6606 4
-103.088 -46.6263 -23.6606 -103.098 -46.6307 -23.6993 4
-103.098 -46.6307 -23.6993 -103.107 -46.6351 -23.7381 4
-103.107 -46.6351 -23.7381 -103.117 -46.6395 -23.7768 4
-103.117 -46.6395 -23.7768 -103.126 -46.6439 -23.8156 4
-103.126 -46.6439 -23.8156 -103.136 -46.6482 -23.8543 4
-103.136 -46.6482 -23.8543 -104.788 -47.4019 -30.5191 4
-104.788 -47.4019 -30.5191 -104.786 -47.394 -30.5212 4
-104.786 -47.394 -30.5212 -104.359 -45.986 -30.8885 4
-104.359 -45.986 -30.8885 -104.363 -46.002 -30.8848 4
-104.363 -46.002 -30.8848 -104.366 -46.0179 -30.8811 4
-104.366 -46.0179 -30.8811 -104.37 -46.0339 -30.8774 4
-104.37 -46.0339 -30.8774 -104.99 -48.8794 -30.2167 4
-104.99 -48.8794 -30.2167 -105.005 -48.8764 -30.2221 4
-105.005 -48.8764 -30.2221 -105.021 -48.8735 -30.2275 4
-105.021 -48.8735 -30.2275 -105.036 -48.8706 -30.233 4
-105.036 -48.8706 -30.233 -107.795 -48.3468 -31.1972 4
-107.795 -48.3468 -31.1972 -107.801 -48.3392 -31.201 4
-107.801 -48.3392 -31.201 -108.743 -46.9786 -31.8801 4
-108.743 -46.9786 -31.8801 -108.746 -46.994 -31.8778 4
-108.746 -46.994 -31.8778 -108.749 -47.0094 -31.8755 4
-108.749 -47.0094 -31.8755 -108.752 -47.0249 -31.8732 4
-108.752 -47.0249 -31.8732 -109.286 -49.7717 -31.4617 4
-109.286 -49.7717 -31.4617 -109.291 -49.7804 -31.4606 4
-109.291 -49.7804 -31.4606 -110.197 -51.3355 -31.2656 4
-110.197 -51.3355 -31.2656 -110.201 -51.3449 -31.2637 4
-110.201 -51.3449 -31.2637 -110.206 -51.3544 -31.2619 4
-110.206 -51.3544 -31.2619 -111.058 -53.0473 -30.9247 4
-111.058 -53.0473 -30.9247 -111.439 -53.0198 -31.0445 4
-111.439 -53.0198 -31.0445 -111.446 -53.0291 -31.0437 4
-111.446 -53.0291 -31.0437 -111.452 -53.0384 -31.0429 4
-111.452 -53.0384 -31.0429 -112.656 -54.7068 -30.9021 4
-112.656 -54.7068 -30.9021 -112.664 -54.7036 -30.9052 4
-112.664 -54.7036 -30.9052 -114.011 -54.1239 -31.472 4
-114.011 -54.1239 -31.472 -114.008 -54.1348 -31.4678 4
-114.008 -54.1348 -31.4678 -114.005 -54.1458 -31.4637 4
-114.005 -54.1458 -31.4637 -113.445 -56.1047 -30.7195 4
-113.445 -56.1047 -30.7195 -113.636 -56.091 -30.7794 4
-113.636 -56.091 -30.7794 -113.648 -56.0982 -30.7807 4
-113.648 -56.0982 -30.7807 -113.659 -56.1054 -30.782 4
-113.659 -56.1054 -30.782 -115.757 -57.3926 -31.0161 4
-115.757 -57.3926 -31.0161 -116.481 -57.7282 -31.1291 4
-116.481 -57.7282 -31.1291 -116.672 -57.7144 -31.189 4
-116.672 -57.7144 -31.189 -116.685 -57.7215 -31.1908 4
-116.685 -57.7215 -31.1908 -116.698 -57.7286 -31.1926 4
-116.698 -57.7286 -31.1926 -116.712 -57.7357 -31.1944 4
-116.712 -57.7357 -31.1944 -119.078 -58.9954 -31.5156 4
