-87.9102 -18.5017 1.20154 -87.8462 -18.4407 1.18217 0
-87.8462 -18.4407 1.18217 -87.7821 -18.3797 1.16279 0
-87.7821 -18.3797 1.16279 -87.718 -18.3186 1.14342 0
-87.718 -18.3186 1.14342 -87.6539 -18.2576 1.12404 0
-87.6539 -18.2576 1.12404 -87.5898 -18.1966 1.10467 0
-87.5898 -18.1966 1.10467 -87.5258 -18.1356 1.08529 0
-87.5258 -18.1356 1.08529 -87.4617 -18.0745 1.06592 0
-87.4617 -18.0745 1.06592 -87.3976 -18.0135 1.04654 0
-87.3976 -18.0135 1.04654 -87.3335 -17.9525 1.02717 0
-87.3335 -17.9525 1.02717 -87.2695 -17.8915 1.00779 0
-87.2695 -17.8915 1.00779 -87.2054 -17.8304 0.988415 0
-87.2054 -17.8304 0.988415 -87.1413 -17.7694 0.96904 0
-87.1413 -17.7694 0.96904 -87.0772 -17.7084 0.949665 0
-87.0772 -17.7084 0.949665 -87.0131 -17.6474 0.930289 0
-87.0131 -17.6474 0.930289 -86.9491 -17.5863 0.910914 0
-86.9491 -17.5863 0.910914 -86.885 -17.5253 0.891539 0
-86.885 -17.5253 0.891539 -86.8209 -17.4643 0.872163 0
-86.8209 -17.4643 0.872163 -86.7568 -17.4033 0.852788 0
-86.7568 -17.4033 0.852788 -86.6928 -17.3422 0.833413 0
-86.6928 -17.3422 0.833413 -86.6287 -17.2812 0.814037 0
-86.6287 -17.2812 0.814037 -86.5646 -17.2202 0.794662 0
-86.5646 -17.2202 0.794662 -86.5005 -17.1592 0.775287 0
-86.5005 -17.1592 0.775287 -86.4364 -17.0981 0.755911 0
-86.4364 -17.0981 0.755911 -86.3724 -17.0371 0.736536 0
-86.3724 -17.0371 0.736536 -86.3083 -16.9761 0.717161 0
-86.3083 -16.9761 0.717161 -86.2442 -16.9151 0.697785 0
-86.2442 -16.9151 0.697785 -86.1801 -16.854 0.67841 0
-86.1801 -16.854 0.67841 -68.687 -0.194157 -4.61106 0
-68.687 -0.194157 -4.61106 -68.6808 -0.189338 -4.61014 0
-68.6808 -0.189338 -4.61014 -66.8234 1.2513 -4.33565 0
-66.8234 1.2513 -4.33565 -66.3907 1.49782 -4.29112 0
-66.3907 1.49782 -4.29112 -66.3838 1.49923 -4.29096 0
-66.3838 1.49923 -4.29096 -64.3021 1.92015 -4.24348 0
-64.3021 1.92015 -4.24348 -64.2954 1.92082 -4.24348 0
-64.2954 1.92082 -4.24348 -62.2806 2.12369 -4.2421 0
-62.2806 2.12369 -4.2421 -61.5305 2.16721 -4.24856 0
-61.5305 2.16721 -4.24856 -61.5229 2.16967 -4.24819 0
-61.5229 2.16967 -4.24819 -59.2465 2.90408 -4.13652 0
-59.2465 2.90408 -4.13652 -58.9522 3.07172 -4.10624 0
-58.9522 3.07172 -4.10624 -58.9399 3.07176 -4.1065 0
-58.9399 3.07176 -4.1065 -58.9276 3.0718 -4.10675 0
-58.9276 3.0718 -4.10675 -58.9154 3.07184 -4.107 0
-58.9154 3.07184 -4.107 -55.2654 3.08394 -4.18196 0
-55.2654 3.08394 -4.18196 -54.9481 2.88095 -4.23295 0
-54.9481 2.88095 -4.23295 -54.9367 2.88363 -4.23261 0
-54.9367 2.88363 -4.23261 -54.9253 2.88632 -4.23227 0
-54.9253 2.88632 -4.23227 -54.9139 2.889 -4.23192 0
-54.9139 2.889 -4.23192 -51.5346 3.68558 -4.13016 0
-51.5346 3.68558 -4.13016 -50.6374 3.81293 -4.12148 0
-50.6374 3.81293 -4.12148 -50.6306 3.8124 -4.12174 0
-50.6306 3.8124 -4.12174 -48.5978 3.65428 -4.19942 0
-48.5978 3.65428 -4.19942 -48.5932 3.64868 -4.20074 0
-48.5932 3.64868 -4.20074 -47.2073 1.97453 -4.59508 0
-47.2073 1.97453 -4.59508 -47.2018 1.98271 -4.59341 0
-47.2018 1.98271 -4.59341 -47.1962 1.9909 -4.59174 0
-47.1962 1.9909 -4.59174 -45.5501 4.43117 -4.0949 0
-45.5501 4.43117 -4.0949 -45.5449 4.43224 -4.09477 0
-45.5449 4.43224 -4.09477 -43.993 4.75388 -4.05767 0
-43.993 4.75388 -4.05767 -43.9841 4.75319 -4.05801 0
-43.9841 4.75319 -4.05801 -43.9753 4.7525 -4.05835 0
-43.9753 4.7525 -4.05835 -41.3454 4.54651 -4.15915 0
-41.3454 4.54651 -4.15915 -41.2603 4.40311 -4.19222 0
-41.2603 4.40311 -4.19222 -41.2529 4.40164 -4.19269 0
-41.2529 4.40164 -4.19269 -39.0418 3.96258 -4.33539 0
-39.0418 3.96258 -4.33539 -39.0389 3.95662 -4.33675 0
-39.0389 3.95662 -4.33675 -38.1778 2.17478 -4.74341 0
-38.1778 2.17478 -4.74341 -38.1715 2.17836 -4.74276 0
-38.1715 2.17836 -4.74276 -36.2911 3.24961 -4.54926 0
-36.2911 3.24961 -4.54926 -36.4382 3.16579 -4.5644 0
-36.4382 3.16579 -4.5644 -36.4289 3.1654 -4.56469 0
-36.4289 3.1654 -4.56469 -36.4195 3.165 -4.56497 0
-36.4195 3.165 -4.56497 -33.6349 3.04717 -4.64986 0
-33.6349 3.04717 -4.64986 -33.625 3.04583 -4.65036 0
-33.625 3.04583 -4.65036 -33.6152 3.04449 -4.65086 0
-33.6152 3.04449 -4.65086 -30.675 2.64524 -4.80039 0
-30.675 2.64524 -4.80039 -30.2156 2.5345 -4.83429 0
-30.2156 2.5345 -4.83429 -30.2093 2.53366 -4.83461 0
-30.2093 2.53366 -4.83461 -28.3181 2.2836 -4.92931 0
-28.3181 2.2836 -4.92931 -28.0008 2.08061 -4.9803 0
-28.0008 2.08061 -4.9803 -27.9956 2.07847 -4.98088 0
-27.9956 2.07847 -4.98088 -26.4509 1.43978 -5.15292 0
-26.4509 1.43978 -5.15292 -26.704 0.539331 -5.34379 0
-26.704 0.539331 -5.34379 -26.6957 0.542795 -5.34321 0
-26.6957 0.542795 -5.34321 -26.6873 0.54626 -5.34263 0
-26.6873 0.54626 -5.34263 -24.2058 1.5788 -5.17035 0
-24.2058 1.5788 -5.17035 -24.1987 1.5778 -5.17072 0
-24.1987 1.5778 -5.17072 -22.0811 1.27675 -5.28136 0
-22.0811 1.27675 -5.28136 -21.7868 1.44438 -5.25108 0
-21.7868 1.44438 -5.25108 -21.7783 1.44099 -5.252 0
-21.7783 1.44099 -5.252 -21.7698 1.43759 -5.25292 0
-21.7698 1.43759 -5.25292 -19.2366 0.425307 -5.5274 0
-19.2366 0.425307 -5.5274 -18.5486 0.241615 -5.58206 0
-18.5486 0.241615 -5.58206 -17.192 0.258222 -5.60728 0
-17.192 0.258222 -5.60728 -16.4772 -0.282729 -5.74038 0
-16.4772 -0.282729 -5.74038 -16.1065 -0.26343 -5.74405 0
-16.1065 -0.26343 -5.74405 -16.1002 -0.264266 -5.74437 0
-16.1002 -0.264266 -5.74437 -14.209 -0.514332 -5.83908 0
-14.209 -0.514332 -5.83908 -14.2028 -0.517067 -5.84005 0
-14.2028 -0.517067 -5.84005 -12.3483 -1.33481 -6.12912 0
-12.3483 -1.33481 -6.12912 -12.3435 -1.33523 -6.12931 0
-12.3435 -1.33523 -6.12931 -10.9066 -1.46161 -6.1874 0
-10.9066 -1.46161 -6.1874 -10.5892 -1.6646 -6.23839 0
-10.5892 -1.6646 -6.23839 -10.5732 -1.66433 -6.23867 0
-10.5732 -1.66433 -6.23867 -10.5571 -1.66407 -6.23896 0
-10.5571 -1.66407 -6.23896 -10.5411 -1.6638 -6.23924 0
-10.5411 -1.6638 -6.23924 -10.525 -1.66353 -6.23952 0
-10.525 -1.66353 -6.23952 -5.77301 -1.58462 -6.32336 0
-5.77301 -1.58462 -6.32336 -5.60782 -1.86299 -6.38754 0
-5.60782 -1.86299 -6.38754 -5.59843 -1.87223 -6.34969 0
-5.59843 -1.87223 -6.34969 -5.58905 -1.88148 -6.31184 0
-5.58905 -1.88148 -6.31184 -5.57967 -1.89072 -6.274 0
-5.57967 -1.89072 -6.274 -5.57028 -1.89996 -6.23615 0
-5.57028 -1.89996 -6.23615 -5.5609 -1.90921 -6.1983 0
-5.5609 -1.90921 -6.1983 -5.55152 -1.91845 -6.16046 0
-5.55152 -1.91845 -6.16046 -5.54214 -1.92769 -6.12261 0
-5.54214 -1.92769 -6.12261 -5.53275 -1.93694 -6.08476 0
-5.53275 -1.93694 -6.08476 -5.52337 -1.94618 -6.04692 0
-5.52337 -1.94618 -6.04692 -5.51399 -1.95542 -6.00907 0
-5.51399 -1.95542 -6.00907 -5.5046 -1.96467 -5.97123 0
-5.5046 -1.96467 -5.97123 -2.79298 -4.63599 4.96644 0
-2.79298 -4.63599 4.96644 -2.7902 -4.63188 4.96727 0
-2.7902 -4.63188 4.96727 -1.96003 -3.4052 5.21697 0
-1.96003 -3.4052 5.21697 -1.95849 -3.41 5.21589 0
-1.95849 -3.41 5.21589 -1.49839 -4.8466 4.89301 0
-1.49839 -4.8466 4.89301 -1.48558 -4.8507 4.89185 0
-1.48558 -4.8507 4.89185 -1.47276 -4.8548 4.89068 0
-1.47276 -4.8548 4.89068 -1.45994 -4.8589 4.88952 0
-1.45994 -4.8589 4.88952 2.34641 -6.07629 4.54327 0
2.34641 -6.07629 4.54327 2.43151 -6.21969 4.5102 0
2.43151 -6.21969 4.5102 2.43943 -6.21774 4.51046 0
2.43943 -6.21774 4.51046 2.44734 -6.21579 4.51072 0
2.44734 -6.21579 4.51072 4.80569 -5.63466 4.58723 0
4.80569 -5.63466 4.58723 4.95281 -5.55085 4.60237 0
4.95281 -5.55085 4.60237 4.96105 -5.55055 4.60226 0
4.96105 -5.55055 4.60226 4.9693 -5.55026 4.60215 0
4.9693 -5.55026 4.60215 7.42515 -5.46298 4.56896 0
7.42515 -5.46298 4.56896 7.42909 -5.46961 4.56743 0
7.42909 -5.46961 4.56743 8.60654 -7.45376 4.10996 0
8.60654 -7.45376 4.10996 8.61301 -7.4482 4.11103 0
8.61301 -7.4482 4.11103 8.61947 -7.44264 4.11211 0
8.61947 -7.44264 4.11211 10.5458 -5.78459 4.43251 0
10.5458 -5.78459 4.43251 9.95511 -4.7892 4.66201 0
9.95511 -4.7892 4.66201 9.96371 -4.79062 4.66152 0
9.96371 -4.79062 4.66152 9.97231 -4.79204 4.66103 0
9.97231 -4.79204 4.66103 12.5356 -5.21536 4.51427 0
12.5356 -5.21536 4.51427 13.4328 -5.08801 4.52295 0
13.4328 -5.08801 4.52295 13.4497 -5.08343 4.52359 0
13.4497 -5.08343 4.52359 13.4666 -5.07885 4.52423 0
13.4666 -5.07885 4.52423 13.4835 -5.07427 4.52487 0
13.4835 -5.07427 4.52487 13.5004 -5.06969 4.52551 0
13.5004 -5.06969 4.52551 18.5 -3.71373 4.71474 0
18.5 -3.71373 4.71474 19.1923 -3.31929 4.78598 0
19.1923 -3.31929 4.78598 19.1956 -3.31366 4.78714 0
19.1956 -3.31366 4.78714 20.158 -1.62913 5.13381 0
20.158 -1.62913 5.13381 20.1629 -1.62762 5.13404 0
20.1629 -1.62762 5.13404 21.6263 -1.17638 5.20127 0
21.6263 -1.17638 5.20127 22.3945 -1.49504 5.11549 0
22.3945 -1.49504 5.11549 22.4002 -1.49368 5.11566 0
22.4002 -1.49368 5.11566 24.121 -1.08708 5.16769 0
24.121 -1.08708 5.16769 24.1264 -1.08843 5.16728 0
24.1264 -1.08843 5.16728 25.7502 -1.49083 5.04506 0
25.7502 -1.49083 5.04506 25.5771 -1.58944 5.02725 0
25.5771 -1.58944 5.02725 25.5849 -1.58818 5.02736 0
25.5849 -1.58818 5.02736 27.9016 -1.21333 5.0598 0
27.9016 -1.21333 5.0598 28.5074 -0.868204 5.12214 0
28.5074 -0.868204 5.12214 28.5189 -0.866098 5.12235 0
28.5189 -0.866098 5.12235 28.5304 -0.863993 5.12257 0
28.5304 -0.863993 5.12257 28.5419 -0.861887 5.12278 0
28.5419 -0.861887 5.12278 31.954 -0.236563 5.18652 0
31.954 -0.236563 5.18652 32.3867 0.00995798 5.23105 0
32.3867 0.00995798 5.23105 33.2507 0.310291 5.27814 0
33.2507 0.310291 5.27814 33.2573 0.312814 5.27855 0
33.2573 0.312814 5.27855 35.2333 1.0673 5.40097 0
35.2333 1.0673 5.40097 35.4064 1.16591 5.41879 0
35.4064 1.16591 5.41879 35.4116 1.16694 5.4189 0
35.4116 1.16694 5.4189 36.9599 1.47526 5.45318 0
36.9599 1.47526 5.45318 37.045 1.33186 5.42012 0
37.045 1.33186 5.42012 37.0507 1.33132 5.41988 0
37.0507 1.33132 5.41988 38.7622 1.17012 5.34836 0
38.7622 1.17012 5.34836 38.7688 1.17201 5.34863 0
38.7688 1.17201 5.34863 40.7434 1.73443 5.42922 0
40.7434 1.73443 5.42922 40.7514 1.73392 5.42894 0
40.7514 1.73392 5.42894 40.7594 1.73341 5.42866 0
40.7594 1.73341 5.42866 43.15 1.58171 5.34477 0
43.15 1.58171 5.34477 43.7529 1.54143 5.32317 0
43.7529 1.54143 5.32317 45.1297 1.95331 5.38367 0
45.1297 1.95331 5.38367 46.4221 1.92204 5.34938 0
46.4221 1.92204 5.34938 46.4296 1.92187 5.34918 0
46.4296 1.92187 5.34918 48.6521 1.87186 5.29103 0
48.6521 1.87186 5.29103 48.657 1.87374 5.27813 0
48.657 1.87374 5.27813 48.6619 1.87561 5.26523 0
48.6619 1.87561 5.26523 48.6668 1.87749 5.25233 0
48.6668 1.87749 5.25233 50.1159 2.43544 1.42104 0
50.1159 2.43544 1.42104 50.1211 2.43711 1.42129 0
50.1211 2.43711 1.42129 51.6708 2.9375 1.4974 0
51.6708 2.9375 1.4974 52.017 3.13471 1.53302 0
52.017 3.13471 1.53302 52.0246 3.13624 1.53244 0
52.0246 3.13624 1.53244 54.3168 3.5914 1.35845 0
54.3168 3.5914 1.35845 54.3211 3.59451 1.35903 0
54.3211 3.59451 1.35903 55.6164 4.52367 1.534 0
55.6164 4.52367 1.534 55.3705 5.52357 1.75715 0
55.3705 5.52357 1.75715 55.3847 5.52031 1.75614 0
55.3847 5.52031 1.75614 55.399 5.51705 1.75512 0
55.399 5.51705 1.75512 55.4133 5.51379 1.75411 0
55.4133 5.51379 1.75411 55.4276 5.51053 1.75309 0
55.4276 5.51053 1.75309 59.6566 4.54533 1.45282 0
59.6566 4.54533 1.45282 59.6519 4.5943 1.22815 0
59.6519 4.5943 1.22815 59.6676 4.59811 1.21158 0
59.6676 4.59811 1.21158 59.6833 4.60193 1.19502 0
59.6833 4.60193 1.19502 59.699 4.60574 1.17845 0
59.699 4.60574 1.17845 59.7147 4.60956 1.16189 0
59.7147 4.60956 1.16189 59.7304 4.61337 1.14533 0
59.7304 4.61337 1.14533 59.7461 4.61719 1.12876 0
59.7461 4.61719 1.12876 64.3642 5.73878 -3.74108 0
64.3642 5.73878 -3.74108 64.3621 5.73127 -3.74268 0
64.3621 5.73127 -3.74268 63.734 3.48344 -4.21922 0
63.734 3.48344 -4.21922 63.7435 3.49141 -4.21769 0
63.7435 3.49141 -4.21769 63.7531 3.49937 -4.21616 0
63.7531 3.49937 -4.21616 63.7626 3.50734 -4.21463 0
63.7626 3.50734 -4.21463 66.6007 5.87288 -3.75941 0
66.6007 5.87288 -3.75941 66.6808 5.73791 -3.79053 0
66.6808 5.73791 -3.79053 66.6961 5.74139 -3.80094 0
66.6961 5.74139 -3.80094 66.7113 5.74487 -3.81136 0
66.7113 5.74487 -3.81136 66.7266 5.74835 -3.82178 0
66.7266 5.74835 -3.82178 66.7419 5.75183 -3.8322 0
66.7419 5.75183 -3.8322 66.7571 5.7553 -3.84261 0
66.7571 5.7553 -3.84261 71.2608 6.78172 -6.91576 0
71.2608 6.78172 -6.91576 72.219 7.71808 -6.81395 0
72.219 7.71808 -6.81395 72.2318 7.71394 -6.81485 0
72.2318 7.71394 -6.81485 72.2447 7.7098 -6.81576 0
72.2447 7.7098 -6.81576 72.2575 7.70566 -6.81666 0
72.2575 7.70566 -6.81666 76.0741 6.47629 -7.08466 0
76.0741 6.47629 -7.08466 76.0866 6.47194 -7.06236 0
76.0866 6.47194 -7.06236 76.0991 6.46758 -7.04007 0
76.0991 6.46758 -7.04007 76.1116 6.46323 -7.01777 0
76.1116 6.46323 -7.01777 76.1241 6.45887 -6.99548 0
76.1241 6.45887 -6.99548 76.1367 6.45452 -6.97318 0
76.1367 6.45452 -6.97318 76.1492 6.45016 -6.95088 0
76.1492 6.45016 -6.95088 76.1617 6.44581 -6.92859 0
76.1617 6.44581 -6.92859 79.8276 5.16997 -0.395907 0
79.8276 5.16997 -0.395907 79.322 6.02196 -0.199471 0
79.322 6.02196 -0.199471 79.3383 6.01792 -0.200698 0
79.3383 6.01792 -0.200698 79.3546 6.01388 -0.201924 0
79.3546 6.01388 -0.201924 79.3709 6.00985 -0.20315 0
79.3709 6.00985 -0.20315 79.3872 6.00581 -0.204377 0
79.3872 6.00581 -0.204377 84.2096 4.81072 -0.567369 0
84.2096 4.81072 -0.567369 84.2217 4.81508 -0.566675 0
84.2217 4.81508 -0.566675 84.2338 4.81945 -0.565981 0
84.2338 4.81945 -0.565981 84.2459 4.82381 -0.565288 0
84.2459 4.82381 -0.565288 87.8337 6.1191 -0.359265 0
87.8337 6.1191 -0.359265 87.8306 6.12558 -0.357786 0
87.8306 6.12558 -0.357786 86.9105 8.06509 0.0844817 0
86.9105 8.06509 0.0844817 86.9199 8.06093 0.0833758 0
86.9199 8.06093 0.0833758 86.9293 8.05678 0.08227 0
86.9293 8.05678 0.08227 89.7348 6.81837 -0.24728 0
89.7348 6.81837 -0.24728 89.7314 6.82662 -0.245411 0
89.7314 6.82662 -0.245411 89.7281 6.83487 -0.243542 0
89.7281 6.83487 -0.243542 88.7294 9.29319 0.313468 0
88.7294 9.29319 0.313468 88.7503 9.29496 0.31341 0
88.7503 9.29496 0.31341 88.7712 9.29674 0.313352 0
88.7712 9.29674 0.313352 88.7922 9.29851 0.313293 0
88.7922 9.29851 0.313293 88.8131 9.30029 0.313235 0
88.8131 9.30029 0.313235 88.8341 9.30206 0.313177 0
88.8341 9.30206 0.313177 88.855 9.30384 0.313118 0
88.855 9.30384 0.313118 95.0139 9.82592 0.295961 0
95.0139 9.82592 0.295961 94.9259 9.58391 0.245086 0
94.9259 9.58391 0.245086 94.9202 9.58573 0.245605 0
94.9202 9.58573 0.245605 93.2116 10.1311 0.400782 0
93.2116 10.1311 0.400782 93.2268 10.1334 0.40097 0
93.2268 10.1334 0.40097 93.242 10.1357 0.401157 0
93.242 10.1357 0.401157 93.2572 10.1381 0.401344 0
93.2572 10.1381 0.401344 93.2725 10.1404 0.401532 0
93.2725 10.1404 0.401532 97.774 10.834 0.456978 0
97.774 10.834 0.456978 98.4663 11.2284 0.528222 0
98.4663 11.2284 0.528222 98.4729 11.2284 0.528072 0
98.4729 11.2284 0.528072 100.443 11.2146 0.483181 0
100.443 11.2146 0.483181 100.703 11.3625 0.509898 0
100.703 11.3625 0.509898 100.715 11.3611 0.509339 0
100.715 11.3611 0.509339 100.727 11.3597 0.50878 0
100.727 11.3597 0.50878 100.739 11.3583 0.508222 0
100.739 11.3583 0.508222 104.309 10.9449 0.342225 0
104.309 10.9449 0.342225 104.306 10.9347 0.340042 0
104.306 10.9347 0.340042 104.304 10.9244 0.337859 0
104.304 10.9244 0.337859 103.586 7.86945 -0.312698 0
103.586 7.86945 -0.312698 103.593 7.88406 -0.309656 0
103.593 7.88406 -0.309656 103.6 7.89868 -0.306614 0
103.6 7.89868 -0.306614 103.607 7.91329 -0.303573 0
103.607 7.91329 -0.303573 103.613 7.92791 -0.300531 0
103.613 7.92791 -0.300531 105.616 12.2542 0.599771 0
105.616 12.2542 0.599771 105.696 12.1192 0.568653 0
105.696 12.1192 0.568653 105.714 12.1188 0.568208 0
105.714 12.1188 0.568208 105.731 12.1185 0.567764 0
105.731 12.1185 0.567764 105.748 12.1181 0.56732 0
105.748 12.1181 0.56732 105.765 12.1178 0.566875 0
105.765 12.1178 0.566875 110.856 12.011 0.435372 0
110.856 12.011 0.435372 110.854 12.017 0.43672 0
110.854 12.017 0.43672 110.363 13.8181 0.839709 0
110.363 13.8181 0.839709 110.372 13.8157 0.838993 0
110.372 13.8157 0.838993 110.381 13.8133 0.838277 0
110.381 13.8133 0.838277 113.105 13.1002 0.624949 0
113.105 13.1002 0.624949 113.115 13.105 0.625774 0
113.115 13.105 0.625774 113.126 13.1098 0.626599 0
113.126 13.1098 0.626599 113.137 13.1147 0.627424 0
113.137 13.1147 0.627424 116.299 14.5475 0.872463 0
116.299 14.5475 0.872463 116.387 14.7895 0.923337 0
116.387 14.7895 0.923337 116.404 14.7934 0.923836 0
116.404 14.7934 0.923836 116.421 14.7974 0.924335 0
116.421 14.7974 0.924335 116.438 14.8013 0.924834 0
116.438 14.8013 0.924834 116.455 14.8052 0.925333 0
116.455 14.8052 0.925333 121.475 15.9725 1.07299 0
121.475 15.9725 1.07299 121.496 15.9771 1.07355 0
121.496 15.9771 1.07355 121.518 15.9818 1.07411 0
121.518 15.9818 1.07411 121.54 15.9865 1.07467 0
121.54 15.9865 1.07467 121.561 15.9912 1.07523 0
121.561 15.9912 1.07523 121.583 15.9958 1.07579 0
121.583 15.9958 1.07579 121.604 16.0005 1.07635 0
121.604 16.0005 1.07635 127.938 17.3747 1.24117 0
-87.9102 -18.5017 1.20154 -87.984 -18.3854 1.27324 1
-87.984 -18.3854 1.27324 -88.0577 -18.2691 1.34493 1
-88.0577 -18.2691 1.34493 -88.1314 -18.1529 1.41663 1
-88.1314 -18.1529 1.41663 -88.2051 -18.0366 1.48832 1
-88.2051 -18.0366 1.48832 -88.2789 -17.9203 1.56002 1
-88.2789 -17.9203 1.56002 -88.3526 -17.804 1.63171 1
-88.3526 -17.804 1.63171 -88.4263 -17.6877 1.70341 1
-88.4263 -17.6877 1.70341 -88.5 -17.5714 1.7751 1
-88.5 -17.5714 1.7751 -92.1126 -11.8732 5.28813 1
-92.1126 -11.8732 5.28813 -92.1038 -11.857 5.17995 1
-92.1038 -11.857 5.17995 -92.095 -11.8407 5.07177 1
-92.095 -11.8407 5.07177 -92.0862 -11.8245 4.96359 1
-92.0862 -11.8245 4.96359 -92.0775 -11.8083 4.85541 1
-92.0775 -11.8083 4.85541 -92.0687 -11.7921 4.74723 1
-92.0687 -11.7921 4.74723 -91.6119 -10.9486 -0.878158 1
-91.6119 -10.9486 -0.878158 -91.8442 -10.889 -0.860234 1
-91.8442 -10.889 -0.860234 -91.8649 -10.8541 -0.852181 1
-91.8649 -10.8541 -0.852181 -93.0255 -8.89824 -0.401235 1
-93.0255 -8.89824 -0.401235 -93.0517 -8.8599 -0.392322 1
-93.0517 -8.8599 -0.392322 -93.078 -8.82156 -0.383409 1
-93.078 -8.82156 -0.383409 -94.5192 -6.71289 0.106807 1
-94.5192 -6.71289 0.106807 -94.8546 -6.14771 0.237116 1
-94.8546 -6.14771 0.237116 -94.8728 -6.11132 0.245434 1
-94.8728 -6.11132 0.245434 -95.8889 -4.07311 0.711255 1
-95.8889 -4.07311 0.711255 -96.2062 -3.87012 0.762242 1
-96.2062 -3.87012 0.762242 -96.2301 -3.84706 0.767774 1
-96.2301 -3.84706 0.767774 -97.565 -2.55606 1.07752 1
-97.565 -2.55606 1.07752 -97.7302 -2.27769 1.14171 1
-97.7302 -2.27769 1.14171 -97.7323 -2.24541 1.14878 1
-97.7323 -2.24541 1.14878 -97.8493 -0.437927 1.5452 1
-97.8493 -0.437927 1.5452 -97.858 -0.405365 1.54835 1
-97.858 -0.405365 1.54835 -98.3474 1.41814 1.72486 1
-98.3474 1.41814 1.72486 -98.3338 1.47599 1.73718 1
-98.3338 1.47599 1.73718 -98.3202 1.53385 1.7495 1
-98.3202 1.53385 1.7495 -97.5715 4.71591 2.4271 1
-97.5715 4.71591 2.4271 -97.5694 4.74699 2.43383 1
-97.5694 4.74699 2.43383 -97.4533 6.48764 2.81073 1
-97.4533 6.48764 2.81073 -97.4262 6.47632 2.80768 1
-97.4262 6.47632 2.80768 -95.912 5.84189 2.63722 1
-95.912 5.84189 2.63722 -95.9215 5.88659 2.64716 1
-95.9215 5.88659 2.64716 -95.931 5.9313 2.65711 1
-95.931 5.9313 2.65711 -96.4516 8.39023 3.20409 1
-96.4516 8.39023 3.20409 -96.4601 8.42202 3.2112 1
-96.4601 8.42202 3.2112 -96.9363 10.2023 3.60932 1
-96.9363 10.2023 3.60932 -96.9432 10.2484 3.61953 1
-96.9432 10.2484 3.61953 -96.95 10.2946 3.62974 1
-96.95 10.2946 3.62974 -97.3287 12.8344 4.19133 1
-97.3287 12.8344 4.19133 -97.3785 13.5623 4.35102 1
-97.3785 13.5623 4.35102 -97.345 13.558 4.34937 1
-97.345 13.558 4.34937 -95.4723 13.3163 4.25689 1
-95.4723 13.3163 4.25689 -95.4865 13.3516 4.26488 1
-95.4865 13.3516 4.26488 -96.283 15.3264 4.71221 1
-96.283 15.3264 4.71221 -96.2606 15.3694 4.71967 1
-96.2606 15.3694 4.71967 -96.2382 15.4124 4.72712 1
-96.2382 15.4124 4.72712 -95.0068 17.7759 5.13703 1
-95.0068 17.7759 5.13703 -94.4111 19.0747 5.40743 1
-94.4111 19.0747 5.40743 -94.2517 20.1136 5.63047 1
-94.2517 20.1136 5.63047 -94.2784 20.1184 5.63209 1
-94.2784 20.1184 5.63209 -95.7699 20.3887 5.72271 1
-95.7699 20.3887 5.72271 -95.7423 20.411 5.72698 1
-95.7423 20.411 5.72698 -94.1956 21.6581 5.9659 1
-97.8493 -0.437927 1.5452 -97.8779 -0.430588 1.54741 2
-97.8779 -0.430588 1.54741 -99.6797 0.0317608 1.68649 2
-99.6797 0.0317608 1.68649 -99.7168 0.0582578 1.69305 2
-99.7168 0.0582578 1.69305 -99.7539 0.0847548 1.69961 2
-99.7539 0.0847548 1.69961 -99.791 0.111252 1.70618 2
-99.791 0.111252 1.70618 -102.053 1.72757 2.10653 2
-102.053 1.72757 2.10653 -102.062 1.75805 2.11336 2
-102.062 1.75805 2.11336 -102.071 1.78852 2.12019 2
-102.071 1.78852 2.12019 -102.631 3.67807 2.54393 2
-102.631 3.67807 2.54393 -102.716 3.82147 2.57699 2
-102.716 3.82147 2.57699 -102.744 3.85308 2.58447 2
-102.744 3.85308 2.58447 -102.772 3.88468 2.59195 2
-102.772 3.88468 2.59195 -102.8 3.91629 2.59943 2
-102.8 3.91629 2.59943 -104.495 5.84411 3.05564 2
-104.495 5.84411 3.05564 -104.534 5.85201 3.05817 2
-104.534 5.85201 3.05817 -104.572 5.8599 3.06071 2
-104.572 5.8599 3.06071 -106.937 6.34916 3.21763 2
-106.937 6.34916 3.21763 -107.097 5.31024 2.99459 2
-107.097 5.31024 2.99459 -107.142 5.33499 3.00095 2
-107.142 5.33499 3.00095 -107.187 5.35974 3.0073 2
-107.187 5.35974 3.0073 -107.232 5.3845 3.01366 2
-107.232 5.3845 3.01366 -109.982 6.89449 3.40123 2
-109.982 6.89449 3.40123 -110.13 6.81068 3.38609 2
-110.13 6.81068 3.38609 -110.151 6.822 3.38902 2
-110.151 6.822 3.38902 -111.532 7.53532 3.57384 2
-111.532 7.53532 3.57384 -112.595 7.68635 3.62934 2
-112.595 7.68635 3.62934 -112.604 7.7019 3.63293 2
-112.604 7.7019 3.63293 -113.185 8.68174 3.85884 2
-113.185 8.68174 3.85884 -113.21 8.65604 3.85376 2
-113.21 8.65604 3.85376 -113.234 8.63034 3.84868 2
-113.234 8.63034 3.84868 -114.745 7.0368 3.5335 2
-114.745 7.0368 3.5335 -114.783 7.03911 3.53481 2
-114.783 7.03911 3.53481 -114.821 7.04142 3.53611 2
-114.821 7.04142 3.53611 -117.161 7.18459 3.61706 2
-117.161 7.18459 3.61706 -117.381 8.19928 3.84289 2
-117.381 8.19928 3.84289 -117.412 8.20164 3.72411 2
-117.412 8.20164 3.72411 -117.444 8.20401 3.60533 2
-117.444 8.20401 3.60533 -117.475 8.20637 3.48655 2
-117.475 8.20637 3.48655 -117.507 8.20874 3.36777 2
-117.507 8.20874 3.36777 -117.538 8.2111 3.249 2
-117.538 8.2111 3.249 -117.57 8.21346 3.13022 2
-117.57 8.21346 3.13022 -117.601 8.21583 3.01144 2
-117.601 8.21583 3.01144 -117.633 8.21819 2.89266 2
-117.633 8.21819 2.89266 -117.665 8.22056 2.77388 2
-117.665 8.22056 2.77388 -119.4 8.35058 -3.75892 2
-119.4 8.35058 -3.75892 -119.779 8.32635 -3.75614 2
-119.779 8.32635 -3.75614 -119.814 8.31838 -3.75713 2
-119.814 8.31838 -3.75713 -119.849 8.31042 -3.75813 2
-119.849 8.31042 -3.75813 -122.001 7.8167 -3.81997 2
-122.001 7.8167 -3.81997 -122.148 7.73288 -3.83511 2
-122.148 7.73288 -3.83511 -122.875 7.31873 -3.90992 2
-122.875 7.31873 -3.90992 -122.879 7.29008 -3.91735 2
-122.879 7.29008 -3.91735 -123.134 5.48513 -4.38594 2
-123.134 5.48513 -4.38594 -123.145 5.50851 -4.38061 2
-123.145 5.50851 -4.38061 -123.836 6.98119 -4.04495 2
-123.836 6.98119 -4.04495 -123.975 6.9023 -4.0592 2
-123.975 6.9023 -4.0592 -124.011 6.91143 -4.05644 2
-124.011 6.91143 -4.05644 -124.047 6.92055 -4.05369 2
-124.047 6.92055 -4.05369 -126.278 7.48624 -3.88295 2
-126.278 7.48624 -3.88295 -127.346 7.6457 -3.82551 2
-127.346 7.6457 -3.82551 -127.358 7.62996 -3.82869 2
-127.358 7.62996 -3.82869 -128.103 6.63863 -4.02889 2
-128.103 6.63863 -4.02889 -128.12 6.67663 -4.02026 2
-128.12 6.67663 -4.02026 -128.136 6.71462 -4.01163 2
-128.136 6.71462 -4.01163 -128.153 6.75262 -4.00299 2
-128.153 6.75262 -4.00299 -129.164 9.07049 -3.47632 2
52.017 3.13471 1.53302 52.0229 3.11526 1.52866 1
52.0229 3.11526 1.52866 52.5118 1.52033 1.17066 1
52.5118 1.52033 1.17066 52.5178 1.49845 1.16576 1
52.5178 1.49845 1.16576 53.0101 -0.295206 0.764374 1
53.0101 -0.295206 0.764374 53.4335 -0.618375 0.68494 1
53.4335 -0.618375 0.68494 53.4448 -0.630313 0.682098 1
53.4448 -0.630313 0.682098 54.369 -1.60926 0.449093 1
54.369 -1.60926 0.449093 53.9348 -2.04849 0.362596 1
53.9348 -2.04849 0.362596 53.9637 -2.05952 0.359579 1
53.9637 -2.05952 0.359579 53.9925 -2.07054 0.356563 1
53.9925 -2.07054 0.356563 56.3307 -2.9636 0.112213 1
56.3307 -2.9636 0.112213 57.1897 -2.65484 0.161245 1
57.1897 -2.65484 0.161245 57.1966 -2.68298 0.154964 1
57.1966 -2.68298 0.154964 57.2035 -2.71112 0.148683 1
57.2035 -2.71112 0.148683 57.7653 -4.99075 -0.360093 1
57.7653 -4.99075 -0.360093 57.3282 -5.8154 -0.530529 1
57.3282 -5.8154 -0.530529 57.3549 -5.83448 -0.535253 1
57.3549 -5.83448 -0.535253 57.3815 -5.85355 -0.539978 1
57.3815 -5.85355 -0.539978 59.5417 -7.39881 -0.922685 1
59.5417 -7.39881 -0.922685 59.7119 -7.68562 -0.988812 1
59.7119 -7.68562 -0.988812 59.7229 -7.71128 -0.99464 1
59.7229 -7.71128 -0.99464 59.734 -7.73695 -1.00047 1
59.734 -7.73695 -1.00047 60.6286 -9.81588 -1.47258 1
60.6286 -9.81588 -1.47258 59.9363 -10.2103 -1.54383 1
59.9363 -10.2103 -1.54383 59.9602 -10.2083 -1.54389 1
59.9602 -10.2083 -1.54389 61.9196 -10.0399 -1.54884 1
61.9196 -10.0399 -1.54884 61.9161 -10.0647 -1.55418 1
61.9161 -10.0647 -1.55418 61.9127 -10.0895 -1.55951 1
61.9127 -10.0895 -1.55951 61.6355 -12.098 -1.99136 1
61.6355 -12.098 -1.99136 62.056 -12.8066 -2.15474 1
62.056 -12.8066 -2.15474 62.0579 -12.8215 -2.15804 1
62.0579 -12.8215 -2.15804 62.2139 -14.0485 -2.42876 1
62.2139 -14.0485 -2.42876 62.299 -14.1919 -2.46183 1
62.299 -14.1919 -2.46183 62.2974 -14.2355 -2.33945 1
62.2974 -14.2355 -2.33945 62.2957 -14.2791 -2.21708 1
62.2957 -14.2791 -2.21708 62.2941 -14.3228 -2.0947 1
62.2941 -14.3228 -2.0947 62.2924 -14.3664 -1.97233 1
62.2924 -14.3664 -1.97233 62.2907 -14.41 -1.84995 1
62.2907 -14.41 -1.84995 62.2891 -14.4536 -1.72758 1
62.2891 -14.4536 -1.72758 62.2874 -14.4973 -1.60521 1
62.2874 -14.4973 -1.60521 62.2858 -14.5409 -1.48283 1
62.2858 -14.5409 -1.48283 62.2841 -14.5845 -1.36046 1
62.2841 -14.5845 -1.36046 62.2824 -14.6282 -1.23808 1
62.2824 -14.6282 -1.23808 62.2808 -14.6718 -1.11571 1
62.2808 -14.6718 -1.11571 62.2791 -14.7154 -0.993334 1
62.2791 -14.7154 -0.993334 62.1612 -17.8128 7.69524 1
62.1612 -17.8128 7.69524 62.163 -17.8323 7.69095 1
62.163 -17.8323 7.69095 62.3113 -19.4317 7.33922 1
62.3113 -19.4317 7.33922 62.1382 -19.5303 7.32141 1
62.1382 -19.5303 7.32141 61.9608 -20.2071 7.17769 1
61.9608 -20.2071 7.17769 60.936 -19.8585 7.34711 1
60.936 -19.8585 7.34711 60.9533 -19.8784 7.3424 1
60.9533 -19.8784 7.3424 60.9707 -19.8983 7.3377 1
60.9707 -19.8983 7.3377 62.3784 -21.5087 6.95679 1
62.3784 -21.5087 6.95679 62.3705 -21.8857 6.8748 1
62.3705 -21.8857 6.8748 62.3826 -21.9177 6.86756 1
62.3826 -21.9177 6.86756 62.3946 -21.9497 6.86032 1
62.3946 -21.9497 6.86032 63.3695 -24.5447 6.27403 1
63.3695 -24.5447 6.27403 63.3799 -24.5073 6.14087 1
63.3799 -24.5073 6.14087 63.3904 -24.4698 6.00772 1
63.3904 -24.4698 6.00772 63.4008 -24.4323 5.87457 1
63.4008 -24.4323 5.87457 63.4113 -24.3949 5.74142 1
63.4113 -24.3949 5.74142 63.4218 -24.3574 5.60826 1
63.4218 -24.3574 5.60826 63.4322 -24.3199 5.47511 1
63.4322 -24.3199 5.47511 63.4427 -24.2824 5.34196 1
63.4427 -24.2824 5.34196 63.4531 -24.245 5.20881 1
63.4531 -24.245 5.20881 63.4636 -24.2075 5.07565 1
63.4636 -24.2075 5.07565 63.474 -24.17 4.9425 1
63.474 -24.17 4.9425 63.4845 -24.1325 4.80935 1
63.4845 -24.1325 4.80935 63.4949 -24.0951 4.6762 1
63.4949 -24.0951 4.6762 63.5054 -24.0576 4.54304 1
63.5054 -24.0576 4.54304 64.2369 -21.4345 -4.77762 1
64.2369 -21.4345 -4.77762 64.251 -21.4402 -4.8417 1
64.251 -21.4402 -4.8417 64.265 -21.446 -4.90579 1
64.265 -21.446 -4.90579 64.2791 -21.4517 -4.96987 1
64.2791 -21.4517 -4.96987 64.2931 -21.4574 -5.03395 1
64.2931 -21.4574 -5.03395 64.3072 -21.4632 -5.09803 1
64.3072 -21.4632 -5.09803 65.4025 -21.9111 -10.0964 1
65.4025 -21.9111 -10.0964 65.2263 -22.1854 -10.2344 1
65.2263 -22.1854 -10.2344 65.2272 -22.213 -10.1853 1
65.2272 -22.213 -10.1853 65.2281 -22.2407 -10.1362 1
65.2281 -22.2407 -10.1362 65.2291 -22.2683 -10.0871 1
65.2291 -22.2683 -10.0871 65.23 -22.2959 -10.038 1
65.23 -22.2959 -10.038 65.231 -22.3235 -9.98889 1
65.231 -22.3235 -9.98889 65.304 -24.4776 -6.15966 1
65.304 -24.4776 -6.15966 65.3001 -24.4853 -6.14633 1
65.3001 -24.4853 -6.14633 64.9765 -25.1167 -5.05331 1
64.9765 -25.1167 -5.05331 64.9651 -25.1287 -5.05185 1
64.9651 -25.1287 -5.05185 64.0281 -26.1105 -4.93239 1
