5 -4.59621 -9.54511 -4.55484 35
15 13.1546 -6.18125 8.67492 97
25 -2.93894 -15.5496 -8.27371 68
35 8.05211 0.0998901 -0.221324 27
45 -9.39625 103.928 28.3146 216
55 40.1129 -5.04967 38.4503 176
65 8.73216 -4.71789 42.361 87
75 6.30977 -1.94133 36.5688 60
85 2.58098 -5.43456 5.79318 52
95 -0.199352 3.76905 11.4537 26
105 -4.82295 -2.28213 15.1172 25
115 -0.460232 -3.81298 -0.293149 14
125 0 0 0 0
135 0 0 0 0
145 0 0 0 0
155 0 0 0 0
165 0 0 0 0
175 0 0 0 0
185 0 0 0 0
195 0 0 0 0
205 0 0 0 0
215 0 0 0 0
225 0 0 0 0
235 0 0 0 0
245 0 0 0 0
255 0 0 0 0
265 0 0 0 0
275 0 0 0 0
285 0 0 0 0
295 0 0 0 0
305 0 0 0 0
315 0 0 0 0
325 0 0 0 0
335 0 0 0 0
345 0 0 0 0
355 0 0 0 0
365 0 0 0 0
375 0 0 0 0
385 0 0 0 0
395 0 0 0 0
405 0 0 0 0
415 0 0 0 0
425 0 0 0 0
435 0 0 0 0
445 0 0 0 0
455 0 0 0 0
465 0 0 0 0
475 0 0 0 0
485 0 0 0 0
495 0 0 0 0
505 0 0 0 0
515 0 0 0 0
525 0 0 0 0
535 0 0 0 0
545 0 0 0 0
555 0 0 0 0
565 0 0 0 0
575 0 0 0 0
585 0 0 0 0
595 0 0 0 0
605 0 0 0 0
615 0 0 0 0
625 0 0 0 0
635 0 0 0 0
645 0 0 0 0
655 0 0 0 0
665 0 0 0 0
675 0 0 0 0
685 0 0 0 0
695 0 0 0 0
705 0 0 0 0
715 0 0 0 0
725 0 0 0 0
735 0 0 0 0
745 0 0 0 0
755 0 0 0 0
765 0 0 0 0
775 0 0 0 0
785 0 0 0 0
795 0 0 0 0
805 0 0 0 0
815 0 0 0 0
825 0 0 0 0
835 0 0 0 0
845 0 0 0 0
855 0 0 0 0
865 0 0 0 0
875 0 0 0 0
885 0 0 0 0
895 0 0 0 0
905 0 0 0 0
915 0 0 0 0
925 0 0 0 0
935 0 0 0 0
945 0 0 0 0
955 0 0 0 0
965 0 0 0 0
975 0 0 0 0
985 0 0 0 0
995 0 0 0 0
1005 0 0 0 0
1015 0 0 0 0
