5 2.88062 -4.80292 5.49105 41
15 5.83467 -6.91033 15.068 56
25 9.30315 -7.85259 20.8368 65
35 -2.2046 12.9683 9.72597 59
45 -7.31689 8.97018 11.5562 69
55 1.03188 53.6923 18.0002 153
65 24.2439 26.9485 -3.42005 124
75 2.50153 4.55412 -5.70831 57
85 27.2096 -34.6175 -9.51763 109
95 11.3395 -10.9571 1.92524 50
105 19.0486 -22.1819 -9.64782 73
115 20.4622 -9.26583 3.3248 53
125 0.288749 0.203169 7.77319 8
135 -2.30703 3.10668 -7.04706 37
145 -2.21368 -0.344506 11.1958 16
155 0.75733 -0.465025 15.2956 28
165 9.82713 -6.65942 24.7891 36
175 1.40562 2.21811 30.0907 40
185 -3.22065 8.06664 22.9622 30
195 0 0 0 0
205 0 0 0 0
215 0 0 0 0
225 0 0 0 0
235 0 0 0 0
245 0 0 0 0
255 0 0 0 0
265 0 0 0 0
275 0 0 0 0
285 0 0 0 0
295 0 0 0 0
305 0 0 0 0
315 0 0 0 0
325 0 0 0 0
335 0 0 0 0
345 0 0 0 0
355 0 0 0 0
365 0 0 0 0
375 0 0 0 0
385 0 0 0 0
395 0 0 0 0
405 0 0 0 0
415 0 0 0 0
425 0 0 0 0
435 0 0 0 0
445 0 0 0 0
455 0 0 0 0
465 0 0 0 0
475 0 0 0 0
485 0 0 0 0
495 0 0 0 0
505 0 0 0 0
515 0 0 0 0
525 0 0 0 0
535 0 0 0 0
545 0 0 0 0
555 0 0 0 0
565 0 0 0 0
575 0 0 0 0
585 0 0 0 0
595 0 0 0 0
605 0 0 0 0
615 0 0 0 0
625 0 0 0 0
635 0 0 0 0
645 0 0 0 0
655 0 0 0 0
665 0 0 0 0
675 0 0 0 0
685 0 0 0 0
695 0 0 0 0
705 0 0 0 0
715 0 0 0 0
725 0 0 0 0
735 0 0 0 0
745 0 0 0 0
755 0 0 0 0
765 0 0 0 0
775 0 0 0 0
785 0 0 0 0
795 0 0 0 0
805 0 0 0 0
815 0 0 0 0
825 0 0 0 0
835 0 0 0 0
845 0 0 0 0
855 0 0 0 0
865 0 0 0 0
875 0 0 0 0
885 0 0 0 0
895 0 0 0 0
905 0 0 0 0
915 0 0 0 0
925 0 0 0 0
935 0 0 0 0
945 0 0 0 0
955 0 0 0 0
965 0 0 0 0
975 0 0 0 0
985 0 0 0 0
995 0 0 0 0
1005 0 0 0 0
1015 0 0 0 0
