5 2.96114 3.71682 2.80784 7
15 -11.6044 24.4648 -7.48478 52
25 -6.66123 16.2482 -9.26862 93
35 -2.83835 8.50082 -12.2281 24
45 -7.67475 4.75981 -10.3 44
55 -1.81084 -8.51381 8.53476 37
65 1.43632 9.93852 -6.39286 48
75 -3.33781 97.7793 20.5002 116
85 -2.1848 35.6418 16.9112 54
95 -1.72378 12.4692 3.08665 22
105 6.94087 10.2417 -3.28129 20
115 -18.6313 18.6082 -9.90052 38
125 -0.02522 0.879623 0.476801 1
135 -2.89506 -4.57908 3.9693 8
145 -9.12707 -6.09129 14.1514 25
155 0.473507 -4.88272 4.93235 11
165 -7.83381 -9.12563 11.1547 19
175 -4.23563 -5.9497 6.55284 11
185 -0.848556 -6.32243 6.41276 15
195 0 0 0 0
205 0 0 0 0
215 0 0 0 0
225 0 0 0 0
235 0 0 0 0
245 0 0 0 0
255 0 0 0 0
265 0 0 0 0
275 0 0 0 0
285 0 0 0 0
295 0 0 0 0
305 0 0 0 0
315 0 0 0 0
325 0 0 0 0
335 0 0 0 0
345 0 0 0 0
355 0 0 0 0
365 0 0 0 0
375 0 0 0 0
385 0 0 0 0
395 0 0 0 0
405 0 0 0 0
415 0 0 0 0
425 0 0 0 0
435 0 0 0 0
445 0 0 0 0
455 0 0 0 0
465 0 0 0 0
475 0 0 0 0
485 0 0 0 0
495 0 0 0 0
505 0 0 0 0
515 0 0 0 0
525 0 0 0 0
535 0 0 0 0
545 0 0 0 0
555 0 0 0 0
565 0 0 0 0
575 0 0 0 0
585 0 0 0 0
595 0 0 0 0
605 0 0 0 0
615 0 0 0 0
625 0 0 0 0
635 0 0 0 0
645 0 0 0 0
655 0 0 0 0
665 0 0 0 0
675 0 0 0 0
685 0 0 0 0
695 0 0 0 0
705 0 0 0 0
715 0 0 0 0
725 0 0 0 0
735 0 0 0 0
745 0 0 0 0
755 0 0 0 0
765 0 0 0 0
775 0 0 0 0
785 0 0 0 0
795 0 0 0 0
805 0 0 0 0
815 0 0 0 0
825 0 0 0 0
835 0 0 0 0
845 0 0 0 0
855 0 0 0 0
865 0 0 0 0
875 0 0 0 0
885 0 0 0 0
895 0 0 0 0
905 0 0 0 0
915 0 0 0 0
925 0 0 0 0
935 0 0 0 0
945 0 0 0 0
955 0 0 0 0
965 0 0 0 0
975 0 0 0 0
985 0 0 0 0
995 0 0 0 0
1005 0 0 0 0
1015 0 0 0 0
