-83.4228 2.54108 2.8845 -83.2867 2.52303 2.85594 0
-83.2867 2.52303 2.85594 -83.1506 2.50497 2.82737 0
-83.1506 2.50497 2.82737 -83.0145 2.48692 2.79881 0
-83.0145 2.48692 2.79881 -82.8784 2.46887 2.77025 0
-82.8784 2.46887 2.77025 -82.7423 2.45082 2.74169 0
-82.7423 2.45082 2.74169 -82.6062 2.43276 2.71313 0
-82.6062 2.43276 2.71313 -82.4701 2.41471 2.68457 0
-82.4701 2.41471 2.68457 -82.334 2.39666 2.65601 0
-82.334 2.39666 2.65601 -82.1979 2.37861 2.62745 0
-82.1979 2.37861 2.62745 -82.0618 2.36055 2.59889 0
-82.0618 2.36055 2.59889 -81.9257 2.3425 2.57033 0
-81.9257 2.3425 2.57033 -81.7896 2.32445 2.54177 0
-81.7896 2.32445 2.54177 -81.6535 2.3064 2.51321 0
-81.6535 2.3064 2.51321 -81.5174 2.28835 2.48465 0
-81.5174 2.28835 2.48465 -81.3813 2.27029 2.45609 0
-81.3813 2.27029 2.45609 -64.3684 0.0137554 -1.11395 0
-64.3684 0.0137554 -1.11395 -64.3529 0.0124574 -1.10707 0
-64.3529 0.0124574 -1.10707 -62.1962 -0.167954 -0.151116 0
-62.1962 -0.167954 -0.151116 -62.1796 -0.16684 -0.144247 0
-62.1796 -0.16684 -0.144247 -59.8699 -0.0119245 0.810521 0
-59.8699 -0.0119245 0.810521 -59.8402 -0.00688326 0.822208 0
-59.8402 -0.00688326 0.822208 -59.8105 -0.001842 0.833894 0
-59.8105 -0.001842 0.833894 -59.7807 0.00319925 0.84558 0
-59.7807 0.00319925 0.84558 -55.7077 0.693851 2.44661 0
-55.7077 0.693851 2.44661 -55.0637 2.05644 2.45139 0
-55.0637 2.05644 2.45139 -55.0358 2.04215 2.46557 0
-55.0358 2.04215 2.46557 -55.0079 2.02787 2.47974 0
-55.0079 2.02787 2.47974 -54.98 2.01359 2.49392 0
-54.98 2.01359 2.49392 -51.1593 0.0567214 4.43618 0
-51.1593 0.0567214 4.43618 -51.1322 0.0493001 4.44922 0
-51.1322 0.0493001 4.44922 -51.1051 0.0418787 4.46226 0
-51.1051 0.0418787 4.46226 -51.078 0.0344574 4.47529 0
-51.078 0.0344574 4.47529 -47.3645 -0.982266 6.26125 0
-47.3645 -0.982266 6.26125 -47.4071 -0.941812 6.3809 0
-47.4071 -0.941812 6.3809 -47.4498 -0.901359 6.50056 0
-47.4498 -0.901359 6.50056 -47.4925 -0.860905 6.62021 0
-47.4925 -0.860905 6.62021 -47.5351 -0.820451 6.73987 0
-47.5351 -0.820451 6.73987 -47.5778 -0.779997 6.85952 0
-47.5778 -0.779997 6.85952 -47.6205 -0.739543 6.97918 0
-47.6205 -0.739543 6.97918 -47.6632 -0.699089 7.09883 0
-47.6632 -0.699089 7.09883 -47.7058 -0.658636 7.21849 0
-47.7058 -0.658636 7.21849 -47.7485 -0.618182 7.33814 0
-47.7485 -0.618182 7.33814 -47.7912 -0.577728 7.4578 0
-47.7912 -0.577728 7.4578 -47.8338 -0.537274 7.57745 0
-47.8338 -0.537274 7.57745 -47.8765 -0.49682 7.69711 0
-47.8765 -0.49682 7.69711 -47.9192 -0.456366 7.81676 0
-47.9192 -0.456366 7.81676 -47.9618 -0.415913 7.93642 0
-47.9618 -0.415913 7.93642 -53.3383 4.68127 23.013 0
-53.3383 4.68127 23.013 -53.3253 4.69059 23.019 0
-53.3253 4.69059 23.019 -51.5216 5.98569 23.8612 0
-51.5216 5.98569 23.8612 -51.3947 6.09405 23.8938 0
-51.3947 6.09405 23.8938 -51.4014 6.11741 23.8863 0
-51.4014 6.11741 23.8863 -51.4082 6.14077 23.8788 0
-51.4082 6.14077 23.8788 -52.3364 9.36408 22.844 0
-52.3364 9.36408 22.844 -52.3288 9.37237 22.8116 0
-52.3288 9.37237 22.8116 -52.3211 9.38066 22.7792 0
-52.3211 9.38066 22.7792 -52.3134 9.38895 22.7468 0
-52.3134 9.38895 22.7468 -51.2626 10.5246 18.3091 0
-51.2626 10.5246 18.3091 -51.2594 10.5463 18.3062 0
-51.2594 10.5463 18.3062 -51.2562 10.568 18.3033 0
-51.2562 10.568 18.3033 -50.8161 13.5616 17.8978 0
-50.8161 13.5616 17.8978 -51.237 14.4268 17.5468 0
-51.237 14.4268 17.5468 -51.223 14.4256 17.553 0
-51.223 14.4256 17.553 -49.2784 14.2567 18.4162 0
-49.2784 14.2567 18.4162 -49.2922 14.2667 18.3987 0
-49.2922 14.2667 18.3987 -49.3059 14.2768 18.3812 0
-49.3059 14.2768 18.3812 -51.2043 15.6647 15.9672 0
-51.2043 15.6647 15.9672 -51.204 15.6781 15.9647 0
-51.204 15.6781 15.9647 -51.1502 17.542 15.6182 0
-51.1502 17.542 15.6182 -51.1555 17.5577 15.6123 0
-51.1555 17.5577 15.6123 -51.8957 19.7314 14.789 0
-51.8957 19.7314 14.789 -51.8792 19.741 14.7182 0
-51.8792 19.741 14.7182 -51.8628 19.7506 14.6473 0
-51.8628 19.7506 14.6473 -51.8463 19.7602 14.5765 0
-51.8463 19.7602 14.5765 -51.8298 19.7697 14.5057 0
-51.8298 19.7697 14.5057 -51.8134 19.7793 14.4349 0
-51.8134 19.7793 14.4349 -51.7969 19.7889 14.3641 0
-51.7969 19.7889 14.3641 -51.7804 19.7984 14.2933 0
-51.7804 19.7984 14.2933 -51.764 19.808 14.2225 0
-51.764 19.808 14.2225 -49.5906 21.0714 4.8756 0
-49.5906 21.0714 4.8756 -49.3551 20.962 4.32363 0
-49.3551 20.962 4.32363 -49.3588 20.9768 4.31375 0
-49.3588 20.9768 4.31375 -49.8725 23.0356 2.94046 0
-49.8725 23.0356 2.94046 -49.87 23.057 2.93492 0
-49.87 23.057 2.93492 -49.8675 23.0784 2.92937 0
-49.8675 23.0784 2.92937 -49.5238 26.0304 2.16424 0
-49.5238 26.0304 2.16424 -49.4659 26.0035 2.02851 0
-49.4659 26.0035 2.02851 -49.4349 25.9923 1.98358 0
-49.4349 25.9923 1.98358 -49.4039 25.9811 1.93864 0
-49.4039 25.9811 1.93864 -49.3729 25.9699 1.8937 0
-49.3729 25.9699 1.8937 -49.3419 25.9587 1.84876 0
-49.3419 25.9587 1.84876 -49.3109 25.9475 1.80382 0
-49.3109 25.9475 1.80382 -45.1255 24.4341 -4.26281 0
-45.1255 24.4341 -4.26281 -44.8274 25.7074 -4.38792 0
-44.8274 25.7074 -4.38792 -44.8215 25.7372 -4.39129 0
-44.8215 25.7372 -4.39129 -44.8155 25.7671 -4.39466 0
-44.8155 25.7671 -4.39466 -44.8095 25.797 -4.39803 0
-44.8095 25.797 -4.39803 -43.9907 29.8903 -4.85977 0
-43.9907 29.8903 -4.85977 -43.9913 29.9072 -4.8634 0
-43.9913 29.9072 -4.8634 -44.0788 32.2645 -5.36785 0
-44.0788 32.2645 -5.36785 -44.35 32.6392 -5.5578 0
-44.35 32.6392 -5.5578 -44.3627 32.6487 -5.56511 0
-44.3627 32.6487 -5.56511 -46.1319 33.9668 -6.58117 0
-46.1319 33.9668 -6.58117 -46.7068 34.4943 -6.93101 0
-46.7068 34.4943 -6.93101 -46.7075 34.5112 -6.93465 0
-46.7075 34.5112 -6.93465 -46.8025 36.8621 -7.44101 0
-46.8025 36.8621 -7.44101 -46.9869 37.1169 -7.57018 0
-46.9869 37.1169 -7.57018 -46.9798 37.1368 -7.58846 0
-46.9798 37.1368 -7.58846 -46.9727 37.1566 -7.60675 0
-46.9727 37.1566 -7.60675 -45.9968 39.8984 -10.1302 0
-45.9968 39.8984 -10.1302 -46.1301 40.5436 -9.98341 0
-46.1301 40.5436 -9.98341 -46.1322 40.5689 -9.97793 0
-46.1322 40.5689 -9.97793 -46.1342 40.5942 -9.97246 0
-46.1342 40.5942 -9.97246 -46.4186 44.0861 -9.21708 0
-46.4186 44.0861 -9.21708 -46.5962 44.1686 -8.80084 0
-46.5962 44.1686 -8.80084 -46.5955 44.1944 -8.78893 0
-46.5955 44.1944 -8.78893 -46.5949 44.2202 -8.77702 0
-46.5949 44.2202 -8.77702 -46.5029 47.7771 -7.13322 0
-46.5029 47.7771 -7.13322 -46.604 48.2432 -6.51719 0
-46.604 48.2432 -6.51719 -46.6001 48.274 -6.51564 0
-46.6001 48.274 -6.51564 -46.5962 48.3049 -6.5141 0
-46.5962 48.3049 -6.5141 -46.5923 48.3357 -6.51256 0
-46.5923 48.3357 -6.51256 -46.0606 52.5624 -6.30134 0
-46.0606 52.5624 -6.30134 -46.1952 53.8662 -6.61712 0
-46.1952 53.8662 -6.61712 -46.1818 53.889 -6.63865 0
-46.1818 53.889 -6.63865 -46.1684 53.9118 -6.66018 0
-46.1684 53.9118 -6.66018 -46.155 53.9346 -6.68171 0
-46.155 53.9346 -6.68171 -44.3159 57.0612 -9.63113 0
-44.3159 57.0612 -9.63113 -44.0224 56.9249 -10.3188 0
-44.0224 56.9249 -10.3188 -44.0183 56.961 -10.3356 0
-44.0183 56.961 -10.3356 -44.0142 56.9972 -10.3524 0
-44.0142 56.9972 -10.3524 -44.0101 57.0333 -10.3692 0
-44.0101 57.0333 -10.3692 -44.006 57.0694 -10.3859 0
-44.006 57.0694 -10.3859 -43.4486 61.9812 -12.6673 0
-43.4486 61.9812 -12.6673 -43.2948 62.077 -12.698 0
-43.2948 62.077 -12.698 -43.2914 62.0962 -12.6933 0
-43.2914 62.0962 -12.6933 -42.827 64.7659 -12.0366 0
-42.827 64.7659 -12.0366 -42.9119 65.2991 -11.7586 0
-42.9119 65.2991 -11.7586 -42.9116 65.3198 -11.7529 0
-42.9116 65.3198 -11.7529 -42.8789 68.1918 -10.9694 0
-42.8789 68.1918 -10.9694 -42.827 69.2547 -11.1579 0
-42.827 69.2547 -11.1579 -42.8173 69.2727 -11.1742 0
-42.8173 69.2727 -11.1742 -42.8076 69.2908 -11.1904 0
-42.8076 69.2908 -11.1904 -41.466 71.7824 -13.432 0
-41.466 71.7824 -13.432 -41.4526 71.8135 -13.4372 0
-41.4526 71.8135 -13.4372 -41.4392 71.8447 -13.4424 0
-41.4392 71.8447 -13.4424 -41.4257 71.8758 -13.4476 0
-41.4257 71.8758 -13.4476 -39.5864 76.1384 -14.1563 0
-47.3645 -0.982266 6.26125 -47.3511 -0.983425 6.26717 1
-47.3511 -0.983425 6.26717 -45.844 -1.11437 6.93617 1
-45.844 -1.11437 6.93617 -45.8176 -1.15887 6.85853 1
-45.8176 -1.15887 6.85853 -45.7912 -1.20338 6.78089 1
-45.7912 -1.20338 6.78089 -45.7649 -1.24788 6.70324 1
-45.7649 -1.24788 6.70324 -45.7385 -1.29238 6.6256 1
-45.7385 -1.29238 6.6256 -45.7121 -1.33688 6.54795 1
-45.7121 -1.33688 6.54795 -45.6857 -1.38139 6.47031 1
-45.6857 -1.38139 6.47031 -45.6593 -1.42589 6.39267 1
-45.6593 -1.42589 6.39267 -45.633 -1.47039 6.31502 1
-45.633 -1.47039 6.31502 -45.6066 -1.51489 6.23738 1
-45.6066 -1.51489 6.23738 -45.5802 -1.55939 6.15974 1
-45.5802 -1.55939 6.15974 -42.8369 -6.18761 -1.9152 1
-42.8369 -6.18761 -1.9152 -42.8312 -6.20776 -1.90879 1
-42.8312 -6.20776 -1.90879 -42.8255 -6.2279 -1.90237 1
-42.8255 -6.2279 -1.90237 -42.1892 -8.48406 -1.1838 1
-42.1892 -8.48406 -1.1838 -42.1767 -8.51837 -1.17235 1
-42.1767 -8.51837 -1.17235 -42.1642 -8.55269 -1.16089 1
-42.1642 -8.55269 -1.16089 -42.1517 -8.587 -1.14944 1
-42.1517 -8.587 -1.14944 -42.1392 -8.62132 -1.13799 1
-42.1392 -8.62132 -1.13799 -40.7649 -12.3961 0.121767 1
-40.7649 -12.3961 0.121767 -40.7837 -12.3997 0.114465 1
-40.7837 -12.3997 0.114465 -42.9067 -12.8069 -0.710706 1
-42.9067 -12.8069 -0.710706 -42.8843 -12.8181 -0.698934 1
-42.8843 -12.8181 -0.698934 -42.8619 -12.8293 -0.687162 1
-42.8619 -12.8293 -0.687162 -40.3537 -14.0821 0.631298 1
-40.3537 -14.0821 0.631298 -40.3372 -14.1074 0.643342 1
-40.3372 -14.1074 0.643342 -40.3207 -14.1327 0.655385 1
-40.3207 -14.1327 0.655385 -40.3042 -14.1579 0.667429 1
-40.3042 -14.1579 0.667429 -38.4739 -16.9631 2.00426 1
-38.4739 -16.9631 2.00426 -37.7472 -17.9673 2.51331 1
-37.7472 -17.9673 2.51331 -37.7576 -17.9784 2.514 1
-37.7576 -17.9784 2.514 -38.9322 -19.2391 2.59125 1
-38.9322 -19.2391 2.59125 -38.7879 -19.7222 2.74854 1
-38.7879 -19.7222 2.74854 -38.7908 -19.7551 2.75383 1
-38.7908 -19.7551 2.75383 -38.7937 -19.788 2.75911 1
-38.7937 -19.788 2.75911 -38.7966 -19.8208 2.7644 1
-38.7966 -19.8208 2.7644 -39.1173 -23.4717 3.35101 1
-39.1173 -23.4717 3.35101 -39.1294 -23.5017 3.35178 1
-39.1294 -23.5017 3.35178 -39.1415 -23.5318 3.35255 1
-39.1415 -23.5318 3.35255 -39.1537 -23.5618 3.35333 1
-39.1537 -23.5618 3.35333 -40.5018 -26.8977 3.43916 1
-40.5018 -26.8977 3.43916 -40.6286 -27.0061 3.40651 1
-40.6286 -27.0061 3.40651 -40.6164 -27.0233 3.32411 1
-40.6164 -27.0233 3.32411 -40.6042 -27.0406 3.24171 1
-40.6042 -27.0406 3.24171 -40.592 -27.0578 3.15931 1
-40.592 -27.0578 3.15931 -40.5798 -27.0751 3.0769 1
-40.5798 -27.0751 3.0769 -40.5676 -27.0923 2.9945 1
-40.5676 -27.0923 2.9945 -40.5554 -27.1096 2.9121 1
-40.5554 -27.1096 2.9121 -40.5432 -27.1269 2.8297 1
-40.5432 -27.1269 2.8297 -40.531 -27.1441 2.7473 1
-40.531 -27.1441 2.7473 -40.5188 -27.1614 2.6649 1
-40.5188 -27.1614 2.6649 -39.2373 -28.9732 -5.98726 1
-39.2373 -28.9732 -5.98726 -39.4564 -28.9541 -6.08449 1
-39.4564 -28.9541 -6.08449 -39.4792 -28.9719 -6.09074 1
-39.4792 -28.9719 -6.09074 -39.5021 -28.9896 -6.09698 1
-39.5021 -28.9896 -6.09698 -42.0632 -30.9748 -6.79637 1
-42.0632 -30.9748 -6.79637 -42.0739 -30.9646 -6.80373 1
-42.0739 -30.9646 -6.80373 -43.2819 -29.8132 -7.63495 1
-43.2819 -29.8132 -7.63495 -43.2881 -29.854 -7.69116 1
-43.2881 -29.854 -7.69116 -43.2943 -29.8948 -7.74736 1
-43.2943 -29.8948 -7.74736 -43.3004 -29.9356 -7.80356 1
-43.3004 -29.9356 -7.80356 -43.3066 -29.9764 -7.85976 1
-43.3066 -29.9764 -7.85976 -43.3128 -30.0172 -7.91597 1
-43.3128 -30.0172 -7.91597 -43.3189 -30.058 -7.97217 1
-43.3189 -30.058 -7.97217 -43.3251 -30.0988 -8.02837 1
-43.3251 -30.0988 -8.02837 -43.9851 -34.4643 -14.042 1
-43.9851 -34.4643 -14.042 -44.0719 -34.3444 -14.1028 1
-44.0719 -34.3444 -14.1028 -44.091 -34.3601 -14.1298 1
-44.091 -34.3601 -14.1298 -44.1101 -34.3758 -14.1569 1
-44.1101 -34.3758 -14.1569 -44.1292 -34.3915 -14.1839 1
-44.1292 -34.3915 -14.1839 -46.2504 -36.1362 -17.1859 1
-46.2504 -36.1362 -17.1859 -46.2851 -36.372 -17.154 1
-46.2851 -36.372 -17.154 -46.4348 -35.8814 -17.3151 1
-46.4348 -35.8814 -17.3151 -46.4259 -35.9118 -17.3721 1
-46.4259 -35.9118 -17.3721 -46.4171 -35.9421 -17.4292 1
-46.4171 -35.9421 -17.4292 -46.4082 -35.9725 -17.4863 1
-46.4082 -35.9725 -17.4863 -46.3993 -36.0029 -17.5434 1
-46.3993 -36.0029 -17.5434 -46.3904 -36.0332 -17.6005 1
-46.3904 -36.0332 -17.6005 -46.3815 -36.0636 -17.6576 1
-46.3815 -36.0636 -17.6576 -46.3726 -36.0939 -17.7147 1
-46.3726 -36.0939 -17.7147 -45.4222 -39.3417 -23.8227 1
-45.4222 -39.3417 -23.8227 -45.4326 -39.3668 -23.8222 1
-45.4326 -39.3668 -23.8222 -45.443 -39.3918 -23.8217 1
-45.443 -39.3918 -23.8217 -46.6051 -42.1954 -23.762 1
-46.6051 -42.1954 -23.762 -46.6197 -42.2221 -23.7629 1
-46.6197 -42.2221 -23.7629 -46.6343 -42.2488 -23.7638 1
-46.6343 -42.2488 -23.7638 -46.6488 -42.2755 -23.7648 1
-46.6488 -42.2755 -23.7648 -48.2662 -45.2393 -23.8676 1
-48.2662 -45.2393 -23.8676 -49.1121 -45.7557 -24.1262 1
-49.1121 -45.7557 -24.1262 -49.1239 -45.759 -24.1312 1
-49.1239 -45.759 -24.1312 -50.4558 -46.1267 -24.7033 1
-50.4558 -46.1267 -24.7033 -50.472 -46.1263 -24.7103 1
-50.472 -46.1263 -24.7103 -52.3093 -46.085 -25.5024 1
-52.3093 -46.085 -25.5024 -52.2944 -46.1161 -25.5267 1
-52.2944 -46.1161 -25.5267 -52.2795 -46.1471 -25.5509 1
-52.2795 -46.1471 -25.5509 -52.2646 -46.1781 -25.5752 1
-52.2646 -46.1781 -25.5752 -52.2498 -46.2091 -25.5994 1
-52.2498 -46.2091 -25.5994 -50.6135 -49.6219 -28.2665 1
-50.6135 -49.6219 -28.2665 -50.5268 -49.7418 -28.2057 1
-50.5268 -49.7418 -28.2057 -50.5266 -49.7542 -28.2032 1
-50.5266 -49.7542 -28.2032 -50.5136 -51.1615 -27.9188 1
-50.5136 -51.1615 -27.9188 -50.5483 -51.3972 -27.8869 1
-50.5483 -51.3972 -27.8869 -50.5554 -51.4259 -27.9099 1
-50.5554 -51.4259 -27.9099 -50.5626 -51.4546 -27.933 1
-50.5626 -51.4546 -27.933 -50.5698 -51.4833 -27.956 1
-50.5698 -51.4833 -27.956 -51.3652 -54.669 -30.5157 1
-51.3652 -54.669 -30.5157 -51.8305 -54.8603 -30.6763 1
-51.8305 -54.8603 -30.6763 -51.8545 -54.8643 -30.6461 1
-51.8545 -54.8643 -30.6461 -51.8786 -54.8684 -30.6159 1
-51.8786 -54.8684 -30.6159 -51.9026 -54.8725 -30.5857 1
-51.9026 -54.8725 -30.5857 -51.9267 -54.8766 -30.5555 1
-51.9267 -54.8766 -30.5555 -54.571 -55.3252 -27.2335 1
-54.571 -55.3252 -27.2335 -54.8412 -55.4515 -26.6496 1
-54.8412 -55.4515 -26.6496 -54.8036 -55.4742 -26.6821 1
-54.8036 -55.4742 -26.6821 -54.7661 -55.4968 -26.7145 1
-54.7661 -55.4968 -26.7145 -54.7285 -55.5194 -26.7469 1
-54.7285 -55.5194 -26.7469 -54.691 -55.542 -26.7793 1
-54.691 -55.542 -26.7793 -54.6534 -55.5647 -26.8118 1
-54.6534 -55.5647 -26.8118 -50.5607 -58.0308 -30.3462 1
-50.5607 -58.0308 -30.3462 -50.5779 -58.858 -30.1896 1
-37.7472 -17.9673 2.51331 -37.5379 -18.8071 2.76904 2
-37.5379 -18.8071 2.76904 -37.5354 -18.823 2.77324 2
-37.5354 -18.823 2.77324 -37.3707 -19.889 3.05477 2
-37.3707 -19.889 3.05477 -37.0941 -20.2712 3.24852 2
-37.0941 -20.2712 3.24852 -37.0858 -20.2911 3.256 2
-37.0858 -20.2911 3.256 -36.5289 -21.6195 3.75685 2
-36.5289 -21.6195 3.75685 -36.2849 -22.2236 3.98065 2
-36.2849 -22.2236 3.98065 -36.2839 -22.2497 3.98623 2
-36.2839 -22.2497 3.98623 -36.283 -22.2758 3.99182 2
-36.283 -22.2758 3.99182 -36.2196 -23.9989 4.36029 2
-36.2196 -23.9989 4.36029 -36.1274 -24.1263 4.42488 2
-36.1274 -24.1263 4.42488 -36.112 -24.1311 4.43241 2
-36.112 -24.1311 4.43241 -35.0797 -24.4561 4.93726 2
-35.0797 -24.4561 4.93726 -35.0643 -24.4609 4.9448 2
-35.0643 -24.4609 4.9448 -34.032 -24.7859 5.44965 2
-34.032 -24.7859 5.44965 -33.709 -24.0976 5.4511 2
-33.709 -24.0976 5.4511 -33.7104 -24.1288 5.45667 2
-33.7104 -24.1288 5.45667 -33.7118 -24.16 5.46224 2
-33.7118 -24.16 5.46224 -33.8052 -26.2171 5.83001 2
-33.8052 -26.2171 5.83001 -33.7956 -26.2388 5.83844 2
-33.7956 -26.2388 5.83844 -33.7859 -26.2605 5.84686 2
-33.7859 -26.2605 5.84686 -33.1478 -27.6927 6.40293 2
-33.1478 -27.6927 6.40293 -33.1543 -27.7044 6.42832 2
-33.1543 -27.7044 6.42832 -33.1607 -27.716 6.45371 2
-33.1607 -27.716 6.45371 -33.587 -28.4832 8.12933 2
-33.587 -28.4832 8.12933 -33.4948 -28.6106 8.19391 2
-33.4948 -28.6106 8.19391 -33.5237 -28.6203 8.18351 2
-33.5237 -28.6203 8.18351 -33.5526 -28.63 8.17311 2
-33.5526 -28.63 8.17311 -35.4577 -29.2687 7.4868 2
-35.4577 -29.2687 7.4868 -35.4257 -29.2924 7.50515 2
-35.4257 -29.2924 7.50515 -35.3937 -29.316 7.5235 2
-35.3937 -29.316 7.5235 -35.3616 -29.3397 7.54185 2
-35.3616 -29.3397 7.54185 -33.2798 -30.8765 8.73464 2
-33.2798 -30.8765 8.73464 -32.6974 -31.3976 9.08641 2
-32.6974 -31.3976 9.08641 -32.6849 -31.4108 9.09437 2
-32.6849 -31.4108 9.09437 -31.8438 -32.2934 9.62812 2
-31.8438 -32.2934 9.62812 -31.8794 -32.2938 9.61303 2
-31.8794 -32.2938 9.61303 -31.915 -32.2942 9.59794 2
-31.915 -32.2942 9.59794 -31.9505 -32.2947 9.58285 2
-31.9505 -32.2947 9.58285 -34.2623 -32.322 8.6019 2
-34.2623 -32.322 8.6019 -34.2264 -32.3304 8.61888 2
-34.2264 -32.3304 8.61888 -34.1905 -32.3388 8.63586 2
-34.1905 -32.3388 8.63586 -34.1546 -32.3472 8.65284 2
-34.1546 -32.3472 8.65284 -31.821 -32.8923 9.75656 2
-31.821 -32.8923 9.75656 -31.5498 -33.267 9.94651 2
-31.5498 -33.267 9.94651 -31.529 -33.2792 9.95779 2
-31.529 -33.2792 9.95779 -31.5083 -33.2914 9.96906 2
-31.5083 -33.2914 9.96906 -30.1387 -34.0988 10.7134 2
-30.1387 -34.0988 10.7134 -30.1734 -34.3346 10.7454 2
-30.1734 -34.3346 10.7454 -30.9846 -34.6152 10.4548 2
-30.9846 -34.6152 10.4548 -30.9672 -34.6514 10.4694 2
-30.9672 -34.6514 10.4694 -30.9499 -34.6876 10.484 2
-30.9499 -34.6876 10.484 -30.9326 -34.7239 10.4985 2
-30.9326 -34.7239 10.4985 -29.8066 -37.0771 11.4453 2
-29.8066 -37.0771 11.4453 -29.8276 -37.0771 11.4363 2
-29.8276 -37.0771 11.4363 -31.2349 -37.0724 10.835 2
-31.2349 -37.0724 10.835 -31.1999 -37.0875 10.8528 2
-31.1999 -37.0875 10.8528 -31.165 -37.1027 10.8707 2
-31.165 -37.1027 10.8707 -31.1301 -37.1178 10.8886 2
-31.1301 -37.1178 10.8886 -28.8608 -38.1003 12.0516 2
-28.8608 -38.1003 12.0516 -28.8875 -38.1172 12.0436 2
-28.8875 -38.1172 12.0436 -28.9141 -38.1341 12.0355 2
-28.9141 -38.1341 12.0355 -30.674 -39.249 11.5056 2
-30.674 -39.249 11.5056 -30.6453 -39.2515 11.5183 2
-30.6453 -39.2515 11.5183 -30.6167 -39.2539 11.531 2
-30.6167 -39.2539 11.531 -28.7283 -39.418 12.3693 2
-28.7283 -39.418 12.3693 -28.7185 -39.4396 12.3777 2
-28.7185 -39.4396 12.3777 -28.7087 -39.4612 12.3862 2
-28.7087 -39.4612 12.3862 -28.0634 -40.8873 12.9441 2
-45.844 -1.11437 6.93617 -45.8048 -1.11769 6.95356 2
-45.8048 -1.11769 6.95356 -45.7656 -1.12102 6.97095 2
-45.7656 -1.12102 6.97095 -45.7264 -1.12434 6.98834 2
-45.7264 -1.12434 6.98834 -42.5894 -1.39012 8.37946 2
-42.5894 -1.39012 8.37946 -42.5475 -1.40088 8.3995 2
-42.5475 -1.40088 8.3995 -42.5055 -1.41163 8.41954 2
-42.5055 -1.41163 8.41954 -42.4635 -1.42239 8.43958 2
-42.4635 -1.42239 8.43958 -42.4216 -1.43314 8.45962 2
-42.4216 -1.43314 8.45962 -39.1058 -2.28269 10.0427 2
-39.1058 -2.28269 10.0427 -39.086 -2.28297 10.0512 2
-39.086 -2.28297 10.0512 -37.4585 -2.30643 10.7503 2
-37.4585 -2.30643 10.7503 -37.3757 -2.31511 10.6895 2
-37.3757 -2.31511 10.6895 -37.2929 -2.32379 10.6287 2
-37.2929 -2.32379 10.6287 -37.2101 -2.33247 10.5679 2
-37.2101 -2.33247 10.5679 -37.1273 -2.34115 10.507 2
-37.1273 -2.34115 10.507 -37.0445 -2.34984 10.4462 2
-37.0445 -2.34984 10.4462 -36.9616 -2.35852 10.3854 2
-36.9616 -2.35852 10.3854 -36.8788 -2.3672 10.3246 2
-36.8788 -2.3672 10.3246 -36.796 -2.37588 10.2638 2
-36.796 -2.37588 10.2638 -36.7132 -2.38456 10.203 2
-36.7132 -2.38456 10.203 -30.5853 -3.02692 5.70295 2
-30.5853 -3.02692 5.70295 -30.5443 -3.02908 5.71997 2
-30.5443 -3.02908 5.71997 -30.5032 -3.03125 5.73698 2
-30.5032 -3.03125 5.73698 -30.4622 -3.03342 5.754 2
-30.4622 -3.03342 5.754 -27.1769 -3.20686 7.11555 2
-27.1769 -3.20686 7.11555 -27.0847 -3.33425 7.18013 2
-27.0847 -3.33425 7.18013 -27.0716 -3.31487 7.14249 2
-27.0716 -3.31487 7.14249 -27.0584 -3.29549 7.10485 2
-27.0584 -3.29549 7.10485 -27.0452 -3.27611 7.06721 2
-27.0452 -3.27611 7.06721 -25.9928 -1.72574 4.05609 2
-25.9928 -1.72574 4.05609 -25.9704 -1.69926 4.06042 2
-25.9704 -1.69926 4.06042 -25.9479 -1.67278 4.06475 2
-25.9479 -1.67278 4.06475 -24.1299 0.471948 4.41548 2
-24.1299 0.471948 4.41548 -24.1145 0.477801 4.42089 2
-24.1145 0.477801 4.42089 -22.8513 0.957772 4.86473 2
-22.8513 0.957772 4.86473 -22.8238 0.973826 4.87329 2
-22.8238 0.973826 4.87329 -22.7963 0.98988 4.88185 2
-22.7963 0.98988 4.88185 -20.5675 2.29024 5.57517 2
-20.5675 2.29024 5.57517 -19.766 1.7501 6.02417 2
-19.766 1.7501 6.02417 -19.7688 1.76743 6.01954 2
-19.7688 1.76743 6.01954 -19.9982 3.18881 5.64 2
-19.9982 3.18881 5.64 -19.8713 3.29717 5.67265 2
-19.8713 3.29717 5.67265 -19.8587 3.32027 5.67348 2
-19.8587 3.32027 5.67348 -19.846 3.34337 5.67431 2
-19.846 3.34337 5.67431 -18.8196 5.21422 5.74154 2
-18.8196 5.21422 5.74154 -18.6927 5.32258 5.77419 2
-18.6927 5.32258 5.77419 -18.685 5.33899 5.77425 2
-18.685 5.33899 5.77425 -18.0487 6.68516 5.77897 2
-18.0487 6.68516 5.77897 -17.6756 7.00387 5.87501 2
-17.6756 7.00387 5.87501 -17.6614 7.02827 5.87623 2
-17.6614 7.02827 5.87623 -17.6472 7.05267 5.87745 2
-17.6472 7.05267 5.87745 -16.497 9.02928 5.97654 2
-16.497 9.02928 5.97654 -16.1815 9.71113 5.97607 2
-16.1815 9.71113 5.97607 -16.165 9.70547 5.98422 2
-16.165 9.70547 5.98422 -14.815 9.24128 6.65219 2
-14.815 9.24128 6.65219 -14.8264 9.26359 6.64293 2
-14.8264 9.26359 6.64293 -14.8377 9.2859 6.63367 2
-14.8377 9.2859 6.63367 -15.7565 11.0927 5.88361 2
-15.7565 11.0927 5.88361 -15.6297 11.2011 5.91626 2
-15.6297 11.2011 5.91626 -15.6156 11.2225 5.91711 2
-15.6156 11.2225 5.91711 -14.4587 12.9782 5.98639 2
-14.4587 12.9782 5.98639 -14.3969 12.9495 5.84161 2
-14.3969 12.9495 5.84161 -14.3712 12.9686 5.84787 2
-14.3712 12.9686 5.84787 -14.3455 12.9876 5.85414 2
-14.3455 12.9876 5.85414 -12.263 14.5306 6.36146 2
-12.263 14.5306 6.36146 -11.8767 13.4296 6.74443 2
-11.8767 13.4296 6.74443 -11.8481 13.4614 6.69681 2
-11.8481 13.4614 6.69681 -11.8196 13.4931 6.64918 2
-11.8196 13.4931 6.64918 -11.791 13.5249 6.60156 2
-11.791 13.5249 6.60156 -11.7624 13.5566 6.55393 2
-11.7624 13.5566 6.55393 -11.7338 13.5883 6.50631 2
-11.7338 13.5883 6.50631 -9.50508 16.0646 2.79158 2
-9.50508 16.0646 2.79158 -9.48878 16.076 2.79627 2
-9.48878 16.076 2.79627 -8.15181 17.0144 3.18077 2
-8.15181 17.0144 3.18077 -8.1488 16.9899 3.1869 2
-8.1488 16.9899 3.1869 -7.90215 14.9843 3.68958 2
-7.90215 14.9843 3.68958 -7.89497 15.015 3.68656 2
-7.89497 15.015 3.68656 -7.88778 15.0456 3.68355 2
-7.88778 15.0456 3.68355 -7.30595 17.5308 3.43935 2
-7.30595 17.5308 3.43935 -6.79828 16.5457 3.85118 2
-6.79828 16.5457 3.85118 -6.78887 16.5733 3.84972 2
-6.78887 16.5733 3.84972 -6.77947 16.6009 3.84826 2
-6.77947 16.6009 3.84826 -6.01769 18.8374 3.73011 2
-6.01769 18.8374 3.73011 -6.00439 18.8562 3.73206 2
-6.00439 18.8562 3.73206 -4.91381 20.3988 3.89171 2
-4.91381 20.3988 3.89171 -4.91127 20.4156 3.88947 2
-4.91127 20.4156 3.88947 -4.70249 21.792 3.70581 2
-27.0847 -3.33425 7.18013 -27.0325 -3.34673 7.14076 3
-27.0325 -3.34673 7.14076 -26.9803 -3.3592 7.10139 3
-26.9803 -3.3592 7.10139 -26.928 -3.37168 7.06202 3
-26.928 -3.37168 7.06202 -26.8758 -3.38415 7.02265 3
-26.8758 -3.38415 7.02265 -26.8236 -3.39663 6.98328 3
-26.8236 -3.39663 6.98328 -22.8544 -4.34474 3.9912 3
-22.8544 -4.34474 3.9912 -22.8321 -4.36139 4.00292 3
-22.8321 -4.36139 4.00292 -22.8099 -4.37803 4.01464 3
-22.8099 -4.37803 4.01464 -21.0491 -5.69303 4.94026 3
-21.0491 -5.69303 4.94026 -20.9755 -5.69668 4.959 3
-20.9755 -5.69668 4.959 -20.902 -5.70033 4.97774 3
-20.902 -5.70033 4.97774 -20.8284 -5.70398 4.99649 3
-20.8284 -5.70398 4.99649 -20.7548 -5.70762 5.01523 3
-20.7548 -5.70762 5.01523 -20.6813 -5.71127 5.03397 3
-20.6813 -5.71127 5.03397 -20.6077 -5.71492 5.05271 3
-20.6077 -5.71492 5.05271 -15.0899 -5.98847 6.45841 3
-15.0899 -5.98847 6.45841 -15.0332 -5.98538 6.36929 3
-15.0332 -5.98538 6.36929 -14.9766 -5.98228 6.28017 3
-14.9766 -5.98228 6.28017 -14.9199 -5.97918 6.19105 3
-14.9199 -5.97918 6.19105 -14.8632 -5.97608 6.10193 3
-14.8632 -5.97608 6.10193 -14.8065 -5.97298 6.01281 3
-14.8065 -5.97298 6.01281 -14.7498 -5.96988 5.92369 3
-14.7498 -5.96988 5.92369 -14.6931 -5.96679 5.83457 3
-14.6931 -5.96679 5.83457 -14.6364 -5.96369 5.74545 3
-14.6364 -5.96369 5.74545 -14.5797 -5.96059 5.65633 3
-14.5797 -5.96059 5.65633 -10.4979 -5.73751 -0.76038 3
-10.4979 -5.73751 -0.76038 -10.4933 -5.71913 -0.763054 3
-10.4933 -5.71913 -0.763054 -10.1326 -4.24854 -0.976964 3
-10.1326 -4.24854 -0.976964 -9.54592 -3.94138 -0.78749 3
-9.54592 -3.94138 -0.78749 -9.51899 -3.93349 -0.777559 3
-9.51899 -3.93349 -0.777559 -9.49205 -3.9256 -0.767629 3
-9.49205 -3.9256 -0.767629 -7.36399 -3.3023 0.0168535 3
-7.36399 -3.3023 0.0168535 -6.73719 -2.76687 0.178198 3
-6.73719 -2.76687 0.178198 -6.71372 -2.73984 0.181765 3
-6.71372 -2.73984 0.181765 -6.69024 -2.71281 0.185332 3
-6.69024 -2.71281 0.185332 -4.83588 -0.577156 0.467124 3
-4.83588 -0.577156 0.467124 -4.58964 -0.366809 0.530509 3
-4.58964 -0.366809 0.530509 -4.56633 -0.3469 0.536509 3
-4.56633 -0.3469 0.536509 -4.54303 -0.326991 0.542508 3
-4.54303 -0.326991 0.542508 -2.70176 1.24585 1.01647 3
-2.70176 1.24585 1.01647 -2.44805 1.46257 1.08177 3
-2.44805 1.46257 1.08177 -2.42305 1.50109 1.08371 3
-2.42305 1.50109 1.08371 -2.39805 1.5396 1.08566 3
-2.39805 1.5396 1.08566 -2.37305 1.57812 1.0876 3
-2.37305 1.57812 1.0876 -0.423047 4.58255 1.23914 3
-0.423047 4.58255 1.23914 -0.437214 4.58513 1.23163 3
-0.437214 4.58513 1.23163 -1.57058 4.79143 0.63076 3
-1.57058 4.79143 0.63076 -1.53748 4.80459 0.642279 3
-1.53748 4.80459 0.642279 -1.50437 4.81776 0.653798 3
-1.50437 4.81776 0.653798 -1.47126 4.83092 0.665317 3
-1.47126 4.83092 0.665317 1.1113 5.85757 1.5638 3
1.1113 5.85757 1.5638 1.86496 6.50136 1.75779 3
1.86496 6.50136 1.75779 1.87782 6.5149 1.7606 3
1.87782 6.5149 1.7606 2.90698 7.59762 1.98517 3
2.90698 7.59762 1.98517 2.88215 7.60412 1.97329 3
2.88215 7.60412 1.97329 2.85733 7.61061 1.96141 3
2.85733 7.61061 1.96141 0.896293 8.12345 1.02306 3
0.896293 8.12345 1.02306 0.940127 8.13559 1.03936 3
0.940127 8.13559 1.03936 0.983962 8.14773 1.05565 3
0.983962 8.14773 1.05565 1.0278 8.15988 1.07195 3
1.0278 8.15988 1.07195 1.07163 8.17202 1.08825 3
1.07163 8.17202 1.08825 4.44691 9.10708 2.34311 3
4.44691 9.10708 2.34311 4.57377 9.21545 2.37577 3
4.57377 9.21545 2.37577 4.63928 9.25968 2.36398 3
4.63928 9.25968 2.36398 4.70478 9.30392 2.3522 3
4.70478 9.30392 2.3522 4.77029 9.34815 2.34041 3
4.77029 9.34815 2.34041 4.8358 9.39239 2.32862 3
4.8358 9.39239 2.32862 4.90131 9.43662 2.31684 3
4.90131 9.43662 2.31684 4.96682 9.48086 2.30505 3
4.96682 9.48086 2.30505 5.03233 9.5251 2.29327 3
5.03233 9.5251 2.29327 9.87994 12.7985 1.42112 3
9.87994 12.7985 1.42112 10.0686 12.8782 1.309 3
10.0686 12.8782 1.309 10.1031 12.9 1.30811 3
10.1031 12.9 1.30811 10.1377 12.9218 1.30722 3
10.1377 12.9218 1.30722 10.1723 12.9435 1.30634 3
10.1723 12.9435 1.30634 12.869 14.6417 1.23719 3
12.869 14.6417 1.23719 12.9959 14.7501 1.26984 3
12.9959 14.7501 1.26984 13.0232 14.7608 1.27935 3
13.0232 14.7608 1.27935 13.0504 14.7715 1.28886 3
13.0504 14.7715 1.28886 15.205 15.6185 2.04033 3
15.205 15.6185 2.04033 15.4587 15.8353 2.10564 3
15.4587 15.8353 2.10564 15.4931 15.8571 2.11598 3
15.4931 15.8571 2.11598 15.5275 15.879 2.12631 3
15.5275 15.879 2.12631 15.5619 15.9009 2.13665 3
15.5619 15.9009 2.13665 18.2446 17.6087 2.94289 3
-15.0899 -5.98847 6.45841 -15.05 -6.00064 6.43153 4
-15.05 -6.00064 6.43153 -15.01 -6.0128 6.40464 4
-15.01 -6.0128 6.40464 -14.97 -6.02496 6.37775 4
-14.97 -6.02496 6.37775 -14.9301 -6.03713 6.35086 4
-14.9301 -6.03713 6.35086 -14.8901 -6.04929 6.32397 4
-14.8901 -6.04929 6.32397 -9.53441 -7.6791 2.72091 4
-9.53441 -7.6791 2.72091 -9.51008 -7.6803 2.73153 4
-9.51008 -7.6803 2.73153 -9.48576 -7.68151 2.74215 4
-9.48576 -7.68151 2.74215 -6.15299 -7.84649 4.19686 4
-6.15299 -7.84649 4.19686 -6.11618 -7.84287 4.21185 4
-6.11618 -7.84287 4.21185 -6.07936 -7.83925 4.22684 4
-6.07936 -7.83925 4.22684 -6.04254 -7.83563 4.24183 4
-6.04254 -7.83563 4.24183 -6.00572 -7.832 4.25682 4
-6.00572 -7.832 4.25682 -1.03521 -7.34312 6.28075 4
-1.03521 -7.34312 6.28075 -1.01192 -7.34085 6.29024 4
-1.01192 -7.34085 6.29024 -0.988635 -7.33857 6.29972 4
-0.988635 -7.33857 6.29972 2.20189 -7.02746 7.5994 4
2.20189 -7.02746 7.5994 2.22323 -7.02854 7.60808 4
2.22323 -7.02854 7.60808 2.24458 -7.02962 7.61677 4
2.24458 -7.02962 7.61677 5.16863 -7.17751 8.80656 4
5.16863 -7.17751 8.80656 5.21982 -7.17399 8.80425 4
5.21982 -7.17399 8.80425 5.27101 -7.17046 8.80194 4
5.27101 -7.17046 8.80194 5.3222 -7.16694 8.79963 4
5.3222 -7.16694 8.79963 5.37339 -7.16342 8.79732 4
5.37339 -7.16342 8.79732 5.42458 -7.15989 8.79501 4
5.42458 -7.15989 8.79501 5.47577 -7.15637 8.7927 4
5.47577 -7.15637 8.7927 12.2841 -6.68781 8.4854 4
12.2841 -6.68781 8.4854 12.3459 -6.7165 8.34062 4
12.3459 -6.7165 8.34062 12.1407 -5.29034 7.89311 4
12.1407 -5.29034 7.89311 12.1725 -5.29267 7.90349 4
12.1725 -5.29267 7.90349 12.2043 -5.29501 7.91387 4
12.2043 -5.29501 7.91387 12.2362 -5.29735 7.92425 4
12.2362 -5.29735 7.92425 16.563 -5.61522 9.33604 4
16.563 -5.61522 9.33604 16.6145 -5.6149 9.35556 4
16.6145 -5.6149 9.35556 16.666 -5.61459 9.37508 4
16.666 -5.61459 9.37508 16.7175 -5.61428 9.39461 4
16.7175 -5.61428 9.39461 16.769 -5.61396 9.41413 4
16.769 -5.61396 9.41413 16.8205 -5.61365 9.43365 4
16.8205 -5.61365 9.43365 16.872 -5.61333 9.45318 4
16.872 -5.61333 9.45318 23.7206 -5.57156 12.0498 4
23.7206 -5.57156 12.0498 23.7206 -5.5572 12.0463 4
23.7206 -5.5572 12.0463 23.7208 -3.57482 11.5658 4
23.7208 -3.57482 11.5658 23.7489 -3.58678 11.5784 4
23.7489 -3.58678 11.5784 23.777 -3.59875 11.5911 4
23.777 -3.59875 11.5911 23.8051 -3.61072 11.6037 4
23.8051 -3.61072 11.6037 27.6256 -5.23828 13.3184 4
27.6256 -5.23828 13.3184 27.6676 -5.25733 13.3003 4
27.6676 -5.25733 13.3003 27.7096 -5.27638 13.2823 4
27.7096 -5.27638 13.2823 27.7517 -5.29543 13.2643 4
27.7517 -5.29543 13.2643 27.7937 -5.31448 13.2462 4
27.7937 -5.31448 13.2462 27.8357 -5.33353 13.2282 4
27.8357 -5.33353 13.2282 33.468 -7.88622 10.8103 4
33.468 -7.88622 10.8103 33.5116 -7.88039 10.8042 4
33.5116 -7.88039 10.8042 33.5552 -7.87455 10.7981 4
33.5552 -7.87455 10.7981 33.5989 -7.86871 10.792 4
33.5989 -7.86871 10.792 33.6425 -7.86288 10.786 4
33.6425 -7.86288 10.786 33.6861 -7.85704 10.7799 4
33.6861 -7.85704 10.7799 39.5321 -7.0749 9.96573 4
39.5321 -7.0749 9.96573 39.5594 -7.06014 9.97025 4
39.5594 -7.06014 9.97025 39.5868 -7.04539 9.97476 4
39.5868 -7.04539 9.97476 39.6141 -7.03064 9.97928 4
39.6141 -7.03064 9.97928 43.3277 -5.02407 10.5931 4
43.3277 -5.02407 10.5931 43.7258 -5.29039 10.8157 4
43.7258 -5.29039 10.8157 43.7677 -5.2933 10.8138 4
43.7677 -5.2933 10.8138 43.8096 -5.2962 10.8118 4
43.8096 -5.2962 10.8118 43.8516 -5.2991 10.8098 4
43.8516 -5.2991 10.8098 43.8935 -5.302 10.8079 4
43.8935 -5.302 10.8079 49.5549 -5.69393 10.5427 4
49.5549 -5.69393 10.5427 49.7629 -5.87512 10.3358 4
49.7629 -5.87512 10.3358 49.7934 -5.87673 10.2413 4
49.7934 -5.87673 10.2413 49.8239 -5.87835 10.1468 4
49.8239 -5.87835 10.1468 49.8545 -5.87996 10.0524 4
49.8545 -5.87996 10.0524 49.885 -5.88157 9.95789 4
49.885 -5.88157 9.95789 49.9155 -5.88319 9.86342 4
49.9155 -5.88319 9.86342 49.946 -5.8848 9.76895 4
49.946 -5.8848 9.76895 49.9765 -5.88641 9.67448 4
49.9765 -5.88641 9.67448 50.007 -5.88803 9.58001 4
50.007 -5.88803 9.58001 50.0376 -5.88964 9.48554 4
50.0376 -5.88964 9.48554 50.0681 -5.89125 9.39107 4
50.0681 -5.89125 9.39107 50.0986 -5.89287 9.2966 4
50.0986 -5.89287 9.2966 50.1291 -5.89448 9.20213 4
50.1291 -5.89448 9.20213 54.0047 -6.09939 -2.79553 4
54.0047 -6.09939 -2.79553 52.8126 -5.28655 -3.46521 4
52.8126 -5.28655 -3.46521 52.8022 -5.28221 -3.47053 4
52.8022 -5.28221 -3.47053 51.3615 -4.68294 -4.204 4
51.3615 -4.68294 -4.204 51.3402 -4.66164 -4.21732 4
51.3402 -4.66164 -4.21732 51.3188 -4.64033 -4.23064 4
51.3188 -4.64033 -4.23064 51.2975 -4.61903 -4.24396 4
51.2975 -4.61903 -4.24396 48.3973 -1.72174 -6.05553 4
48.3973 -1.72174 -6.05553 47.9363 -1.08478 -6.37844 4
47.9363 -1.08478 -6.37844 47.926 -1.07454 -6.38486 4
47.926 -1.07454 -6.38486 46.5078 0.338498 -7.27 4
46.5078 0.338498 -7.27 46.1444 0.840574 -7.52453 4
46.1444 0.840574 -7.52453 46.1323 0.855213 -7.53258 4
46.1323 0.855213 -7.53258 46.1203 0.869853 -7.54063 4
46.1203 0.869853 -7.54063 44.4665 2.87541 -8.64368 4
44.4665 2.87541 -8.64368 44.4415 3.46044 -8.77024 4
44.4415 3.46044 -8.77024 44.0728 3.97001 -9.02857 4
44.0728 3.97001 -9.02857 44.0655 3.98236 -9.0287 4
44.0655 3.98236 -9.0287 43.066 5.6875 -9.04696 4
43.066 5.6875 -9.04696 43.0607 5.69659 -9.05644 4
43.0607 5.69659 -9.05644 42.3253 6.9519 -10.3651 4
42.3253 6.9519 -10.3651 42.1607 7.03019 -10.8707 4
42.1607 7.03019 -10.8707 42.1571 7.04148 -10.8878 4
42.1571 7.04148 -10.8878 42.1535 7.05278 -10.9049 4
42.1535 7.05278 -10.9049 41.6578 8.60012 -13.242 4
41.6578 8.60012 -13.242 41.7272 9.07163 -13.3058 4
41.7272 9.07163 -13.3058 41.7263 9.09294 -13.3038 4
41.7263 9.09294 -13.3038 41.7254 9.11424 -13.3018 4
41.7254 9.11424 -13.3018 41.6049 12.0333 -13.0276 4
41.6049 12.0333 -13.0276 41.3896 12.3024 -13.0844 4
41.3896 12.3024 -13.0844 41.3779 12.3085 -13.0906 4
41.3779 12.3085 -13.0906 39.7595 13.1533 -13.9485 4
39.7595 13.1533 -13.9485 39.7726 13.1674 -13.9457 4
39.7726 13.1674 -13.9457 39.7858 13.1816 -13.9429 4
39.7858 13.1816 -13.9429 41.5878 15.1153 -13.5572 4
41.5878 15.1153 -13.5572 40.1942 15.3557 -14.1995 4
40.1942 15.3557 -14.1995 40.2076 15.3715 -14.1969 4
40.2076 15.3715 -14.1969 40.221 15.3873 -14.1943 4
40.221 15.3873 -14.1943 42.0571 17.5534 -13.8401 4
42.0571 17.5534 -13.8401 41.8727 17.8082 -13.9693 4
41.8727 17.8082 -13.9693 41.8759 17.829 -13.9805 4
41.8759 17.829 -13.9805 41.879 17.8498 -13.9917 4
41.879 17.8498 -13.9917 42.3107 20.6985 -15.5266 4
42.3107 20.6985 -15.5266 42.2947 20.7098 -15.5356 4
42.2947 20.7098 -15.5356 42.2787 20.7211 -15.5447 4
42.2787 20.7211 -15.5447 40.088 22.268 -16.7859 4
40.088 22.268 -16.7859 40.1149 22.2778 -16.7764 4
40.1149 22.2778 -16.7764 40.1417 22.2875 -16.7669 4
40.1417 22.2875 -16.7669 40.1685 22.2973 -16.7574 4
40.1685 22.2973 -16.7574 43.8171 23.6224 -15.4632 4
43.8171 23.6224 -15.4632 43.8163 23.6346 -15.4666 4
43.8163 23.6346 -15.4666 43.7007 25.3133 -15.9364 4
43.7007 25.3133 -15.9364 43.7753 25.377 -15.9172 4
43.7753 25.377 -15.9172 43.788 25.39 -15.916 4
43.788 25.39 -15.916 45.5467 27.1784 -15.7614 4
45.5467 27.1784 -15.7614 45.6085 27.1497 -15.9062 4
45.6085 27.1497 -15.9062 45.624 27.1815 -15.9071 4
45.624 27.1815 -15.9071 45.6395 27.2133 -15.9079 4
45.6395 27.2133 -15.9079 45.655 27.2451 -15.9088 4
45.655 27.2451 -15.9088 45.6705 27.2769 -15.9097 4
45.6705 27.2769 -15.9097 47.762 31.5685 -16.0287 4
47.762 31.5685 -16.0287 47.7777 31.5996 -16.0282 4
47.7777 31.5996 -16.0282 47.7935 31.6307 -16.0276 4
47.7935 31.6307 -16.0276 47.8092 31.6617 -16.0271 4
47.8092 31.6617 -16.0271 49.9497 35.8869 -15.951 4
49.9497 35.8869 -15.951 49.9946 36.3254 -16.0187 4
44.0728 3.97001 -9.02857 44.0763 3.99362 -9.03173 5
44.0763 3.99362 -9.03173 44.3187 5.59892 -9.2464 5
44.3187 5.59892 -9.2464 44.6646 5.68825 -9.11651 5
44.6646 5.68825 -9.11651 44.6772 5.71972 -9.11738 5
44.6772 5.71972 -9.11738 44.6898 5.7512 -9.11826 5
44.6898 5.7512 -9.11826 45.532 7.86008 -9.17679 5
45.532 7.86008 -9.17679 45.6935 8.20419 -9.17606 5
45.6935 8.20419 -9.17606 45.7203 8.2329 -9.17031 5
45.7203 8.2329 -9.17031 45.7472 8.26161 -9.16455 5
45.7472 8.26161 -9.16455 45.774 8.29032 -9.1588 5
45.774 8.29032 -9.1588 47.5442 10.1852 -8.77898 5
47.5442 10.1852 -8.77898 47.1754 10.6948 -9.03731 5
47.1754 10.6948 -9.03731 47.1789 10.7214 -9.04107 5
47.1789 10.7214 -9.04107 47.4187 12.5276 -9.29666 5
47.4187 12.5276 -9.29666 47.4768 12.5417 -9.27469 5
47.4768 12.5417 -9.27469 47.5349 12.5558 -9.25271 5
47.5349 12.5558 -9.25271 47.5929 12.5699 -9.23073 5
47.5929 12.5699 -9.23073 47.651 12.584 -9.20875 5
47.651 12.584 -9.20875 47.709 12.5981 -9.18677 5
47.709 12.5981 -9.18677 51.4244 13.4998 -7.78018 5
51.4244 13.4998 -7.78018 51.7624 14.2008 -7.77489 5
51.7624 14.2008 -7.77489 52.0433 14.6469 -7.74343 5
52.0433 14.6469 -7.74343 52.0066 14.6806 -7.76575 5
52.0066 14.6806 -7.76575 51.97 14.7143 -7.78807 5
51.97 14.7143 -7.78807 51.9333 14.748 -7.81039 5
51.9333 14.748 -7.81039 51.8967 14.7817 -7.83271 5
51.8967 14.7817 -7.83271 49.5143 16.9733 -9.28349 5
49.5143 16.9733 -9.28349 49.5846 16.9639 -9.26138 5
49.5846 16.9639 -9.26138 49.655 16.9545 -9.23926 5
49.655 16.9545 -9.23926 49.7253 16.945 -9.21715 5
49.7253 16.945 -9.21715 49.7957 16.9356 -9.19503 5
49.7957 16.9356 -9.19503 49.866 16.9262 -9.17292 5
49.866 16.9262 -9.17292 49.9364 16.9167 -9.15081 5
49.9364 16.9167 -9.15081 54.3681 16.3223 -7.75758 5
54.3681 16.3223 -7.75758 54.3805 16.3801 -7.76376 5
54.3805 16.3801 -7.76376 54.3929 16.438 -7.76994 5
54.3929 16.438 -7.76994 54.4053 16.4958 -7.77612 5
54.4053 16.4958 -7.77612 54.4177 16.5537 -7.78231 5
54.4177 16.5537 -7.78231 55.2225 20.314 -8.18406 5
55.2225 20.314 -8.18406 55.0487 20.3947 -7.77687 5
55.0487 20.3947 -7.77687 55.0488 20.426 -7.75997 5
55.0488 20.426 -7.75997 55.0488 20.4572 -7.74307 5
55.0488 20.4572 -7.74307 55.0521 22.5496 -6.61101 5
55.0521 22.5496 -6.61101 55.0467 22.5884 -6.59061 5
55.0467 22.5884 -6.59061 55.0412 22.6273 -6.57021 5
55.0412 22.6273 -6.57021 55.0358 22.6662 -6.54981 5
55.0358 22.6662 -6.54981 54.676 25.2328 -5.20345 5
54.676 25.2328 -5.20345 54.6981 25.258 -5.19181 5
54.6981 25.258 -5.19181 54.7202 25.2831 -5.18016 5
54.7202 25.2831 -5.18016 56.2009 26.9706 -4.39986 5
56.2009 26.9706 -4.39986 56.0233 27.0531 -3.98362 5
56.0233 27.0531 -3.98362 56.0593 27.0661 -4.01584 5
56.0593 27.0661 -4.01584 56.0954 27.0792 -4.04806 5
56.0954 27.0792 -4.04806 56.1314 27.0922 -4.08028 5
56.1314 27.0922 -4.08028 56.1674 27.1052 -4.11249 5
56.1674 27.1052 -4.11249 58.5084 27.9515 -6.20673 5
58.5084 27.9515 -6.20673 58.5291 27.9716 -6.20301 5
58.5291 27.9716 -6.20301 58.5498 27.9918 -6.1993 5
58.5498 27.9918 -6.1993 59.9357 29.3412 -5.95049 5
59.9357 29.3412 -5.95049 59.9854 29.3367 -5.98539 5
59.9854 29.3367 -5.98539 60.0351 29.3321 -6.02029 5
60.0351 29.3321 -6.02029 60.0849 29.3276 -6.05519 5
60.0849 29.3276 -6.05519 60.1346 29.3231 -6.09009 5
60.1346 29.3231 -6.09009 60.1844 29.3186 -6.12499 5
60.1844 29.3186 -6.12499 63.3679 29.0297 -8.3586 5
63.3679 29.0297 -8.3586 63.3099 29.0566 -8.22287 5
63.3099 29.0566 -8.22287 63.3252 29.0787 -8.18198 5
63.3252 29.0787 -8.18198 63.3405 29.1008 -8.14109 5
63.3405 29.1008 -8.14109 63.3557 29.1229 -8.1002 5
63.3557 29.1229 -8.1002 64.363 30.5819 -5.40137 5
64.363 30.5819 -5.40137 64.3788 30.6011 -5.39845 5
64.3788 30.6011 -5.39845 65.4526 31.9128 -5.2002 5
49.7629 -5.87512 10.3358 49.7973 -5.86987 10.3272 5
49.7973 -5.86987 10.3272 49.8317 -5.86462 10.3186 5
49.8317 -5.86462 10.3186 49.866 -5.85937 10.3101 5
49.866 -5.85937 10.3101 53.7848 -5.26092 9.33304 5
53.7848 -5.26092 9.33304 53.8425 -5.26165 9.29842 5
53.8425 -5.26165 9.29842 53.9003 -5.26238 9.26379 5
53.9003 -5.26238 9.26379 53.958 -5.26311 9.22917 5
53.958 -5.26311 9.22917 54.0158 -5.26384 9.19454 5
54.0158 -5.26384 9.19454 54.0736 -5.26457 9.15992 5
54.0736 -5.26457 9.15992 54.1313 -5.2653 9.1253 5
54.1313 -5.2653 9.1253 54.1891 -5.26603 9.09067 5
54.1891 -5.26603 9.09067 60.5425 -5.34636 5.28203 5
60.5425 -5.34636 5.28203 60.6004 -5.37325 5.1463 5
60.6004 -5.37325 5.1463 60.6267 -5.36287 5.1519 5
60.6267 -5.36287 5.1519 60.6531 -5.35249 5.15749 5
60.6531 -5.35249 5.15749 60.6794 -5.3421 5.16308 5
60.6794 -5.3421 5.16308 63.6827 -4.15853 5.80079 5
63.6827 -4.15853 5.80079 63.6685 -4.14781 5.78904 5
63.6685 -4.14781 5.78904 63.6544 -4.13709 5.77729 5
63.6544 -4.13709 5.77729 62.0271 -2.90434 4.42594 5
62.0271 -2.90434 4.42594 62.065 -2.91963 4.43651 5
62.065 -2.91963 4.43651 62.1028 -2.93491 4.44708 5
62.1028 -2.93491 4.44708 62.1406 -2.95019 4.45765 5
62.1406 -2.95019 4.45765 62.1784 -2.96548 4.46823 5
62.1784 -2.96548 4.46823 66.4526 -4.69256 5.66285 5
66.4526 -4.69256 5.66285 66.5105 -4.71945 5.52712 5
66.5105 -4.71945 5.52712 66.5286 -4.74096 5.5191 5
66.5286 -4.74096 5.5191 66.5468 -4.76246 5.51108 5
66.5468 -4.76246 5.51108 66.5649 -4.78396 5.50305 5
66.5649 -4.78396 5.50305 68.6332 -7.23537 4.5885 5
68.6332 -7.23537 4.5885 68.7799 -7.30351 4.24465 5
68.7799 -7.30351 4.24465 68.7718 -7.32181 4.23905 5
68.7718 -7.32181 4.23905 68.7637 -7.34011 4.23345 5
68.7637 -7.34011 4.23345 67.8294 -9.44467 3.58922 5
67.8294 -9.44467 3.58922 67.8551 -9.43964 3.59278 5
67.8551 -9.43964 3.59278 67.8808 -9.43462 3.59634 5
67.8808 -9.43462 3.59634 70.8388 -8.85722 4.00538 5
70.8388 -8.85722 4.00538 70.8967 -8.88412 3.86965 5
70.8967 -8.88412 3.86965 70.9201 -8.89446 3.85742 5
70.9201 -8.89446 3.85742 70.9436 -8.9048 3.84519 5
70.9436 -8.9048 3.84519 70.967 -8.91514 3.83297 5
70.967 -8.91514 3.83297 73.6385 -10.0939 2.43902 5
73.6385 -10.0939 2.43902 74.1463 -10.2175 1.91766 5
74.1463 -10.2175 1.91766 74.18 -10.2237 1.914 5
74.18 -10.2237 1.914 74.2137 -10.2299 1.91035 5
74.2137 -10.2299 1.91035 74.2475 -10.2361 1.9067 5
74.2475 -10.2361 1.9067 78.0915 -10.9419 1.49005 5
78.0915 -10.9419 1.49005 78.1196 -10.9437 1.48022 5
78.1196 -10.9437 1.48022 78.1478 -10.9455 1.4704 5
78.1478 -10.9455 1.4704 78.1759 -10.9474 1.46058 5
78.1759 -10.9474 1.46058 81.3847 -11.1562 0.340612 5
81.3847 -11.1562 0.340612 81.6849 -11.4648 0.198315 5
81.6849 -11.4648 0.198315 81.7185 -11.4758 0.197623 5
81.7185 -11.4758 0.197623 81.7521 -11.4867 0.19693 5
81.7521 -11.4867 0.19693 81.7857 -11.4976 0.196238 5
81.7857 -11.4976 0.196238 85.6142 -12.7456 0.117295 5
85.6142 -12.7456 0.117295 85.6408 -12.7539 0.112448 5
85.6408 -12.7539 0.112448 85.6674 -12.7622 0.107601 5
85.6674 -12.7622 0.107601 85.6941 -12.7705 0.102754 5
85.6941 -12.7705 0.102754 88.7309 -13.7133 -0.449814 5
88.7309 -13.7133 -0.449814 88.7442 -13.7313 -0.441341 5
88.7442 -13.7313 -0.441341 88.7574 -13.7494 -0.432868 5
88.7574 -13.7494 -0.432868 90.2804 -15.8259 0.541502 5
90.2804 -15.8259 0.541502 90.2773 -15.7974 0.534551 5
90.2773 -15.7974 0.534551 90.2742 -15.7689 0.527601 5
90.2742 -15.7689 0.527601 90.2712 -15.7404 0.520651 5
90.2712 -15.7404 0.520651 89.9219 -12.4941 -0.271651 5
89.9219 -12.4941 -0.271651 89.9434 -12.4865 -0.264754 5
89.9434 -12.4865 -0.264754 89.9648 -12.4789 -0.257857 5
89.9648 -12.4789 -0.257857 92.4352 -11.6006 0.535256 5
92.4352 -11.6006 0.535256 92.5437 -11.7505 0.611235 5
92.5437 -11.7505 0.611235 93.7849 -11.2965 1.05088 5
93.7849 -11.2965 1.05088 93.7824 -11.3101 1.05248 5
93.7824 -11.3101 1.05248 93.486 -12.8857 1.23827 5
93.486 -12.8857 1.23827 93.4912 -12.8543 1.23426 5
93.4912 -12.8543 1.23426 93.4964 -12.823 1.23025 5
93.4964 -12.823 1.23025 93.5015 -12.7916 1.22624 5
93.5015 -12.7916 1.22624 94.0907 -9.21633 0.769157 5
94.0907 -9.21633 0.769157 94.1004 -9.22978 0.775975 5
94.1004 -9.22978 0.775975 95.2296 -10.79 1.56694 5
95.2296 -10.79 1.56694 95.3381 -10.9399 1.64291 5
95.3381 -10.9399 1.64291 95.3691 -10.9456 1.64804 5
95.3691 -10.9456 1.64804 95.4002 -10.9513 1.65317 5
95.4002 -10.9513 1.65317 95.4312 -10.957 1.6583 5
95.4312 -10.957 1.6583 98.9716 -11.6091 2.24284 5
98.9716 -11.6091 2.24284 98.9898 -11.6113 2.22384 5
98.9898 -11.6113 2.22384 99.008 -11.6134 2.20483 5
99.008 -11.6134 2.20483 101.101 -11.8628 0.0188488 5
101.101 -11.8628 0.0188488 101.359 -11.8852 0.133243 5
101.359 -11.8852 0.133243 101.376 -11.8936 0.139383 5
101.376 -11.8936 0.139383 101.393 -11.9021 0.145523 5
101.393 -11.9021 0.145523 103.36 -12.8752 0.851639 5
103.36 -12.8752 0.851639 103.21 -13.0027 0.813223 5
103.21 -13.0027 0.813223 104.482 -12.5631 1.18048 5
104.482 -12.5631 1.18048 104.486 -12.5443 1.17675 5
104.486 -12.5443 1.17675 104.867 -10.3711 0.744244 5
104.867 -10.3711 0.744244 104.886 -10.3879 0.750871 5
104.886 -10.3879 0.750871 104.905 -10.4046 0.757498 5
104.905 -10.4046 0.757498 107.146 -12.3318 1.51959 5
107.146 -12.3318 1.51959 107.156 -12.3386 1.5259 5
107.156 -12.3386 1.5259 108.302 -13.1228 2.25786 5
108.302 -13.1228 2.25786 108.326 -13.1226 2.2683 5
108.326 -13.1226 2.2683 108.351 -13.1223 2.27873 5
108.351 -13.1223 2.27873 111.177 -13.0918 3.47864 5
111.177 -13.0918 3.47864 111.143 -13.105 3.46687 5
111.143 -13.105 3.46687 111.11 -13.1183 3.45511 5
111.11 -13.1183 3.45511 111.076 -13.1316 3.44334 5
111.076 -13.1316 3.44334 111.042 -13.1449 3.43158 5
111.042 -13.1449 3.43158 107.23 -14.6448 2.10207 5
107.23 -14.6448 2.10207 107.244 -14.6467 2.10875 5
107.244 -14.6467 2.10875 108.959 -14.8653 2.88362 5
108.959 -14.8653 2.88362 109.555 -15.6896 3.30151 5
109.555 -15.6896 3.30151 109.567 -15.6852 3.30543 5
109.567 -15.6852 3.30543 110.871 -15.1719 3.76036 5
110.871 -15.1719 3.76036 110.841 -15.1861 3.75039 5
110.841 -15.1861 3.75039 110.811 -15.2003 3.74042 5
110.811 -15.2003 3.74042 110.781 -15.2145 3.73044 5
110.781 -15.2145 3.73044 107.365 -16.8335 2.59338 5
107.365 -16.8335 2.59338 107.392 -16.8378 2.60609 5
107.392 -16.8378 2.60609 107.42 -16.842 2.61879 5
107.42 -16.842 2.61879 107.448 -16.8462 2.6315 5
107.448 -16.8462 2.6315 110.62 -17.327 4.08008 5
110.62 -17.327 4.08008 111.026 -18.5562 4.49711 5
