0
4.85907
6.39707
14.98
6.74795
7.88432
2.27695
23.0362
7.35128
13.5429
29.1672
9.16103
13.2798
27.9579
7.96704
10.0314
20.12
27.8907
5.84235
5.03934
2.28956
32.5286
16.4178
9.87065
4.2968
18.7558
9.71768
32.9288
10.0773
2.37632
5.47665
17.54
8.79562
11.4709
14.5466
12.3963
20.8697
24.302
18.6066
3.03059
16.4549
8.96456
18.2743
24.5003
25.5371
33.9875
9.27852
8.07993
53.2441
5.69681
15.335
23.6936
8.30751
25.8701
23.4515
2.34759
3.3013
14.9693
24.9755
14.8275
12.2776
15.5952
9.87434
13.8224
11.4541
8.2376
6.02552
14.1337
12.7913
5.94189
14.8872
11.6848
5.19104
10.128
18.246
12.8281
7.0071
13.4564
5.94483
3.61006
24.0603
8.23192
5.28167
25.0736
17.0971
3.99662
2.75835
29.584
13.0043
12.8533
17.8029
7.52583
3.01307
35.2978
10.9891
2.75835
20.2294
5.68669
14.6383
9.31668
10.9161
22.6132
14.6836
2.26672
5.44387
9.97702
26.6688
12.2883
13.9505
13.688
13.8984
13.1243
6.28259
8.1845
3.1411
14.9819
13.0191
1.87257
25.6385
7.4674
35.891
8.24002
13.0253
32.2557
7.25835
5.49466
38.0435
31.3985
13.5799
23.9522
6.53503
7.13193
33.9883
11.9824
14.9669
9.47376
18.6576
8.09009
18.8173
14.2307
13.8272
7.64462
7.24401
6.17959
12.0416
24.8682
6.65745
8.28901
9.95884
20.2018
17.8955
15.615
6.66979
21.3419
15.237
4.12423
48.1329
28.3963
15.1946
19.0719
5.12455
9.86535
5.57252
8.56696
26.1032
4.43289
24.0122
10.0403
13.805
11.0746
28.445
9.34735
20.8321
6.59634
16.5769
7.85779
4.74875
4.44425
8.46681
7.3867
7.92047
6.88042
26.7845
13.6192
11.1287
4.02638
19.1154
15.1266
19.288
20.3668
9.79921
12.6092
10.8192
18.1489
2.42258
9.34607
12.0423
26.6116
6.33129
5.08937
9.66065
3.14407
11.1254
5.99847
23.35
26.2199
21.829
9.04611
13.2263
17.1722
9.82825
19.47
9.50656
21.9881
21.3082
9.65503
12.5056
3.99632
23.5543
39.4886
7.61273
5.40748
4.62823
8.51136
2.68745
16.9131
22.9272
12.8297
7.52769
5.03338
6.9481
16.7866
13.1632
15.9375
20.9168
12.6086
3.90922
2.51762
5.54935
12.3159
1.85779
6.64489
31.0853
18.8239
5.85957
19.1634
22.8658
8.48236
6.52543
14.2259
24.2072
15.6288
3.03898
6.79401
4.08847
21.4104
8.07867
26.1329
5.96491
3.9921
10.6909
12.0372
12.4276
11.4789
2.86932
6.11719
9.10732
4.11602
33.2983
9.61171
7.90031
18.1475
5.89902
36.3914
3.41494
8.1401
8.58386
3.75996
27.5911
13.7565
21.523
14.3383
12.0132
11.3646
20.8403
15.4215
12.6681
3.94588
24.0857
30.7495
6.98268
10.0317
8.70607
20.2832
2.84
16.7475
3.19766
6.77469
14.0193
6.5728
7.50649
52.5405
11.2414
5.23475
8.85199
12.0324
22.3738
15.8533
6.83031
13.8387
10.2975
3.40121
14.2245
13.7452
5.05858
8.16892
6.1625
9.70094
5.48879
18.8964
9.46098
2.36072
24.0347
2.40437
15.1646
17.4844
22.3531
13.3528
4.023
48.6087
9.88229
7.95111
3.4784
6.91758
4.29106
16.8681
15.506
5.22496
19.2676
16.9095
13.73
11.8618
7.70429
9.74901
5.13736
15.2582
26.0585
9.23336
12.397
5.82852
9.20393
3.22237
22.71
11.8678
15.9396
6.08633
19.683
11.5466
6.1893
12.1568
8.32409
2.32525
25.7392
14.8903
1.98237
8.49726
3.00108
5.99401
16.7749
4.32589
23.2449
12.0903
4.74166
6.76993
6.53694
8.77786
20.0488
8.78692
13.7434
6.59658
5.06668
4.68531
6.01964
90.8553
18.2241
13.1575
11.4806
35.1811
5.89227
8.61021
29.5806
11.1986
7.86659
14.3162
7.53388
7.81079
28.0915
11.7563
7.00421
1.97246
19.4841
8.83867
4.93944
12.0883
5.40794
9.08797
5.85721
11.5719
40.5258
8.97787
8.42008
5.67219
10.3818
2.8445
33.5944
7.40601
2.74388
6.74019
3.18354
28.7767
10.0492
2.09518
6.66208
8.553
6.00007
8.48943
8.41389
10.8928
15.9208
14.6976
19.4447
3.24883
4.37206
30.9338
7.4311
19.0321
6.52044
7.54372
7.67312
15.3486
8.67476
2.84988
17.4573
4.80602
23.9821
12.7057
8.42003
4.84828
10.2885
14.5069
3.98502
24.1143
8.64595
9.64743
13.9786
5.19145
2.91858
7.96244
5.42793
18.3379
25.6442
4.21565
3.01281
9.9888
3.98363
21.4585
5.35075
3.65821
6.53401
3.88412
12.2383
9.90346
5.84422
6.82188
14.3564
31.9264
9.56446
12.9469
18.7654
18.1175
7.84125
4.36056
3.03251
5.65527
8.81238
8.50278
16.067
4.22158
30.3864
19.0155
16.0213
6.7527
10.4827
9.54246
12.314
23.9703
15.0453
14.4507
5.22444
9.63753
10.3061
13.6275
1.74837
6.8218
18.3848
23.1381
6.97207
28.8602
11.3604
22.6766
14.9378
17.1629
19.2
11.3177
7.58845
24.2606
14.6828
19.8405
29.831
7.76137
25.1349
12.8149
17.2988
10.0741
3.02703
2.90826
5.85677
7.71473
7.44398
28.6923
2.93682
27.4701
5.46513
20.9211
11.4746
25.3657
11.4659
4.77066
25.4788
23.619
19.6057
13.7388
26.2301
6.46251
13.6796
35.7901
16.0283
10.8415
24.817
20.0325
23.1238
20.3185
12.6525
5.12098
41.7093
9.72572
7.10113
10.7755
12.9155
18.5135
3.75267
41.0263
21.0482
22.4164
9.75349
10.5912
13.1505
3.85167
3.74386
