-126.905 126.905 4.82922
-126.905 138.991 24.5162
-126.905 151.077 19.1119
-114.818 54.3877 6.27121
-114.818 78.56 2.81297
-114.818 102.732 13.4845
-114.818 114.818 27.1201
-114.818 126.905 35.988
-114.818 138.991 32.3231
-114.818 151.077 35.8436
-114.818 163.163 2.64081
-102.732 42.3015 6.50257
-102.732 54.3877 27.8134
-102.732 66.4739 1.17369
-102.732 78.56 10.7829
-102.732 90.6462 14.9002
-102.732 102.732 33.5466
-102.732 114.818 30.5038
-102.732 126.905 34.5291
-102.732 138.991 52.1189
-102.732 151.077 61.1006
-102.732 163.163 33.6694
-102.732 175.249 21.2602
-102.732 187.335 48.5991
-102.732 199.422 1.05111
-90.6462 18.1292 2.592
-90.6462 30.2154 30.4429
-90.6462 42.3015 32.5229
-90.6462 54.3877 42.4485
-90.6462 66.4739 20.8745
-90.6462 78.56 46.3489
-90.6462 90.6462 52.3003
-90.6462 102.732 38.7715
-90.6462 114.818 44.3448
-90.6462 126.905 57.8445
-90.6462 138.991 69.8147
-90.6462 151.077 79.4833
-90.6462 163.163 95.6601
-90.6462 175.249 90.2151
-90.6462 187.335 58.148
-90.6462 199.422 60.3665
-90.6462 211.508 7.08159
-78.56 18.1292 33.0959
-78.56 30.2154 65.4866
-78.56 42.3015 90.5501
-78.56 54.3877 67.2839
-78.56 66.4739 40.1299
-78.56 78.56 56.3659
-78.56 90.6462 53.1209
-78.56 102.732 49.7341
-78.56 114.818 36.9256
-78.56 126.905 32.3664
-78.56 138.991 73.3514
-78.56 151.077 92.4285
-78.56 163.163 86.816
-78.56 175.249 63.2517
-78.56 187.335 59.0634
-78.56 199.422 43.1876
-78.56 211.508 2.39278
-66.4739 18.1292 44.9328
-66.4739 30.2154 77.398
-66.4739 42.3015 45.6957
-66.4739 54.3877 65.1887
-66.4739 66.4739 41.5651
-66.4739 78.56 45.3011
-66.4739 90.6462 18.3184
-66.4739 102.732 60.6857
-66.4739 114.818 61.4205
-66.4739 126.905 75.2535
-66.4739 138.991 73.0833
-66.4739 151.077 36.0669
-66.4739 163.163 46.7465
-66.4739 175.249 28.0406
-66.4739 187.335 5.50306
-66.4739 199.422 14.4678
-54.3877 18.1292 39.7307
-54.3877 30.2154 38.4201
-54.3877 42.3015 46.0341
-54.3877 54.3877 49.4065
-54.3877 66.4739 52.228
-54.3877 78.56 43.2083
-54.3877 90.6462 58.3202
-54.3877 102.732 82.3244
-54.3877 114.818 86.2567
-54.3877 126.905 51.0489
-54.3877 138.991 26.1301
-54.3877 151.077 56.8415
-54.3877 163.163 21.9603
-54.3877 175.249 7.28944
-42.3015 18.1292 57.9714
-42.3015 30.2154 45.3638
-42.3015 42.3015 56.8634
-42.3015 54.3877 51.602
-42.3015 66.4739 63.9284
-42.3015 78.56 48.2017
-42.3015 90.6462 44.4333
-42.3015 102.732 50.9709
-42.3015 114.818 38.9175
-42.3015 126.905 27.0226
-42.3015 138.991 25.2056
-42.3015 151.077 34.4218
-42.3015 163.163 40.4944
-42.3015 175.249 47.9481
-42.3015 187.335 46.12
-42.3015 199.422 1.11277
-30.2154 18.1292 40.9048
-30.2154 30.2154 24.8133
-30.2154 42.3015 48.5281
-30.2154 54.3877 46.0013
-30.2154 66.4739 40.7606
-30.2154 78.56 50.6423
-30.2154 90.6462 49.8743
-30.2154 102.732 35.7941
-30.2154 114.818 19.0935
-30.2154 126.905 5.979
-30.2154 138.991 34.8414
-30.2154 151.077 54.4883
-30.2154 163.163 60.5438
-30.2154 175.249 54.8554
-30.2154 187.335 52.2189
-30.2154 199.422 27.5547
-30.2154 211.508 25.2862
-30.2154 223.594 2.38386
-18.1292 18.1292 33.3394
-18.1292 30.2154 54.9475
-18.1292 42.3015 58.4837
-18.1292 54.3877 39.566
-18.1292 66.4739 52.4305
-18.1292 78.56 40.7743
-18.1292 90.6462 35.4693
-18.1292 102.732 25.0946
-18.1292 114.818 34.0949
-18.1292 126.905 44.4134
-18.1292 138.991 41.6506
-18.1292 151.077 49.2745
-18.1292 163.163 65.281
-18.1292 175.249 56.7698
-18.1292 187.335 69.4865
-18.1292 199.422 57.1852
-18.1292 211.508 20.1797
-18.1292 223.594 3.05522
-6.04308 30.2154 14.898
-6.04308 42.3015 13.8496
-6.04308 54.3877 56.4804
-6.04308 66.4739 49.2211
-6.04308 78.56 46.0746
-6.04308 90.6462 36.1848
-6.04308 102.732 33.1053
-6.04308 114.818 42.6344
-6.04308 126.905 32.8804
-6.04308 138.991 40.9218
-6.04308 151.077 55.1144
-6.04308 163.163 49.6989
-6.04308 175.249 40.0714
-6.04308 187.335 38.6782
-6.04308 199.422 39.174
-6.04308 211.508 23.9398
-6.04308 223.594 27.0789
6.04308 18.1292 10.2733
6.04308 30.2154 22.6223
6.04308 42.3015 49.5076
6.04308 54.3877 56.1877
6.04308 66.4739 27.8091
6.04308 78.56 37.1327
6.04308 90.6462 46.3616
6.04308 102.732 42.0123
6.04308 114.818 26.0734
6.04308 126.905 31.9967
6.04308 138.991 58.4038
6.04308 151.077 54.2471
6.04308 163.163 30.6245
6.04308 175.249 58.4081
6.04308 187.335 37.651
6.04308 199.422 30.9469
6.04308 211.508 41.7244
6.04308 223.594 65.3188
6.04308 235.68 34.5934
18.1292 30.2154 22.0107
18.1292 42.3015 24.0003
18.1292 54.3877 53.8249
18.1292 66.4739 18.1149
18.1292 78.56 41.0128
18.1292 90.6462 53.7983
18.1292 102.732 58.9064
18.1292 114.818 29.7542
18.1292 126.905 43.6573
18.1292 138.991 46.9548
18.1292 151.077 35.8044
18.1292 163.163 41.6927
18.1292 175.249 15.1488
18.1292 187.335 32.7659
18.1292 199.422 45.1907
18.1292 211.508 48.1308
18.1292 223.594 41.0465
18.1292 235.68 35.2104
30.2154 18.1292 7.98218
30.2154 30.2154 39.9552
30.2154 42.3015 57.4598
30.2154 54.3877 38.9779
30.2154 66.4739 37.7061
30.2154 78.56 43.3413
30.2154 90.6462 56.4298
30.2154 102.732 40.3253
30.2154 114.818 46.2865
30.2154 126.905 72.0467
30.2154 138.991 69.0028
30.2154 151.077 49.2815
30.2154 163.163 5.81456
30.2154 175.249 19.675
30.2154 187.335 17.1311
30.2154 199.422 32.5748
30.2154 211.508 29.6819
30.2154 223.594 37.1128
30.2154 235.68 1.55472
42.3015 30.2154 12.5335
42.3015 42.3015 17.587
42.3015 54.3877 30.7366
42.3015 66.4739 38.6606
42.3015 78.56 55.4319
42.3015 90.6462 47.1378
42.3015 102.732 37.9466
42.3015 114.818 50.9673
42.3015 126.905 45.8444
42.3015 138.991 31.0249
42.3015 151.077 1.75426
42.3015 175.249 3.1446
42.3015 187.335 4.55849
42.3015 199.422 20.1824
42.3015 211.508 31.9547
42.3015 223.594 2.53637
54.3877 54.3877 29.0088
54.3877 66.4739 40.8762
54.3877 78.56 63.0314
54.3877 90.6462 43.774
54.3877 102.732 29.0656
54.3877 114.818 33.3537
54.3877 126.905 21.8955
66.4739 54.3877 8.53643
66.4739 66.4739 19.8166
66.4739 78.56 29.0534
66.4739 90.6462 34.6178
66.4739 102.732 24.8034
66.4739 114.818 1.14354
78.56 78.56 6.32844
78.56 90.6462 1.01333
