-0.86 23.36 5.6 -0.86 25.85 5.4 0
-0.86 25.85 5.4 -0.86 28.18 5.4 0
-0.86 28.18 5.4 -1.04 30.83 7 0
-1.04 30.83 7 -1.6 33.82 7.2 0
-1.6 33.82 7.2 -1.78 36.65 7.2 0
-1.78 36.65 7.2 -2.34 39.3 7.2 0
-2.34 39.3 7.2 -2.52 41.8 7.2 0
-2.52 41.8 7.2 -3.26 44.29 7.2 0
-3.26 44.29 7.2 -3.5 46.35 8.4 0
-3.5 46.35 8.4 -3.13 48.84 8.4 0
-3.13 48.84 8.4 -2.95 50.67 8.4 0
-2.95 50.67 8.4 -2.95 52.33 8.4 0
-2.95 52.33 8.4 -2.13 55.28 3.6 0
-2.13 55.28 3.6 -1.02 57.1 3.8 0
-1.02 57.1 3.8 3.77 56.01 3.8 0
3.77 56.01 3.8 4.87 53.36 3.6 0
4.87 53.36 3.6 6.16 51.2 3.8 0
6.16 51.2 3.8 6.16 48.37 3.2 0
6.16 48.37 3.2 6.72 46.38 3.2 0
6.72 46.38 3.2 6.72 43.55 3.2 0
6.72 43.55 3.2 7.09 41.23 4.6 0
7.09 41.23 4.6 7.82 38.07 6 0
7.82 38.07 6 6.35 35.91 4.4 0
6.35 35.91 4.4 4.32 36.41 4.4 0
4.32 36.41 4.4 3.77 38.74 3.4 0
3.77 38.74 3.4 1.37 40.56 3.4 0
1.37 40.56 3.4 1.18 43.22 3.2 0
1.18 43.22 3.2 1.74 44.55 3.2 0
1.74 44.55 3.2 4.5 46.21 3.2 0
1.37 40.56 3.4 -0.85 40.07 5.4 0
-0.85 40.07 5.4 -4.72 38.41 7.4 0
4.32 36.41 4.4 2.66 35.08 5.4 0
2.66 35.08 5.4 0.81 34.58 5.4 0
0.81 34.58 5.4 0.44 35.75 5.4 0
0.81 34.58 5.4 -1.4 33.09 5.4 0
-1.4 33.09 5.4 -3.43 33.09 5.4 0
-3.43 33.09 5.4 -5.46 30.6 7.2 0
-5.46 30.6 7.2 -7.12 26.94 7 0
-7.12 26.94 7 -8.78 23.95 8 0
6.35 35.91 4.4 5.98 33.92 4.2 0
5.98 33.92 4.2 5.06 31.76 4.6 0
5.06 31.76 4.6 2.47 31.76 3.6 0
2.47 31.76 3.6 1 31.1 3.6 0
1 31.1 3.6 -0.66 29.44 3.4 0
5.06 31.76 4.6 6.16 28.11 4.2 0
6.16 28.11 4.2 6.53 25.12 4.2 0
6.53 25.12 4.2 5.61 21.13 4.2 0
6.53 25.12 4.2 10.41 22.29 4.8 0
6.16 28.11 4.2 9.67 26.94 2.8 0
5.98 33.92 4.2 8.38 30.93 4.8 0
8.38 30.93 4.8 10.41 28.27 4.8 0
10.41 28.27 4.8 13.91 25.45 5.8 0
7.82 38.07 6 8.93 34.58 6 0
8.93 34.58 6 9.3 33.92 5.2 0
9.3 33.92 5.2 12.07 28.94 5.8 0
9.3 33.92 5.2 11.7 34.42 4.6 0
6.16 51.2 3.8 7.64 51.36 6.6 0
7.64 51.36 6.6 8.38 51.36 6.6 0
8.38 51.36 6.6 9.48 50.37 6.6 0
9.48 50.37 6.6 11.15 50.37 7.4 0
11.15 50.37 7.4 12.81 50.03 7.4 0
12.81 50.03 7.4 14.65 49.2 6.4 0
14.65 49.2 6.4 15.76 47.54 6.8 0
15.76 47.54 6.8 16.68 46.21 6 0
16.68 46.21 6 16.13 43.72 6 0
16.13 43.72 6 16.31 41.06 6 0
16.31 41.06 6 16.5 39.07 5.6 0
16.5 39.07 5.6 15.76 36.91 6.6 0
15.76 36.91 6.6 15.2 35.08 6.6 0
15.2 35.08 6.6 15.76 32.26 6.6 0
15.76 32.26 6.6 17.42 29.93 6.6 0
17.42 29.93 6.6 18.71 27.94 6.6 0
18.71 27.94 6.6 19.63 26.45 6.6 0
19.63 26.45 6.6 22.22 24.95 6.6 0
22.22 24.95 6.6 23.51 23.46 6 0
16.5 39.07 5.6 17.97 37.41 5.2 0
17.97 37.41 5.2 19.63 35.58 5.2 0
19.63 35.58 5.2 18.71 32.76 4 0
18.71 32.76 4 19.63 30.6 4 0
19.63 30.6 4 21.66 28.44 3.8 0
21.66 28.44 3.8 23.88 24.45 4 0
19.63 35.58 5.2 22.03 33.59 5.6 0
22.03 33.59 5.6 23.51 31.93 5.6 0
23.51 31.93 5.6 25.17 30.43 5.6 0
25.17 30.43 5.6 26.27 28.27 5.6 0
26.27 28.27 5.6 26.83 25.78 5.6 0
26.83 25.78 5.6 27.2 23.95 5.6 0
27.2 23.95 5.6 27.57 22.13 5.6 0
16.68 46.21 6 19.26 44.39 6.4 0
19.26 44.39 6.4 20.92 42.89 6.4 0
20.92 42.89 6.4 24.06 42.06 5.4 0
24.06 42.06 5.4 25.72 40.4 4.6 0
25.72 40.4 4.6 24.61 39.07 4.6 0
24.61 39.07 4.6 22.58 37.41 3.8 0
22.58 37.41 3.8 20.92 36.08 3.8 0
24.61 39.07 4.6 25.17 37.24 3.4 0
25.17 37.24 3.4 24.98 35.58 3.4 0
24.98 35.58 3.4 24.61 34.75 3.4 0
24.61 34.75 3.4 26.46 32.76 5.4 0
26.46 32.76 5.4 27.93 30.93 5.4 0
27.93 30.93 5.4 28.49 30.1 5.4 0
25.72 40.4 4.6 27.57 39.57 4.6 0
27.57 39.57 4.6 28.12 37.41 4.6 0
28.12 37.41 4.6 29.78 35.58 5 0
29.78 35.58 5 30.52 32.92 4.2 0
30.52 32.92 4.2 31.99 30.43 6.2 0
31.99 30.43 6.2 32.36 27.28 5.8 0
32.36 27.28 5.8 31.07 26.28 6.2 0
31.07 26.28 6.2 29.96 24.78 6.2 0
29.96 24.78 6.2 28.49 23.46 6.2 0
28.49 23.46 6.2 26.64 22.46 6.2 0
26.64 22.46 6.2 25.17 20.96 6.2 0
32.36 27.28 5.8 33.1 24.12 6.2 0
33.1 24.12 6.2 32.55 21.79 6.2 0
32.55 21.79 6.2 32.55 19.97 6.2 0
32.55 19.97 6.2 32.55 17.81 6.2 0
32.55 17.81 6.2 35.31 13.65 6.2 0
33.1 24.12 6.2 34.58 22.13 6 0
34.58 22.13 6 35.13 20.3 6 0
35.13 20.3 6 36.61 18.97 6 0
36.61 18.97 6 37.34 17.47 6 0
37.34 17.47 6 41.22 13.65 5.6 0
31.99 30.43 6.2 34.02 29.44 6.2 0
34.02 29.44 6.2 37.34 27.44 7.6 0
37.34 27.44 7.6 40.3 25.12 7.6 0
40.3 25.12 7.6 42.88 23.95 7.6 0
42.88 23.95 7.6 45.65 22.13 6.4 0
45.65 22.13 6.4 48.41 21.3 6.4 0
48.41 21.3 6.4 52.1 21.46 6.4 0
52.1 21.46 6.4 54.32 22.62 6.4 0
29.78 35.58 5 32.73 34.58 5.2 0
32.73 34.58 5.2 34.95 33.09 5.2 0
34.95 33.09 5.2 36.79 32.76 6.8 0
36.79 32.76 6.8 39.56 33.92 6.8 0
39.56 33.92 6.8 41.59 35.08 5.8 0
41.59 35.08 5.8 44.36 35.42 5.8 0
24.06 42.06 5.4 26.27 44.39 5.6 0
26.27 44.39 5.6 27.93 46.88 5.6 0
27.93 46.88 5.6 28.86 49.53 5.6 0
24.98 44.39 3 27.93 42.89 3.4 0
27.93 42.89 3.4 30.15 42.06 3.4 0
30.15 42.06 3.4 32.73 40.56 3.4 0
32.73 40.56 3.4 34.76 39.07 2 0
25.35 47.04 2.2 27.2 46.88 2.6 0
27.2 46.88 2.6 29.41 46.88 2.6 0
29.41 46.88 2.6 31.62 46.54 1.6 0
31.62 46.54 1.6 32.36 44.55 1.8 0
32.36 44.55 1.8 33.65 43.55 1.8 0
33.65 43.55 1.8 35.5 42.06 1.8 0
35.5 42.06 1.8 36.79 40.56 1.8 0
36.79 40.56 1.8 37.9 38.41 1.8 0
37.9 38.41 1.8 38.82 36.41 1.8 0
38.82 36.41 1.8 38.27 34.25 4.8 0
31.62 46.54 1.6 32.18 47.87 3 0
32.18 47.87 3 34.21 48.37 2.4 0
34.21 48.37 2.4 35.68 47.71 2.4 0
35.68 47.71 2.4 37.53 46.71 2.4 0
37.53 46.71 2.4 40.3 46.71 2.4 0
40.3 46.71 2.4 43.06 47.21 2.4 0
43.06 47.21 2.4 45.28 47.54 2.4 0
45.28 47.54 2.4 47.49 47.21 2.4 0
47.49 47.21 2.4 48.78 46.88 2.4 0
38.27 46.88 4.8 41.03 46.21 6 0
41.03 46.21 6 43.06 45.05 6 0
43.06 45.05 6 41.22 42.06 4.8 0
41.22 42.06 4.8 40.67 40.23 4.8 0
43.06 45.05 6 46.39 43.89 5.6 0
46.39 43.89 5.6 47.68 40.56 4.8 0
47.68 40.56 4.8 47.12 37.74 6 0
47.12 37.74 6 46.94 35.75 6 0
47.68 40.56 4.8 49.89 39.4 4.8 0
49.89 39.4 4.8 53.03 38.57 7 0
53.03 38.57 7 54.69 38.74 7 0
54.69 38.74 7 56.72 37.24 7 0
46.39 43.89 5.6 49.89 43.89 5.4 0
49.89 43.89 5.4 53.77 41.89 6.8 0
49.89 43.89 5.4 53.03 45.71 7 0
36.42 48.21 4.6 39.37 48.7 4.6 0
39.37 48.7 4.6 41.77 49.37 4.6 0
41.77 49.37 4.6 43.8 49.7 4.6 0
43.8 49.7 4.6 46.02 49.04 4.6 0
46.02 49.04 4.6 48.78 48.21 4.6 0
48.78 48.21 4.6 52.47 47.71 4.6 0
52.47 47.71 4.6 54.13 45.55 4.2 0
52.47 47.71 4.6 54.32 49.37 4.6 0
54.32 49.37 4.6 55.06 50.86 4.6 0
55.06 50.86 4.6 55.06 52.86 4.6 0
32.18 47.87 3 31.26 49.53 3 0
31.26 49.53 3 29.96 51.36 3 0
29.96 51.36 3 28.49 53.02 3 0
31.07 54.35 3.8 33.84 54.35 3.8 0
33.84 54.35 3.8 36.61 53.69 3.8 0
36.61 53.69 3.8 38.64 53.19 3.8 0
38.64 53.19 3.8 40.48 53.36 4.4 0
40.48 53.36 4.4 42.14 54.52 4.4 0
42.14 54.52 4.4 43.8 56.35 4.4 0
43.8 56.35 4.4 46.02 56.68 4.4 0
46.02 56.68 4.4 47.68 57.01 4.4 0
47.68 57.01 4.4 50.26 58.84 5.6 0
29.23 56.35 4.6 31.44 58.01 2.8 0
31.44 58.01 2.8 34.95 58.17 2.8 0
34.95 58.17 2.8 37.53 59.34 2.8 0
37.53 59.34 2.8 40.48 60.66 2.8 0
40.48 60.66 2.8 42.14 62.82 2.8 0
42.14 62.82 2.8 42.51 64.82 2.8 0
27.38 56.35 3.2 24.24 59.34 3.2 0
40.24 66.37 3 43.19 65.87 3 0
43.19 65.87 3 45.77 66.53 3 0
45.77 66.53 3 48.54 67.53 3 0
3.77 56.01 3.8 4.87 57.34 3.8 0
4.87 57.34 3.8 6.72 58.5 3.8 0
6.72 58.5 3.8 9.48 59 3.2 0
9.48 59 3.2 14.28 58.67 3.6 0
14.28 58.67 3.6 16.31 57.84 3.4 0
16.31 57.84 3.4 18.53 55.18 2.2 0
18.53 55.18 2.2 20.19 52.69 2 0
20.19 52.69 2 18.71 50.7 2.6 0
18.71 50.7 2.6 17.6 48.37 2.6 0
17.6 48.37 2.6 16.86 46.38 2.6 0
20.19 52.69 2 21.66 50.53 3 0
21.66 50.53 3 23.51 48.87 3 0
23.51 48.87 3 25.35 47.04 2.2 0
25.35 47.04 2.2 24.98 44.39 3 0
24.98 44.39 3 22.77 43.22 2.2 0
22.77 43.22 2.2 20.19 42.23 2.2 0
20.19 42.23 2.2 17.6 42.06 2.2 0
17.6 42.06 2.2 15.76 42.89 2.8 0
15.76 42.89 2.8 14.28 45.55 2.8 0
14.28 45.55 2.8 13.91 47.54 2.8 0
13.91 47.54 2.8 13.36 50.03 2.8 0
13.36 50.03 2.8 12.99 51.86 2.8 0
12.99 51.86 2.8 11.88 53.52 2.8 0
11.88 53.52 2.8 11.15 55.18 2.8 0
11.15 55.18 2.8 10.41 56.51 2.6 0
17.6 42.06 2.2 16.5 40.23 3.4 0
16.5 40.23 3.4 14.84 39.4 3.4 0
14.84 39.4 3.4 13.36 38.24 3.4 0
13.36 38.24 3.4 13.54 36.08 3.4 0
13.54 36.08 3.4 14.28 33.26 3.4 0
14.28 33.26 3.4 14.65 29.44 3.4 0
14.28 33.26 3.4 16.86 30.76 3 0
18.53 55.18 2.2 22.58 54.35 2.2 0
22.58 54.35 2.2 24.98 53.85 2.2 0
24.98 53.85 2.2 27.01 53.52 2.2 0
16.31 57.84 3.4 19.63 57.84 4.2 0
19.63 57.84 4.2 22.58 56.84 3 0
22.58 56.84 3 24.98 56.51 3.2 0
24.98 56.51 3.2 27.38 56.35 3.2 0
27.38 56.35 3.2 29.23 56.35 4.6 0
29.23 56.35 4.6 31.07 54.35 3.8 0
31.07 54.35 3.8 32.18 52.36 4.2 0
32.18 52.36 4.2 33.65 50.7 4.2 0
33.65 50.7 4.2 36.42 48.21 4.6 0
36.42 48.21 4.6 38.27 46.88 4.8 0
38.27 46.88 4.8 38.45 44.55 6.2 0
38.45 44.55 6.2 40.67 42.39 6.2 0
20.68 58.89 3 23.27 52.58 2.4 0
-1.02 57.1 3.8 -0.65 59.1 3.8 0
-0.65 59.1 3.8 -0.65 60.43 3.6 0
-0.65 60.43 3.6 -0.65 62.59 3.6 0
-0.65 62.59 3.6 -0.65 65.24 3.4 0
-0.65 65.24 3.4 -0.65 67.9 3.4 0
-0.65 67.9 3.4 -0.65 70.39 3.4 0
-0.65 70.39 3.4 -0.65 72.22 3.4 0
-0.65 72.22 3.4 -1.02 73.88 3.4 0
-1.02 73.88 3.4 2.05 76.83 3.6 0
2.05 76.83 3.6 3.15 79.32 3.6 0
3.15 79.32 3.6 4.63 80.82 3.6 0
4.63 80.82 3.6 6.11 81.65 3.6 0
6.11 81.65 3.6 8.5 81.82 3.2 0
8.5 81.82 3.2 10.53 81.65 3.2 0
10.53 81.65 3.2 12.56 81.98 3.2 0
12.56 81.98 3.2 12.38 80.49 1.4 0
12.38 80.49 1.4 12.38 79.32 1.4 0
12.38 79.32 1.4 12.38 78 1.4 0
12.38 78 1.4 11.83 76.17 1.6 0
11.83 76.17 1.6 11.09 75.01 1.8 0
11.09 75.01 1.8 9.98 72.35 1.4 0
9.98 72.35 1.4 6.11 70.69 0.8 0
6.11 70.69 0.8 2.35 73.61 0.2 0
6.11 70.69 0.8 4.81 69.36 1.2 0
4.81 69.36 1.2 -0.42 65.96 0.4 0
4.81 69.36 1.2 3.64 64.3 1.2 0
3.64 64.3 1.2 2.53 57.16 0.6 0
3.64 64.3 1.2 6.41 61.48 1.2 0
9.98 72.35 1.4 10.72 69.69 3.2 0
10.72 69.69 3.2 11.27 66.87 3.2 0
11.27 66.87 3.2 11.46 63.21 2.4 0
11.46 63.21 2.4 11.46 60.22 2.4 0
11.46 60.22 2.4 12.01 57.9 2.6 0
12.01 57.9 2.6 14.04 54.57 2.6 0
11.27 66.87 3.2 14.78 62.88 3.6 0
12.56 81.98 3.2 14.04 82.31 3.2 0
14.04 82.31 3.2 15.52 82.65 3.2 0
15.52 82.65 3.2 17.55 82.98 3.2 0
17.55 82.98 3.2 19.21 81.82 2.4 0
19.21 81.82 2.4 19.94 78.83 3 0
19.94 78.83 3 20.68 76.17 3 0
20.68 76.17 3 20.87 74.51 3 0
20.87 74.51 3 17.36 73.51 3.4 0
17.36 73.51 3.4 15.7 73.18 3.4 0
15.7 73.18 3.4 14.04 72.18 3.4 0
20.87 74.51 3 20.87 73.18 3.2 0
20.87 73.18 3.2 21.24 70.02 3.2 0
21.24 70.02 3.2 21.24 68.03 3 0
21.24 68.03 3 21.24 66.04 2 0
21.24 66.04 2 18.65 64.21 2.4 0
18.65 64.21 2.4 15.89 61.72 4.2 0
21.24 66.04 2 21.97 63.38 3 0
21.97 63.38 3 22.16 61.88 3 0
22.16 61.88 3 20.68 58.89 3 0
20.68 58.89 3 16.99 56.23 2.8 0
21.24 68.03 3 23.63 66.7 3.8 0
23.63 66.7 3.8 26.59 64.54 3.8 0
26.59 64.54 3.8 29.17 62.71 2.4 0
29.17 62.71 2.4 31.2 61.72 2.4 0
20.87 73.18 3.2 23.63 72.18 2.6 0
23.63 72.18 2.6 24.93 70.69 2.6 0
24.93 70.69 2.6 26.03 69.52 2.6 0
26.03 69.52 2.6 26.59 68.03 2.6 0
19.21 81.82 2.4 23.08 80.82 3.2 0
23.08 80.82 3.2 23.82 78.16 3.6 0
23.82 78.16 3.6 25.29 76.5 3 0
25.29 76.5 3 26.96 74.84 3.4 0
26.96 74.84 3.4 26.77 73.01 4 0
26.77 73.01 4 27.51 71.68 4 0
27.51 71.68 4 28.98 69.36 3.2 0
28.98 69.36 3.2 29.17 67.36 4.2 0
29.17 67.36 4.2 29.54 65.87 4.2 0
29.54 65.87 4.2 30.46 65.04 4.2 0
28.98 69.36 3.2 31.2 69.19 3.2 0
26.96 74.84 3.4 29.17 73.84 3.4 0
29.17 73.84 3.4 30.83 72.68 4.2 0
30.83 72.68 4.2 32.67 69.69 4.4 0
32.67 69.69 4.4 32.12 66.37 3.4 0
32.12 66.37 3.4 32.31 64.04 4.2 0
32.31 64.04 4.2 32.67 62.38 4.2 0
32.67 69.69 4.4 35.26 69.52 4.2 0
35.26 69.52 4.2 36.73 69.36 4.4 0
36.73 69.36 4.4 38.21 67.2 3 0
38.21 67.2 3 40.24 66.37 3 0
40.24 66.37 3 39.87 63.54 3.2 0
39.87 63.54 3.2 40.98 61.55 3.2 0
36.73 69.36 4.4 40.24 69.86 3.8 0
40.24 69.86 3.8 42.64 67.36 4.2 0
42.64 67.36 4.2 44.67 65.04 4.2 0
44.67 65.04 4.2 46.14 63.54 4.2 0
46.14 63.54 4.2 50.39 60.22 4.4 0
46.14 63.54 4.2 49.83 66.37 4.8 0
40.24 69.86 3.8 43.19 70.19 4.2 0
43.19 70.19 4.2 45.77 70.35 4.2 0
45.77 70.35 4.2 48.36 70.19 4.2 0
48.36 70.19 4.2 50.2 70.35 4.2 0
50.2 70.35 4.2 53.15 71.35 4.2 0
30.83 72.68 4.2 32.86 73.34 4.2 0
32.86 73.34 4.2 36 73.68 4.2 0
23.08 80.82 3.2 26.4 81.32 3.4 0
26.4 81.32 3.4 28.06 79.99 3 0
28.06 79.99 3 30.09 79.66 3 0
30.09 79.66 3 32.67 78.66 3 0
32.67 78.66 3 35.26 77.66 3 0
35.26 77.66 3 37.66 76.17 3 0
37.66 76.17 3 40.42 74.34 3 0
26.4 81.32 3.4 27.69 83.64 3.2 0
27.69 83.64 3.2 29.17 85.8 3.2 0
17.55 82.98 3.2 18.28 85.64 3.2 0
18.28 85.64 3.2 19.02 87.8 3.2 0
19.02 87.8 3.2 21.24 88.13 4.4 0
21.24 88.13 4.4 23.08 87.96 4.4 0
23.08 87.96 4.4 24.74 87.63 4.4 0
24.74 87.63 4.4 26.96 87.3 4.4 0
26.96 87.3 4.4 28.8 87.8 4.4 0
19.02 87.8 3.2 17.18 89.29 2.4 0
17.18 89.29 2.4 16.62 91.45 2.4 0
16.62 91.45 2.4 17.36 95.44 1.8 0
16.62 91.45 2.4 14.41 92.45 2.4 0
17.18 89.29 2.4 14.78 89.12 1.8 0
14.78 89.12 1.8 13.67 89.46 2 0
13.67 89.46 2 12.75 90.62 2 0
13.67 89.46 2 11.83 87.46 2 0
11.83 87.46 2 9.8 87.3 2 0
9.8 87.3 2 8.14 87.3 2 0
8.14 87.3 2 6.66 88.13 3 0
11.83 87.46 2 11.09 85.8 2.4 0
11.09 85.8 2.4 9.43 83.48 2.4 0
6.11 81.65 3.6 7.58 85.14 2 0
7.58 85.14 2 9.43 87.63 2 0
9.43 87.63 2 10.17 90.12 0.6 0
10.17 90.12 0.6 10.9 92.45 0.6 0
10.9 92.45 0.6 12.56 94.77 0.6 0
12.56 94.77 0.6 14.59 96.27 0.6 0
14.59 96.27 0.6 15.7 99.42 0.6 0
15.7 99.42 0.6 15.52 101.92 0.6 0
15.52 101.92 0.6 15.15 104.57 0.6 0
-1.02 73.88 3.4 -1.58 75.38 3.2 0
-1.58 75.38 3.2 -1.95 77.7 2.8 0
-1.95 77.7 2.8 -2.5 80.03 2.8 0
-2.5 80.03 2.8 -2.68 83.02 2.8 0
-2.68 83.02 2.8 -2.38 84.55 3.4 0
-2.38 84.55 3.4 -2.38 85.88 3.4 0
-2.38 85.88 3.4 -2.46 87.48 6.2 0
-2.46 87.48 6.2 0.58 88.05 0.6 0
0.58 88.05 0.6 2.24 89.38 0.6 0
2.24 89.38 0.6 4.46 92.7 1.6 0
4.46 92.7 1.6 6.49 94.36 1.6 0
6.49 94.36 1.6 8.7 96.69 1.6 0
8.7 96.69 1.6 11.29 97.69 1.6 0
11.29 97.69 1.6 13.13 98.18 1.6 0
13.13 98.18 1.6 14.98 97.69 1.6 0
14.98 97.69 1.6 17.93 98.35 3.4 0
17.93 98.35 3.4 20.14 99.85 2 0
20.14 99.85 2 21.99 101.17 2 0
21.99 101.17 2 24.2 104.83 2 0
24.2 104.83 2 25.31 106.99 3 0
25.31 106.99 3 25.68 108.48 3 0
-2.46 87.48 6.2 -2.27 90.3 6.2 0
-2.27 90.3 6.2 -2.09 92.46 6.2 0
-2.09 92.46 6.2 -2.27 95.29 6.2 0
-2.27 95.29 6.2 -2.27 97.45 6.2 0
-2.27 97.45 6.2 -2.64 99.77 6.2 0
-2.64 99.77 6.2 -3.01 101.43 6.2 0
-3.01 101.43 6.2 -3.38 102.1 6.2 0
-3.38 102.1 6.2 -3.56 102.93 6.2 0
-3.56 102.93 6.2 -3.93 104.92 5.8 0
-3.93 104.92 5.8 -2.76 107.21 -0.6 0
-2.76 107.21 -0.6 -2.02 108.87 -0.6 0
-2.02 108.87 -0.6 -1.65 109.87 -0.6 0
-1.65 109.87 -0.6 -1.34 110.81 -0.8 0
-1.34 110.81 -0.8 1.69 110.55 -1 0
1.69 110.55 -1 4.27 110.72 -1.8 0
4.27 110.72 -1.8 6.49 111.88 -1.8 0
6.49 111.88 -1.8 9.07 113.54 -2.4 0
9.07 113.54 -2.4 10.91 115.7 -2.4 0
10.91 115.7 -2.4 12.57 116.36 -2.4 0
12.57 116.36 -2.4 16.26 116.53 -2.6 0
16.26 116.53 -2.6 19.77 116.86 -2.6 0
19.77 116.86 -2.6 21.8 115.86 -3.2 0
21.8 115.86 -3.2 23.83 115.03 -3.2 0
23.83 115.03 -3.2 24.38 114.37 -3.2 0
24.38 114.37 -3.2 23.27 112.71 -2.6 0
23.27 112.71 -2.6 23.27 110.38 -2.6 0
23.27 110.38 -2.6 24.01 109.05 -2.6 0
24.38 114.37 -3.2 25.49 113.21 -3.2 0
25.49 113.21 -3.2 26.41 111.05 -3.2 0
26.41 111.05 -3.2 27.33 109.55 -3.2 0
27.33 109.55 -3.2 26.96 101.75 -2 0
27.33 109.55 -3.2 29.92 107.39 -3.2 0
29.92 107.39 -3.2 31.58 102.41 -0.4 0
29.92 107.39 -3.2 32.87 107.89 -3.2 0
32.87 107.89 -3.2 34.16 106.06 -1.2 0
32.87 107.89 -3.2 35.08 109.55 -3.2 0
35.08 109.55 -3.2 37.11 108.72 -3.2 0
25.49 113.21 -3.2 27.89 114.04 -3.2 0
27.89 114.04 -3.2 32.32 112.87 -3.2 0
19.77 116.86 -2.6 23.27 120.18 -2.6 0
12.57 116.36 -2.4 14.23 119.35 -4 0
14.23 119.35 -4 15.89 121.18 -4 0
15.89 121.18 -4 18.85 124 -2.2 0
18.85 124 -2.2 23.64 123.84 -2 0
23.64 123.84 -2 28.07 122.18 -2 0
28.07 122.18 -2 29.18 119.35 -2.6 0
29.18 119.35 -2.6 29.92 116.86 -2.6 0
29.92 116.86 -2.6 30.84 115.86 -2.6 0
30.84 115.86 -2.6 31.02 114.37 -2.6 0
31.02 114.37 -2.6 32.5 112.71 -2.6 0
32.5 112.71 -2.6 33.61 111.55 -2.6 0
30.84 115.86 -2.6 33.42 114.54 -2.6 0
33.42 114.54 -2.6 36.56 112.38 -0.4 0
28.07 122.18 -2 31.39 122.18 -2 0
31.39 122.18 -2 37.48 122.68 0.2 0
23.64 123.84 -2 25.49 126.66 -2 0
25.49 126.66 -2 26.96 127.82 -2 0
26.96 127.82 -2 30.29 128.16 -2 0
18.85 124 -2.2 19.03 125.5 -2.2 0
19.03 125.5 -2.2 24.01 130.32 -1.4 0
19.03 125.5 -2.2 16.45 130.81 -2.2 0
16.45 130.81 -2.2 17.56 132.81 -2 0
17.56 132.81 -2 18.11 134.3 -2 0
18.11 134.3 -2 20.69 134.8 -1 0
20.69 134.8 -1 21.8 136.46 -1 0
21.8 136.46 -1 23.64 138.62 0.2 0
23.64 138.62 0.2 25.49 141.11 1 0
18.11 134.3 -2 17 136.46 -2 0
17 136.46 -2 16.45 138.95 -2 0
16.45 138.95 -2 17 141.78 -2.4 0
16.45 130.81 -2.2 14.05 132.31 -2.4 0
14.05 132.31 -2.4 12.94 133.97 -2.4 0
12.94 133.97 -2.4 13.31 136.63 -2.4 0
-1.34 110.81 -0.8 -0.42 111.97 -0.8 0
-0.42 111.97 -0.8 0.5 113.13 -0.8 0
0.5 113.13 -0.8 1.79 114.13 -1.4 0
1.79 114.13 -1.4 3.09 115.62 -1.4 0
3.09 115.62 -1.4 4.38 117.45 0.4 0
4.38 117.45 0.4 5.3 119.61 -0.4 0
5.3 119.61 -0.4 6.04 121.77 0.6 0
6.04 121.77 0.6 6.78 122.6 0.8 0
6.78 122.6 0.8 8.88 122.51 1.2 0
8.88 122.51 1.2 9.62 121.18 1.2 0
9.62 121.18 1.2 11.65 118.69 1.6 0
11.65 118.69 1.6 12.2 117.36 1.6 0
12.2 117.36 1.6 13.13 114.7 1.6 0
13.13 114.7 1.6 13.87 113.04 1.6 0
13.87 113.04 1.6 12.76 111.88 1.6 0
12.76 111.88 1.6 10.54 110.55 1.6 0
10.54 110.55 1.6 9.25 113.87 1.4 0
9.25 113.87 1.4 7.78 116.36 1.4 0
10.54 110.55 1.6 9.62 109.22 1.6 0
9.62 109.22 1.6 8.7 108.72 2 0
8.7 108.72 2 6.12 110.38 1 0
6.12 110.38 1 5.38 113.04 2 0
5.38 113.04 2 3.72 114.7 2 0
3.72 114.7 2 1.32 116.53 2 0
6.12 110.38 1 4.09 109.55 1.2 0
4.09 109.55 1.2 1.32 109.55 1.2 0
8.7 108.72 2 5.75 105.23 2 0
5.75 105.23 2 0.21 105.73 0.8 0
5.75 105.23 2 4.64 102.74 2 0
4.64 102.74 2 0.77 101.75 2 0
4.64 102.74 2 4.82 96.6 2 0
9.62 109.22 1.6 9.25 106.89 2.2 0
9.25 106.89 2.2 9.07 103.74 2.2 0
9.07 103.74 2.2 7.04 102.41 3.6 0
7.04 102.41 3.6 5.93 100.25 3.6 0
5.93 100.25 3.6 4.46 98.42 3.6 0
9.07 103.74 2.2 9.99 102.41 2.2 0
9.99 102.41 2.2 10.73 100.75 3.8 0
10.73 100.75 3.8 10.91 98.26 3.8 0
10.91 98.26 3.8 11.1 95.43 3.8 0
11.1 95.43 3.8 11.84 93.44 3.8 0
11.84 93.44 3.8 12.76 91.45 3.8 0
12.76 111.88 1.6 12.76 108.39 1.4 0
12.76 108.39 1.4 12.02 105.73 1.4 0
12.02 105.73 1.4 11.47 104.4 1.4 0
13.87 113.04 1.6 15.89 110.55 2 0
15.89 110.55 2 16.45 109.39 2 0
16.45 109.39 2 16.08 107.06 2.4 0
16.08 107.06 2.4 16.08 105.4 2.4 0
16.08 105.4 2.4 16.82 102.41 2.4 0
16.45 109.39 2 17.92 108.56 2 0
17.92 108.56 2 18.11 105.73 2 0
18.11 105.73 2 18.66 102.91 2.6 0
18.66 102.91 2.6 18.48 100.58 2.6 0
17.92 108.56 2 19.58 109.22 2 0
12.2 117.36 1.6 17.92 117.03 1.4 0
6.78 122.6 0.8 7.88 124.59 1.2 0
7.88 124.59 1.2 8.25 126.25 -0.2 0
8.25 126.25 -0.2 9.91 127.92 1 0
9.91 127.92 1 11.2 129.24 2 0
11.2 129.24 2 15.05 129.38 3.4 0
15.05 129.38 3.4 18.37 126.72 3.2 0
18.37 126.72 3.2 20.32 124.67 2.4 0
20.32 124.67 2.4 21.98 121.18 2.4 0
21.98 121.18 2.4 22.35 115.86 1.6 0
22.35 115.86 1.6 22.35 113.37 1.4 0
22.35 113.37 1.4 22.17 111.38 1.2 0
22.17 111.38 1.2 19.77 112.87 1.4 0
19.77 112.87 1.4 17.92 114.2 1.4 0
17.92 114.2 1.4 15.89 116.2 2 0
22.17 111.38 1.2 22.54 108.06 1.8 0
22.54 108.06 1.8 22.72 104.74 1.8 0
22.35 113.37 1.4 26.41 112.21 1 0
22.35 115.86 1.6 25.86 115.7 2.2 0
25.86 115.7 2.2 28.26 115.2 2.2 0
28.26 115.2 2.2 30.47 113.04 2.2 0
21.98 121.18 2.4 25.3 120.02 1.8 0
25.3 120.02 1.8 26.78 117.86 1.8 0
26.78 117.86 1.8 29.36 116.36 1.8 0
18.37 126.72 3.2 21.32 126.89 3.2 0
21.32 126.89 3.2 23.17 126.89 3.2 0
23.17 126.89 3.2 25.75 124.56 3.6 0
25.75 124.56 3.6 28.7 121.74 3.4 0
28.7 121.74 3.4 29.62 119.25 2.6 0
29.62 119.25 2.6 31.76 116.7 3.2 0
31.76 116.7 3.2 34.53 114.7 3.2 0
28.7 121.74 3.4 32.95 125.23 2.4 0
23.17 126.89 3.2 25.2 128.88 4.2 0
25.2 128.88 4.2 30.18 128.55 4.2 0
15.05 129.38 3.4 15.6 133.37 3.6 0
15.6 133.37 3.6 15.42 136.86 3.6 0
15.42 136.86 3.6 15.6 139.35 3.6 0
15.6 139.35 3.6 15.79 141.84 4.2 0
15.79 141.84 4.2 16.34 144.16 4.2 0
16.34 144.16 4.2 19.11 147.32 4.2 0
19.11 147.32 4.2 22.8 149.31 3.8 0
22.8 149.31 3.8 27.41 147.49 3.8 0
22.8 149.31 3.8 25.38 151.31 3.8 0
19.11 147.32 4.2 19.29 150.31 4.2 0
19.29 150.31 4.2 22.43 153.3 4.2 0
21.14 154.3 2.2 24.09 155.13 2.2 0
24.09 155.13 2.2 26.12 155.13 2.2 0
26.12 155.13 2.2 28.7 157.79 2.2 0
19.29 150.31 4.2 17.82 153.8 4.4 0
16.34 144.16 4.2 15.05 146.66 4.6 0
15.05 146.66 4.6 12.65 148.15 4.6 0
12.65 148.15 4.6 12.28 149.98 5.6 0
12.28 149.98 5.6 13.76 152.8 5.6 0
12.28 149.98 5.6 9.33 153.13 5.6 0
12.65 148.15 4.6 10.44 147.99 4.6 0
10.44 147.99 4.6 8.41 149.65 4.4 0
8.41 149.65 4.4 6.38 150.48 4.4 0
6.38 150.48 4.4 4.16 150.14 4.4 0
4.16 150.14 4.4 2.32 149.81 4.4 0
10.44 147.99 4.6 8.04 146.32 4.6 0
8.04 146.32 4.6 4.9 146.66 4.6 0
4.9 146.66 4.6 2.87 146.16 4.2 0
2.87 146.16 4.2 -0.08 148.65 3 0
2.87 146.16 4.2 0.29 144 4.2 0
0.29 144 4.2 -2.48 142.01 3.4 0
8.04 146.32 4.6 7.85 143.67 4.6 0
7.85 143.67 4.6 7.3 141.67 3 0
7.3 141.67 3 5.45 140.34 3 0
5.45 140.34 3 3.24 138.85 3 0
11.2 129.24 2 11.02 132.07 0.6 0
11.02 132.07 0.6 11.76 135.56 0.4 0
11.76 135.56 0.4 14.31 139.02 -0.8 0
14.31 139.02 -0.8 15.42 142.5 0.2 0
15.42 142.5 0.2 20.21 143.83 -1 0
15.42 142.5 0.2 16.34 146.99 -1.4 0
16.34 146.99 -1.4 18 149.98 -0.6 0
18 149.98 -0.6 20.03 152.3 -0.6 0
16.34 146.99 -1.4 14.5 148.98 -1.4 0
14.5 148.98 -1.4 14.86 151.14 -1.4 0
14.86 151.14 -1.4 14.86 152.64 -1.4 0
14.86 152.64 -1.4 16.71 153.47 -1.4 0
11.76 135.56 0.4 10.84 138.05 -1 0
10.84 138.05 -1 10.28 140.21 -1 0
10.28 140.21 -1 9.54 142.37 -1.2 0
9.54 142.37 -1.2 10.62 145.49 -2 0
10.62 145.49 -2 10.62 148.32 -2 0
10.62 148.32 -2 10.81 151.14 -2.4 0
10.81 151.14 -2.4 12.65 153.97 -0.4 0
12.65 153.97 -0.4 14.13 156.29 -0 0
14.13 156.29 -0 14.86 157.29 1 0
14.86 157.29 1 18.55 156.29 2.2 0
18.55 156.29 2.2 21.14 154.3 2.2 0
21.14 154.3 2.2 22.98 152.64 1.8 0
22.98 152.64 1.8 26.12 149.65 1.8 0
18.55 156.29 2.2 20.21 158.12 1.2 0
20.21 158.12 1.2 24.46 161.27 1.2 0
24.46 161.27 1.2 27.96 160.94 2 0
27.96 160.94 2 30.92 160.78 2 0
30.92 160.78 2 33.5 159.28 3 0
33.5 159.28 3 34.42 156.12 3.6 0
33.5 159.28 3 34.98 160.94 3 0
34.98 160.94 3 36.82 162.27 3 0
36.82 162.27 3 39.22 163.93 1.6 0
30.92 160.78 2 33.68 163.6 2 0
33.68 163.6 2 35.34 166.92 2 0
35.34 166.92 2 37.93 170.91 0.2 0
37.93 170.91 0.2 39.96 174.07 -2.6 0
37.93 170.91 0.2 36.08 173.23 0.4 0
24.46 161.27 1.2 24.83 165.26 1 0
24.83 165.26 1 27.23 167.25 1.2 0
27.23 167.25 1.2 28.52 169.08 1.2 0
28.52 169.08 1.2 28.89 170.74 1.2 0
28.89 170.74 1.2 28.33 172.07 1.2 0
24.83 165.26 1 24.46 167.42 1 0
24.46 167.42 1 25.93 169.75 1.4 0
25.93 169.75 1.4 26.3 172.24 1.4 0
26.3 172.24 1.4 24.09 174.23 1.4 0
24.46 167.42 1 21.88 168.25 1 0
21.88 168.25 1 20.58 166.59 1 0
20.58 166.59 1 19.29 164.76 1 0
14.86 157.29 1 15.42 159.61 1.8 0
15.42 159.61 1.8 16.16 162.27 1.8 0
16.16 162.27 1.8 16.89 165.09 1.6 0
16.89 165.09 1.6 16.34 167.92 2.4 0
16.34 167.92 2.4 17.82 170.74 1.8 0
17.82 170.74 1.8 18.19 171.91 1.8 0
18.19 171.91 1.8 20.4 172.24 1.4 0
20.4 172.24 1.4 22.8 173.4 1.4 0
18.19 171.91 1.8 16.89 174.07 1.8 0
16.89 174.07 1.8 16.71 176.39 1.8 0
16.34 167.92 2.4 13.39 168.25 1.8 0
13.39 168.25 1.8 11.73 168.75 1.8 0
11.73 168.75 1.8 9.88 170.08 -0 0
9.88 170.08 -0 8.59 171.74 -0.8 0
8.59 171.74 -0.8 7.85 172.74 -0.8 0
14.13 156.29 -0 12.47 158.95 -0 0
12.47 158.95 -0 10.62 161.11 1 0
10.62 161.11 1 10.25 163.27 1 0
9.54 142.37 -1.2 7.51 144.86 -2 0
7.51 144.86 -2 5.85 147.02 -2 0
5.85 147.02 -2 4.01 149.34 -2.8 0
4.01 149.34 -2.8 4.19 152 -1.6 0
4.19 152 -1.6 4.38 153.16 -1.6 0
4.38 153.16 -1.6 6.56 155.29 -0.8 0
6.56 155.29 -0.8 8.41 158.28 -0.4 0
8.41 158.28 -0.4 8.59 159.78 -0.4 0
8.59 159.78 -0.4 8.41 161.27 -0.4 0
8.41 161.27 -0.4 7.12 163.27 -0.4 0
6.56 155.29 -0.8 5.64 158.12 -0.8 0
5.64 158.12 -0.8 5.27 160.94 -0.8 0
4.38 153.16 -1.6 2.72 155.66 -1 0
2.72 155.66 -1 1.79 157.98 -0.8 0
1.79 157.98 -0.8 0.32 161.64 -2 0
0.32 161.64 -2 1.95 164.43 -0.2 0
1.95 164.43 -0.2 5.09 165.26 -0.6 0
5.09 165.26 -0.6 7.48 168.25 -0.6 0
1.95 164.43 -0.2 0.29 167.42 -0.2 0
0.29 167.42 -0.2 2.13 168.42 -0.8 0
2.13 168.42 -0.8 4.35 169.91 -0.8 0
0.29 167.42 -0.2 -0.82 170.58 -1.4 0
-0.82 170.58 -1.4 -3.03 173.73 -0.4 0
-0.82 170.58 -1.4 -4.14 170.58 -3.4 0
-4.14 170.58 -3.4 -6.72 171.24 -4.4 0
0.32 161.64 -2 -3.03 164.26 -2.2 0
-3.03 164.26 -2.2 -3.03 167.92 -2.4 0
-3.03 164.26 -2.2 -6.91 166.42 -4.6 0
-6.91 166.42 -4.6 -10.97 168.08 -5.2 0
-10.97 168.08 -5.2 -14.29 170.24 -6.2 0
-14.29 170.24 -6.2 -16.87 171.57 -10.2 0
-16.87 171.57 -10.2 -18.71 173.23 -10.2 0
-18.71 173.23 -10.2 -20.38 174.9 -10.2 0
-14.29 170.24 -6.2 -16.32 168.92 -6 0
-16.32 168.92 -6 -20.93 170.08 -6 0
-20.93 170.08 -6 -25.54 171.57 -7.8 0
-25.54 171.57 -7.8 -31.63 174.73 -7.8 0
4.01 149.34 -2.8 0.13 152.17 -2.2 0
0.13 152.17 -2.2 -1.34 154.83 -2 0
-1.34 154.83 -2 -2.63 158.81 -2 0
0.13 152.17 -2.2 -3 151.67 -3.6 0
-3 151.67 -3.6 -5.4 151.67 -3.6 0
-5.4 151.67 -3.6 -10.57 152.5 -3.6 0
-3.92 150.34 -2 -3.74 147.52 -1.8 0
-3.74 147.52 -1.8 -2.82 144.86 -1.8 0
-2.82 144.86 -1.8 -0.79 140.71 -1.8 0
8.25 126.25 -0.2 6.78 131.57 -0.8 0
6.78 131.57 -0.8 6.04 134.89 -0.6 0
6.04 134.89 -0.6 5.48 138.21 -2.4 0
5.48 138.21 -2.4 4.56 140.71 -1.4 0
4.56 140.71 -1.4 2.16 142.87 -2.2 0
2.16 142.87 -2.2 0.69 145.19 -2.8 0
0.69 145.19 -2.8 0.32 146.52 -2.8 0
0.32 146.52 -2.8 -0.23 149.84 -1.8 0
-0.23 149.84 -1.8 -0.97 152.83 -1.8 0
-0.97 152.83 -1.8 -2.08 157.32 -1.8 0
0.32 146.52 -2.8 -3.92 150.34 -2 0
-3.92 150.34 -2 -4.85 152.33 -2.8 0
-4.85 152.33 -2.8 -6.32 154.83 -2.8 0
-6.32 154.83 -2.8 -6.69 156.65 -2.8 0
-6.69 156.65 -2.8 -6.51 160.31 -2.8 0
5.3 131.4 1.2 8.81 131.4 1.2 0
-1.65 109.87 -0.6 -2.76 111.03 -0.6 0
-2.76 111.03 -0.6 -4.05 112.03 -0.6 0
-4.05 112.03 -0.6 -5.16 113.19 -0.6 0
-5.16 113.19 -0.6 -6.64 114.36 -0.2 0
-6.64 114.36 -0.2 -7.74 115.35 -0.4 0
-7.74 115.35 -0.4 -9.22 116.51 -0.6 0
-9.22 116.51 -0.6 -11.43 117.68 -1 0
-11.43 117.68 -1 -12.17 119.34 -1.4 0
-12.17 119.34 -1.4 -12.91 121 -1.4 0
-12.91 121 -1.4 -13.83 122.66 -1.6 0
-13.83 122.66 -1.6 -14.57 123.82 -1.6 0
-14.57 123.82 -1.6 -14.07 125.59 -0.6 0
-14.07 125.59 -0.6 -13.15 126.92 -0.6 0
-13.15 126.92 -0.6 -12.97 128.75 -0.6 0
-12.97 128.75 -0.6 -12.97 131.07 -0.6 0
-12.97 131.07 -0.6 -12.97 132.57 -0.8 0
-12.97 132.57 -0.8 -13.15 134.39 -0.8 0
-13.15 134.39 -0.8 -11.67 136.89 -1.6 0
-11.67 136.89 -1.6 -10.75 138.71 -1.6 0
-10.75 138.71 -1.6 -8.17 138.38 -1.2 0
-8.17 138.38 -1.2 -7.25 137.72 -1.2 0
-7.25 137.72 -1.2 -4.66 135.39 -0.6 0
-4.66 135.39 -0.6 -6.69 131.4 -1 0
-6.69 131.4 -1 -8.54 130.07 -2 0
-8.54 130.07 -2 -9.83 133.23 -2.6 0
-8.54 130.07 -2 -9.64 127.75 -2.8 0
-9.64 127.75 -2.8 -9.46 126.09 -2.8 0
-9.46 126.09 -2.8 -10.57 124.26 -2.8 0
-10.57 124.26 -2.8 -10.38 122.1 -2.8 0
-10.38 122.1 -2.8 -9.09 120.11 -2.8 0
-9.09 120.11 -2.8 -6.88 118.61 -2.8 0
-6.88 118.61 -2.8 -5.03 117.62 -2.8 0
-9.46 126.09 -2.8 -7.8 124.76 -2 0
-7.8 124.76 -2 -6.32 122.77 -2 0
-6.32 122.77 -2 -4.48 121.27 -2 0
-4.48 121.27 -2 -3 119.11 -2 0
-3 119.11 -2 -1.9 117.28 -2 0
-6.69 131.4 -1 -5.4 129.41 -0.2 0
-5.4 129.41 -0.2 -4.66 126.75 -0.2 0
-4.66 126.75 -0.2 -4.66 124.76 -0.2 0
-4.66 124.76 -0.2 -3.19 123.1 -0.2 0
-3.19 123.1 -0.2 -0.97 122.1 -0.2 0
-0.97 122.1 -0.2 2.72 121.27 -0.2 0
-4.66 135.39 -0.6 -1.53 136.55 -1 0
-1.53 136.55 -1 1.24 134.73 -0.6 0
1.24 134.73 -0.6 4.19 132.73 -0.6 0
4.19 132.73 -0.6 5.3 131.4 1.2 0
5.3 131.4 1.2 6.41 126.75 1.2 0
-1.53 136.55 -1 0.69 139.71 -1 0
-7.25 137.72 -1.2 -5.4 140.54 -1.2 0
-10.75 138.71 -1.6 -11.49 140.21 -1.6 0
-11.49 140.21 -1.6 -11.86 142.37 -1.6 0
-11.86 142.37 -1.6 -11.86 144.36 -1.6 0
-11.86 144.36 -1.6 -11.86 146.35 -1.6 0
-11.86 146.35 -1.6 -11.67 147.85 -1.6 0
-11.67 147.85 -1.6 -10.38 149.68 0.2 0
-10.38 149.68 0.2 -7.61 152.33 0.2 0
-7.61 152.33 0.2 -5.95 153.16 -0 0
-7.61 152.33 0.2 -11.31 159.64 0.2 0
-10.38 149.68 0.2 -10.2 152.33 -1.2 0
-10.2 152.33 -1.2 -10.2 154.83 -1.2 0
-10.2 154.83 -1.2 -8.72 157.32 -1.2 0
-11.67 147.85 -1.6 -13.89 149.51 -1.2 0
-13.89 149.51 -1.2 -14.63 150.84 -1.2 0
-14.63 150.84 -1.2 -15.55 152.83 -1.2 0
-15.55 152.83 -1.2 -15.55 154.16 -1.2 0
-15.55 154.16 -1.2 -15.36 155.32 -1.8 0
-13.15 134.39 -0.8 -14.44 134.89 -1.6 0
-14.44 134.89 -1.6 -15.92 135.72 -1.6 0
-15.92 135.72 -1.6 -17.39 137.05 -1.6 0
-17.39 137.05 -1.6 -19.61 139.21 -2.6 0
-19.61 139.21 -2.6 -19.24 142.37 -2.2 0
-19.24 142.37 -2.2 -19.05 143.86 -2.2 0
-19.05 143.86 -2.2 -16.29 145.52 -2.2 0
-19.05 143.86 -2.2 -19.79 145.52 -2.2 0
-19.79 145.52 -2.2 -19.05 147.52 -2.2 0
-19.05 147.52 -2.2 -18.13 150.01 -2.2 0
-19.61 139.21 -2.6 -21.82 140.04 -3 0
-21.82 140.04 -3 -23.67 140.71 -3 0
-23.67 140.71 -3 -23.85 141.7 -3.4 0
-23.85 141.7 -3.4 -24.59 144.36 -3 0
-24.59 144.36 -3 -24.96 147.02 -3 0
-24.96 147.02 -3 -25.88 150.01 -1.8 0
-25.88 150.01 -1.8 -26.43 152 -1.8 0
-26.43 152 -1.8 -26.8 153.83 -1.8 0
-23.85 141.7 -3.4 -25.7 141.54 -3.4 0
-25.7 141.54 -3.4 -26.99 142.87 -3.4 0
-26.99 142.87 -3.4 -27.91 144.86 -3.4 0
-27.91 144.86 -3.4 -29.02 147.52 -3.4 0
-29.02 147.52 -3.4 -30.49 149.84 -3.4 0
-30.49 149.84 -3.4 -31.6 152 -3.4 0
-23.67 140.71 -3 -25.33 139.21 -3.6 0
-25.33 139.21 -3.6 -27.17 139.38 -3.8 0
-27.17 139.38 -3.8 -29.94 139.88 -3.8 0
-29.94 139.88 -3.8 -32.89 140.37 -4 0
-32.89 140.37 -4 -34.37 144.36 -4 0
-32.89 140.37 -4 -36.95 140.37 -4 0
-27.17 139.38 -3.8 -28.46 136.05 -3.8 0
-25.33 139.21 -3.6 -24.77 135.89 -4.2 0
-24.77 135.89 -4.2 -24.59 132.9 -4.6 0
-14.57 123.82 -1.6 -16.78 125.32 -2.6 0
-16.78 125.32 -2.6 -19.92 127.15 -2.6 0
-19.92 127.15 -2.6 -23.42 129.31 -2.4 0
-23.42 129.31 -2.4 -27.48 131.47 -2.4 0
-27.48 131.47 -2.4 -30.44 133.13 -2.8 0
-30.44 133.13 -2.8 -33.02 134.62 -2.8 0
-33.02 134.62 -2.8 -34.5 136.45 -3.8 0
-34.5 136.45 -3.8 -36.58 138.38 -3.6 0
-36.58 138.38 -3.6 -38.43 140.04 -2.6 0
-38.43 140.04 -2.6 -39.9 141.04 -2.6 0
-39.9 141.04 -2.6 -39.72 143.03 -3.6 0
-39.72 143.03 -3.6 -40.46 145.36 -3.4 0
-40.46 145.36 -3.4 -42.12 148.68 -3 0
-42.12 148.68 -3 -43.59 151.17 -3 0
-43.59 151.17 -3 -44.88 153.16 -3.6 0
-44.88 153.16 -3.6 -43.41 155.49 -3.6 0
-43.41 155.49 -3.6 -41.38 156.82 -3.6 0
-41.38 156.82 -3.6 -38.24 154.33 -4.2 0
-41.38 156.82 -3.6 -43.04 159.14 -5.2 0
-43.04 159.14 -5.2 -43.59 161.47 -5.2 0
-44.88 153.16 -3.6 -47.28 154.66 -4.2 0
-47.28 154.66 -4.2 -47.1 157.32 -4 0
-47.1 157.32 -4 -47.84 159.81 -4 0
-47.84 159.81 -4 -48.94 161.97 -4 0
-48.94 161.97 -4 -49.68 163.46 -4 0
-49.68 163.46 -4 -51.34 164.96 -4.8 0
-47.28 154.66 -4.2 -48.76 155.49 -4.2 0
-48.76 155.49 -4.2 -48.94 157.65 -5.4 0
-48.94 157.65 -5.4 -49.87 159.64 -5.4 0
-49.87 159.64 -5.4 -51.16 161.8 -5.4 0
-51.16 161.8 -5.4 -53 163.46 -5.4 0
-53 163.46 -5.4 -54.66 164.63 -5.4 0
-54.66 164.63 -5.4 -58.17 164.46 -5.4 0
-48.76 155.49 -4.2 -50.05 155.99 -4.2 0
-50.05 155.99 -4.2 -50.97 157.82 -4.8 0
-50.97 157.82 -4.8 -52.45 159.81 -4.8 0
-52.45 159.81 -4.8 -54.66 161.47 -4.8 0
-54.66 161.47 -4.8 -56.51 162.8 -4.8 0
-56.51 162.8 -4.8 -56.32 164.79 -5 0
-56.32 164.79 -5 -56.32 165.62 -5 0
-56.32 165.62 -5 -56.51 168.78 -5.4 0
-56.51 162.8 -4.8 -58.35 162.13 -4.8 0
-58.35 162.13 -4.8 -60.01 162.13 -4.8 0
-60.01 162.13 -4.8 -61.31 163.8 -4.8 0
-61.31 163.8 -4.8 -62.04 164.96 -4.8 0
-62.04 164.96 -4.8 -63.33 167.12 -7.6 0
-50.05 155.99 -4.2 -51.34 155.49 -5.6 0
-51.34 155.49 -5.6 -52.45 156.98 -6 0
-52.45 156.98 -6 -54.29 157.65 -6 0
-54.29 157.65 -6 -54.66 158.98 -6.2 0
-54.66 158.98 -6.2 -57.43 160.31 -6.2 0
-54.29 157.65 -6 -55.4 156.98 -6 0
-55.4 156.98 -6 -57.61 157.32 -6 0
-51.34 155.49 -5.6 -52.26 153.66 -5.6 0
-52.26 153.66 -5.6 -54.85 151.17 -4.8 0
-40.46 145.36 -3.4 -43.04 146.52 -3.4 0
-43.04 146.52 -3.4 -45.25 147.35 -3.4 0
-45.25 147.35 -3.4 -49.31 148.85 -3.2 0
-49.31 148.85 -3.2 -49.5 151.17 -5.8 0
-49.5 151.17 -5.8 -50.42 152.5 -5.8 0
-50.42 152.5 -5.8 -48.21 152.33 -5.8 0
-48.21 152.33 -5.8 -45.62 150.17 -5.8 0
-50.42 152.5 -5.8 -54.11 154.49 -5.6 0
-49.31 148.85 -3.2 -51.34 149.51 -3.4 0
-51.34 149.51 -3.4 -52.82 150.34 -3.4 0
-39.9 141.04 -2.6 -42.49 140.87 -3.4 0
-42.49 140.87 -3.4 -44.15 140.87 -3.4 0
-44.15 140.87 -3.4 -45.81 142.37 -3.2 0
-45.81 142.37 -3.2 -47.65 143.86 -3.2 0
-47.65 143.86 -3.2 -49.31 144.86 -3.4 0
-49.31 144.86 -3.4 -51.16 146.02 -5 0
-51.16 146.02 -5 -53.19 147.35 -5 0
-53.19 147.35 -5 -55.22 150.67 -6.4 0
-55.22 150.67 -6.4 -56.69 153.5 -6.4 0
-56.69 153.5 -6.4 -59.09 157.15 -5.6 0
-59.09 157.15 -5.6 -60.94 158.81 -5.6 0
-60.94 158.81 -5.6 -62.97 160.64 -5.6 0
-62.97 160.64 -5.6 -63.7 163.46 -5.6 0
-63.7 163.46 -5.6 -64.44 165.46 -5.6 0
-64.44 165.46 -5.6 -65 166.95 -8 0
-62.97 160.64 -5.6 -65.36 161.8 -5.6 0
-65.36 161.8 -5.6 -68.32 164.63 -5.6 0
-53.19 147.35 -5 -54.85 146.85 -5.4 0
-54.85 146.85 -5.4 -58.17 149.51 -6.6 0
-58.17 149.51 -6.6 -61.31 151.34 -6.6 0
-61.31 151.34 -6.6 -63.7 153.83 -6.6 0
-63.7 153.83 -6.6 -65.18 156.65 -6 0
-65.18 156.65 -6 -67.39 159.31 -6 0
-67.39 159.31 -6 -67.02 161.64 -7.4 0
-67.02 161.64 -7.4 -67.58 162.97 -7.4 0
-67.58 162.97 -7.4 -68.69 163.96 -7.4 0
-67.39 159.31 -6 -69.61 158.65 -6 0
-69.61 158.65 -6 -71.82 158.81 -6 0
-71.82 158.81 -6 -73.11 159.97 -6 0
-73.11 159.97 -6 -74.77 161.97 -6.2 0
-54.85 146.85 -5.4 -56.88 146.02 -4.8 0
-56.88 146.02 -4.8 -59.46 146.52 -6 0
-59.46 146.52 -6 -61.86 146.85 -6 0
-61.86 146.85 -6 -64.44 149.34 -6.4 0
-64.44 149.34 -6.4 -65 151.84 -6.8 0
-65 151.84 -6.8 -66.29 153.5 -6.8 0
-66.29 153.5 -6.8 -67.58 154.66 -6.8 0
-64.44 149.34 -6.4 -67.39 150.34 -6.2 0
-67.39 150.34 -6.2 -69.61 152.5 -8.4 0
-69.61 152.5 -8.4 -70.35 154.49 -6.4 0
-70.35 154.49 -6.4 -69.24 156.49 -7.6 0
-69.24 156.49 -7.6 -69.24 158.81 -7.6 0
-69.24 158.81 -7.6 -70.71 161.97 -9 0
-70.71 161.97 -9 -72.38 163.96 -6.6 0
-72.38 163.96 -6.6 -73.67 164.96 -6.6 0
-73.67 164.96 -6.6 -76.43 165.62 -6.6 0
-70.35 154.49 -6.4 -72.56 155.99 -6.4 0
-72.56 155.99 -6.4 -74.4 158.31 -7.2 0
-74.4 158.31 -7.2 -75.51 159.64 -7.2 0
-69.61 152.5 -8.4 -73.3 153.16 -8 0
-73.3 153.16 -8 -75.33 155.82 -8.6 0
-75.33 155.82 -8.6 -77.54 158.15 -8.6 0
-73.3 153.16 -8 -75.88 153.5 -8 0
-75.88 153.5 -8 -77.91 154.49 -8 0
-77.91 154.49 -8 -79.94 156.32 -8 0
-79.94 156.32 -8 -80.49 158.31 -9 0
-80.49 158.31 -9 -81.78 160.31 -9.6 0
-79.94 156.32 -8 -83.81 156.32 -10.6 0
-61.86 146.85 -6 -63.7 145.19 -4.8 0
-63.7 145.19 -4.8 -67.21 147.02 -6.6 0
-67.21 147.02 -6.6 -69.61 147.85 -6.6 0
-69.61 147.85 -6.6 -71.82 150.17 -5.8 0
-71.82 150.17 -5.8 -74.22 151.17 -6.6 0
-74.22 151.17 -6.6 -77.17 152.17 -6.8 0
-77.17 152.17 -6.8 -80.49 152.5 -7.2 0
-69.61 147.85 -6.6 -72.74 147.85 -6.8 0
-72.74 147.85 -6.8 -75.33 147.52 -6.8 0
-75.33 147.52 -6.8 -78.65 147.68 -6.8 0
-78.65 147.68 -6.8 -80.86 146.85 -6.4 0
-80.86 146.85 -6.4 -82.71 146.52 -6.4 0
-63.7 145.19 -4.8 -65.36 143.2 -5.6 0
-65.36 143.2 -5.6 -68.32 143.36 -6 0
-68.32 143.36 -6 -70.71 144.19 -5.6 0
-70.71 144.19 -5.6 -72.93 144.53 -5.6 0
-72.93 144.53 -5.6 -76.62 144.69 -6.4 0
-68.32 143.36 -6 -69.79 141.54 -6.4 0
-69.79 141.54 -6.4 -70.71 139.71 -6.4 0
-70.71 139.71 -6.4 -71.08 137.05 -4.6 0
-71.08 137.05 -4.6 -71.08 135.39 -4.6 0
-71.08 135.39 -4.6 -69.05 132.23 -5 0
-65.36 143.2 -5.6 -67.76 139.88 -5.6 0
-56.88 146.02 -4.8 -57.43 144.19 -4.8 0
-57.43 144.19 -4.8 -58.72 143.03 -5 0
-58.72 143.03 -5 -61.12 142.03 -5 0
-61.12 142.03 -5 -62.78 140.71 -5 0
-44.15 140.87 -3.4 -45.62 139.21 -4.4 0
-45.62 139.21 -4.4 -46.73 138.21 -4.4 0
-46.73 138.21 -4.4 -49.31 139.04 -4.6 0
-49.31 139.04 -4.6 -52.63 139.04 -4.6 0
-52.63 139.04 -4.6 -53.37 141.87 -4.6 0
-53.37 141.87 -4.6 -52.82 143.7 -5.6 0
-52.82 143.7 -5.6 -51.16 144.19 -5.6 0
-52.63 139.04 -4.6 -55.03 138.38 -3.8 0
-55.03 138.38 -3.8 -58.54 137.72 -6 0
-58.54 137.72 -6 -60.75 139.54 -6 0
-58.54 137.72 -6 -62.04 136.89 -5 0
-62.04 136.89 -5 -66.1 137.55 -5 0
-46.73 138.21 -4.4 -46.91 136.72 -4.8 0
-46.91 136.72 -4.8 -47.1 134.73 -4.8 0
-47.1 134.73 -4.8 -46.18 133.23 -4.8 0
-46.18 133.23 -4.8 -45.81 131.24 -4.8 0
-45.81 131.24 -4.8 -46.73 127.42 -2.8 0
-46.73 127.42 -2.8 -47.47 125.09 -3.8 0
-47.47 125.09 -3.8 -48.02 123.26 -3.8 0
-52.82 143.7 -5.6 -53.92 145.52 -5.6 0
-53.37 141.87 -4.6 -56.88 142.03 -5.2 0
-11.43 117.68 -1 -13.09 116.18 -2.2 0
-13.09 116.18 -2.2 -14.2 114.85 -2.8 0
-14.2 114.85 -2.8 -18.63 114.69 -3.6 0
-18.63 114.69 -3.6 -19.92 115.19 -3.6 0
-19.92 115.19 -3.6 -19.55 117.84 -4.6 0
-19.55 117.84 -4.6 -19.18 119.84 -4.6 0
-19.18 119.84 -4.6 -19.55 121.83 -4.6 0
-19.55 121.83 -4.6 -19.37 124.32 -4.6 0
-19.92 115.19 -3.6 -21.4 115.02 -4.2 0
-21.4 115.02 -4.2 -23.06 117.68 -3.8 0
-23.06 117.68 -3.8 -24.53 119.5 -3.8 0
-24.53 119.5 -3.8 -26.01 121.66 -3 0
-26.01 121.66 -3 -27.3 123.33 -3 0
-27.3 123.33 -3 -28.96 125.48 -3 0
-28.96 125.48 -3 -30.44 126.48 -3 0
-30.44 126.48 -3 -32.28 128.81 -2.4 0
-32.28 128.81 -2.4 -34.5 131.13 -2.4 0
-34.5 131.13 -2.4 -36.34 132.96 -2.4 0
-36.34 132.96 -2.4 -38.55 133.96 -2.2 0
-38.55 133.96 -2.2 -41.32 134.95 -2.2 0
-30.44 126.48 -3 -32.65 125.15 -3 0
-24.53 119.5 -3.8 -27.48 119.67 -3.4 0
-27.48 119.67 -3.4 -28.78 119.84 -4.2 0
-28.78 119.84 -4.2 -29.7 121.5 -3.6 0
-28.78 119.84 -4.2 -31.36 119.5 -4.2 0
-31.36 119.5 -4.2 -33.2 120 -4.2 0
-33.2 120 -4.2 -33.57 121.66 -4.2 0
-33.57 121.66 -4.2 -33.94 123.49 -4.2 0
-21.4 115.02 -4.2 -22.5 113.19 -4.2 0
-22.5 113.19 -4.2 -24.16 112.36 -4.2 0
-24.16 112.36 -4.2 -26.56 111.7 -4 0
-26.56 111.7 -4 -28.78 111.03 -4 0
-28.78 111.03 -4 -31.36 111.37 -5.6 0
-31.36 111.37 -5.6 -32.47 112.36 -4.4 0
-32.47 112.36 -4.4 -34.31 112.86 -4.4 0
-34.31 112.86 -4.4 -35.79 113.03 -4.4 0
-31.36 111.37 -5.6 -33.76 110.53 -5.6 0
-33.76 110.53 -5.6 -35.97 109.37 -5.6 0
-35.97 109.37 -5.6 -38.92 108.71 -5.6 0
-34.43 110.73 -2.4 -34.43 112.72 -2.4 0
-34.43 112.72 -2.4 -34.8 115.21 -1.6 0
-34.8 115.21 -1.6 -34.25 117.71 -1.6 0
-36.09 109.4 -1.8 -37.94 112.22 -2.6 0
-37.94 112.22 -2.6 -39.04 114.72 -2.6 0
-39.04 114.72 -2.6 -40.33 118.2 -2.2 0
-40.33 118.2 -2.2 -41.26 120.03 -2.2 0
-41.26 120.03 -2.2 -43.47 122.86 -3.2 0
-37.01 108.07 -1.8 -39.04 109.73 -1 0
-39.04 109.73 -1 -41.26 112.06 -1 0
-41.26 112.06 -1 -42.73 113.72 -2 0
-42.73 113.72 -2 -43.66 115.55 -2 0
-43.66 115.55 -2 -44.95 117.37 -2.4 0
-44.95 117.37 -2.4 -47.35 119.53 -4.4 0
-18.63 114.69 -3.6 -19 113.03 -3.4 0
-19 113.03 -3.4 -20.66 112.2 -2.8 0
-20.66 112.2 -2.8 -22.32 110.87 -3.8 0
-22.32 110.87 -3.8 -24.9 109.7 -3.8 0
-24.9 109.7 -3.8 -28.78 108.71 -4.2 0
-28.78 108.71 -4.2 -31.36 108.21 -4.4 0
-31.36 108.21 -4.4 -33.02 106.88 -4.4 0
-33.02 106.88 -4.4 -34.5 103.39 -4.4 0
-28.78 108.71 -4.2 -29.88 106.71 -4.2 0
-29.88 106.71 -4.2 -31.36 104.55 -4.2 0
-19 113.03 -3.4 -19.18 110.7 -4.2 0
-19.18 110.7 -4.2 -21.21 108.87 -4.2 0
-21.21 108.87 -4.2 -23.24 106.88 -4.2 0
-23.24 106.88 -4.2 -25.64 105.88 -3.2 0
-25.64 105.88 -3.2 -27.85 104.55 -3.2 0
-27.85 104.55 -3.2 -29.33 102.56 -3.4 0
-29.33 102.56 -3.4 -30.07 100.4 -3.4 0
-30.07 100.4 -3.4 -30.25 99.9 -3.8 0
-23.24 106.88 -4.2 -23.79 103.89 -3.8 0
-23.79 103.89 -3.8 -25.09 101.73 -2.4 0
-25.09 101.73 -2.4 -27.85 101.4 -2.4 0
-27.85 101.4 -2.4 -29.51 99.74 -2.4 0
-29.51 99.74 -2.4 -30.07 99.07 -2.4 0
-30.07 99.07 -2.4 -31.54 99.24 -2.2 0
-31.54 99.24 -2.2 -32.83 100.57 -2.2 0
-25.09 101.73 -2.4 -25.09 99.07 -2.4 0
-25.09 99.07 -2.4 -26.01 96.91 -2.4 0
-26.01 96.91 -2.4 -27.48 94.59 -3 0
-14.2 114.85 -2.8 -13.65 113.03 -2.8 0
-13.65 113.03 -2.8 -14.57 111.37 -2.8 0
-14.57 111.37 -2.8 -15.68 109.37 -2.8 0
-15.68 109.37 -2.8 -16.78 107.88 -3.2 0
-16.78 107.88 -3.2 -16.97 107.21 -3.4 0
-16.97 107.21 -3.4 -19.18 105.72 -2.8 0
-19.18 105.72 -2.8 -20.47 104.55 -2.8 0
-20.47 104.55 -2.8 -21.4 103.23 -2.8 0
-21.4 103.23 -2.8 -22.32 101.73 -2.8 0
-22.32 101.73 -2.8 -23.06 100.24 -2.8 0
-23.06 100.24 -2.8 -22.87 98.08 -2.8 0
-22.87 98.08 -2.8 -23.06 95.92 -2.8 0
-23.06 95.92 -2.8 -23.42 93.26 -1.8 0
-23.42 93.26 -1.8 -26.19 90.44 -2.8 0
-23.42 93.26 -1.8 -19.37 89.11 -1.6 0
-16.97 107.21 -3.4 -17.71 104.22 -3.6 0
-17.71 104.22 -3.6 -18.81 102.89 -3.8 0
-18.81 102.89 -3.8 -19.92 101.4 -3.8 0
-19.92 101.4 -3.8 -20.66 99.24 -3.8 0
-20.66 99.24 -3.8 -20.66 97.58 -3.8 0
-20.66 97.58 -3.8 -19.18 95.09 -3.8 0
-19.18 95.09 -3.8 -18.81 92.1 -4 0
-17.71 104.22 -3.6 -16.78 102.56 -3.2 0
-16.78 102.56 -3.2 -16.23 100.07 -3.2 0
-16.23 100.07 -3.2 -15.49 97.08 -1.6 0
-15.49 97.08 -1.6 -15.49 94.09 -1.6 0
-16.23 100.07 -3.2 -17.89 97.58 -3.2 0
-3.93 104.92 5.8 -5.59 105.75 6.6 0
-5.59 105.75 6.6 -6.89 106.42 6.2 0
-6.89 106.42 6.2 -8.36 107.41 6.2 0
-8.36 107.41 6.2 -9.84 108.41 5.6 0
-9.84 108.41 5.6 -10.58 109.07 5.6 0
-10.58 109.07 5.6 -11.45 111.61 4.2 0
-11.45 111.61 4.2 -13.11 113.61 4.2 0
-13.11 113.61 4.2 -14.95 115.77 4.2 0
-14.95 115.77 4.2 -16.8 118.09 4.2 0
-16.8 118.09 4.2 -18.09 120.09 4.4 0
-18.09 120.09 4.4 -18.56 121.85 4.4 0
-18.56 121.85 4.4 -18.56 123.84 4.4 0
-18.56 123.84 4.4 -19.3 126.5 4.4 0
-19.3 126.5 4.4 -20.22 129.82 4.4 0
-20.22 129.82 4.4 -21.51 132.14 4.4 0
-21.51 132.14 4.4 -23.73 134.8 5.2 0
-23.73 134.8 5.2 -22.85 137.06 3.2 0
-22.85 137.06 3.2 -22.85 139.88 3.2 0
-22.85 139.88 3.2 -22.48 143.04 3.2 0
-22.48 143.04 3.2 -21.56 146.03 3.2 0
-21.56 146.03 3.2 -20.64 149.52 2.6 0
-20.64 149.52 2.6 -20.09 152.18 1.4 0
-20.09 152.18 1.4 -19.72 154 1.4 0
-19.72 154 1.4 -17.87 156.33 1.4 0
-17.87 156.33 1.4 -16.58 158.16 1.4 0
-16.58 158.16 1.4 -16.21 159.82 1.4 0
-16.21 159.82 1.4 -14.37 160.15 1.2 0
-14.37 160.15 1.2 -13.26 160.48 1.2 0
-13.26 160.48 1.2 -11.41 161.31 2.6 0
-11.41 161.31 2.6 -10.68 162.81 2.6 0
-10.68 162.81 2.6 -10.31 164.63 2.6 0
-10.31 164.63 2.6 -10.31 165.96 2.6 0
-10.31 165.96 2.6 -9.38 167.13 3.6 0
-9.38 167.13 3.6 -8.09 167.62 3.6 0
-8.09 167.62 3.6 -6.25 167.62 3.6 0
-6.25 167.62 3.6 -4.59 168.12 3.6 0
-16.21 159.82 1.4 -16.95 161.64 1.4 0
-16.95 161.64 1.4 -18.42 163.47 1.4 0
-18.42 163.47 1.4 -19.53 165.63 1.6 0
-19.53 165.63 1.6 -17.13 168.29 -0.2 0
-17.13 168.29 -0.2 -14.55 168.79 2.8 0
-14.55 168.79 2.8 -12.71 169.12 2.8 0
-12.71 169.12 2.8 -12.52 170.45 2.8 0
-12.52 170.45 2.8 -11.04 172.11 1.8 0
-17.13 168.29 -0.2 -18.61 170.28 -0.2 0
-18.61 170.28 -0.2 -18.79 171.94 -0.2 0
-18.79 171.94 -0.2 -18.06 173.11 -0.2 0
-19.53 165.63 1.6 -21.38 167.46 0.6 0
-21.38 167.46 0.6 -25.07 170.28 -1.6 0
-25.07 170.28 -1.6 -24.14 172.77 -0.8 0
-25.07 170.28 -1.6 -27.28 171.94 -4 0
-27.28 171.94 -4 -28.39 173.11 -6.6 0
-28.39 173.11 -6.6 -30.42 172.77 -8.4 0
-30.42 172.77 -8.4 -32.63 172.94 -7.2 0
-19.72 154 1.4 -22.11 156.16 1.2 0
-22.11 156.16 1.2 -23.59 157.99 1.6 0
-23.59 157.99 1.6 -24.33 158.99 1.6 0
-24.33 158.99 1.6 -25.44 161.64 1.6 0
-25.44 161.64 1.6 -24.33 162.81 1.6 0
-24.33 162.81 1.6 -21.75 161.15 1.6 0
-21.75 161.15 1.6 -21.01 158.82 1.6 0
-21.75 161.15 1.6 -19.16 161.31 1.6 0
-24.33 162.81 1.6 -23.78 164.14 1.6 0
-23.78 164.14 1.6 -21.19 164.63 1.6 0
-23.78 164.14 1.6 -24.88 167.46 1.6 0
-25.44 161.64 1.6 -26.91 162.48 0.8 0
-26.91 162.48 0.8 -27.65 166.13 0.8 0
-27.65 166.13 0.8 -28.94 167.29 -1 0
-28.94 167.29 -1 -31.34 168.95 -1 0
-31.34 168.95 -1 -36.69 171.78 -0 0
-26.91 162.48 0.8 -32.08 164.47 -0 0
-23.73 134.8 5.2 -26.31 136.46 5.4 0
-26.31 136.46 5.4 -28.89 138.46 4.6 0
-28.89 138.46 4.6 -30.18 140.45 4.6 0
-30.18 140.45 4.6 -30.55 142.61 4.6 0
-30.55 142.61 4.6 -30.74 144.94 3.2 0
-30.74 144.94 3.2 -30.18 147.59 3 0
-30.18 147.59 3 -30.55 150.08 3 0
-30.55 150.08 3 -31.66 152.91 3 0
-31.66 152.91 3 -32.58 155.73 0.4 0
-32.58 155.73 0.4 -30.97 158.32 0.4 0
-30.97 158.32 0.4 -30.79 161.15 0.4 0
-30.79 161.15 0.4 -31.71 162.97 0.4 0
-31.71 162.97 0.4 -33 165.13 0.4 0
-32.58 155.73 0.4 -35.9 159.06 -0 0
-35.9 159.06 -0 -36.69 159.82 0.6 0
-36.69 159.82 0.6 -38.17 163.64 -0.2 0
-38.17 163.64 -0.2 -36.14 165.13 -0.2 0
-38.17 163.64 -0.2 -38.9 165.63 -0.2 0
-38.9 165.63 -0.2 -40.38 166.79 -0.2 0
-40.38 166.79 -0.2 -37.24 168.95 0.6 0
-37.24 168.95 0.6 -35.03 170.78 0.6 0
-35.03 170.78 0.6 -33.74 173.11 0.6 0
-40.38 166.79 -0.2 -42.41 169.29 -0.2 0
-36.69 159.82 0.6 -38.54 159.49 0.6 0
-38.54 159.49 0.6 -40.2 160.15 0.6 0
-40.2 160.15 0.6 -41.67 160.81 -1.4 0
-41.67 160.81 -1.4 -44.25 163.14 -1.4 0
-44.25 163.14 -1.4 -43.33 165.3 -1.4 0
-44.25 163.14 -1.4 -49.24 164.97 -1.4 0
-41.67 160.81 -1.4 -45.18 159.65 -1.4 0
-38.54 159.49 0.6 -38.35 157.16 0.6 0
-38.35 157.16 0.6 -37.61 154.17 0.6 0
-30.74 144.94 3.2 -32.58 146.76 3.2 0
-32.58 146.76 3.2 -34.61 148.92 1.2 0
-34.61 148.92 1.2 -36.64 150.75 -0.4 0
-36.64 150.75 -0.4 -37.01 151.41 0.8 0
-37.01 151.41 0.8 -35.72 153.57 0.8 0
-35.72 153.57 0.8 -35.17 155.57 0.8 0
-35.17 155.57 0.8 -34.43 157.56 0.8 0
-37.01 151.41 0.8 -39.04 152.41 2 0
-39.04 152.41 2 -40.7 153.91 2 0
-40.7 153.91 2 -42.36 155.73 2 0
-36.64 150.75 -0.4 -38.67 149.92 -0.6 0
-38.67 149.92 -0.6 -40.89 151.25 -2.4 0
-40.89 151.25 -2.4 -43.1 152.74 -3.6 0
-28.89 138.46 4.6 -31.66 137.29 4.6 0
-31.66 137.29 4.6 -34.24 138.62 3.2 0
-34.24 138.62 3.2 -36.27 140.78 3.2 0
-36.27 140.78 3.2 -37.93 143.44 3.2 0
-37.93 143.44 3.2 -39.23 145.43 3.2 0
-39.23 145.43 3.2 -40.15 149.25 3.2 0
-39.23 145.43 3.2 -43.28 146.76 3.2 0
-31.66 137.29 4.6 -31.48 135.13 4.4 0
-31.48 135.13 4.4 -30.37 132.98 4.4 0
-30.37 132.98 4.4 -29.26 130.82 4.4 0
-29.26 130.82 4.4 -27.05 129.82 4.4 0
-27.05 129.82 4.4 -24.83 128.66 4.4 0
-24.83 128.66 4.4 -22.8 128.82 4.4 0
-18.09 120.09 4.4 -19.56 120.25 4.4 0
-19.56 120.25 4.4 -20.86 120.25 4.4 0
-20.86 120.25 4.4 -23.81 121.75 3.8 0
-23.81 121.75 3.8 -25.65 123.57 3.8 0
-25.65 123.57 3.8 -26.76 125.57 2.6 0
-26.76 125.57 2.6 -28.61 127.06 2.6 0
-28.61 127.06 2.6 -32.85 129.55 4.4 0
-32.85 129.55 4.4 -36.09 130.32 3.6 0
-36.09 130.32 3.6 -39.59 130.32 4.2 0
-39.59 130.32 4.2 -43.28 130.65 1.4 0
-43.28 130.65 1.4 -43.65 131.65 1.4 0
-43.65 131.65 1.4 -44.21 134.3 2.2 0
-44.21 134.3 2.2 -44.21 135.63 2.2 0
-43.65 131.65 1.4 -46.42 131.98 0.4 0
-46.42 131.98 0.4 -49.19 132.48 0.4 0
-49.19 132.48 0.4 -52.69 133.97 0.4 0
-52.69 133.97 0.4 -55.09 133.81 0.4 0
-55.09 133.81 0.4 -56.57 132.48 -0.8 0
-56.57 132.48 -0.8 -59.71 132.98 -0.8 0
-59.71 132.98 -0.8 -62.1 132.64 -0.8 0
-62.1 132.64 -0.8 -64.13 132.64 -0.8 0
-43.28 130.65 1.4 -46.61 129.82 0.4 0
-46.61 129.82 0.4 -48.63 129.15 -0.2 0
-48.63 129.15 -0.2 -50.85 129.99 -0.2 0
-50.85 129.99 -0.2 -52.32 130.32 -0.2 0
-52.32 130.32 -0.2 -53.99 129.32 -0.2 0
-53.99 129.32 -0.2 -56.01 128.32 -0.2 0
-56.01 128.32 -0.2 -58.04 126.66 0.2 0
-58.04 126.66 0.2 -61 125 0.2 0
-48.63 129.15 -0.2 -50.48 126.66 0.2 0
-50.48 126.66 0.2 -52.32 124.34 0.2 0
-10.58 109.07 5.6 -12.42 109.07 5.4 0
-12.42 109.07 5.4 -14.63 110.07 5.4 0
-14.63 110.07 5.4 -17.77 111.4 5.4 0
-17.77 111.4 5.4 -20.17 112.9 5.4 0
-20.17 112.9 5.4 -22.75 114.22 4.8 0
-22.75 114.22 4.8 -25.71 115.05 3.8 0
-25.71 115.05 3.8 -28.29 115.72 3.2 0
-28.29 115.72 3.2 -31.06 116.05 1.8 0
-31.06 116.05 1.8 -33.82 116.05 1.2 0
-33.82 116.05 1.2 -35.25 118.59 -0 0
-35.25 118.59 -0 -35.99 119.42 -0 0
-35.99 119.42 -0 -36.72 120.25 -0 0
-36.72 120.25 -0 -36.91 123.57 -0 0
-36.91 123.57 -0 -37.09 127.56 -0.2 0
-36.72 120.25 -0 -38.57 120.92 -0 0
-38.57 120.92 -0 -40.23 121.91 -0 0
-40.23 121.91 -0 -41.52 124.9 -0 0
-33.82 116.05 1.2 -36.59 115.55 1.6 0
-36.59 115.55 1.6 -38.8 115.22 1.4 0
-38.8 115.22 1.4 -41.34 115.93 -0.2 0
-41.34 115.93 -0.2 -42.63 119.26 -0.2 0
-41.34 115.93 -0.2 -43.18 116.1 -0.2 0
-43.18 116.1 -0.2 -45.21 117.26 -0.2 0
-45.21 117.26 -0.2 -46.32 119.59 -0.2 0
-46.32 119.59 -0.2 -47.61 122.08 -0.2 0
-47.61 122.08 -0.2 -49.82 122.58 -0.2 0
-49.82 122.58 -0.2 -50.93 123.91 -0.2 0
-45.21 117.26 -0.2 -47.98 117.93 -1.2 0
-47.98 117.93 -1.2 -50.56 119.59 -1.2 0
-50.56 119.59 -1.2 -52.96 121.58 -1.2 0
-52.96 121.58 -1.2 -55.54 122.41 -1.2 0
-55.54 122.41 -1.2 -58.13 121.91 -1.2 0
-58.13 121.91 -1.2 -60.52 121.91 -1.2 0
-60.52 121.91 -1.2 -62.37 122.25 -1.2 0
-62.37 122.25 -1.2 -64.4 122.08 -1.2 0
-43.18 116.1 -0.2 -44.29 114.27 -0.2 0
-44.29 114.27 -0.2 -45.39 113.44 -0.2 0
-45.39 113.44 -0.2 -47.06 113.28 -0.2 0
-47.06 113.28 -0.2 -48.53 115.27 -0.2 0
-48.53 115.27 -0.2 -49.82 115.93 -0.2 0
-49.82 115.93 -0.2 -51.3 116.6 -0.2 0
-51.3 116.6 -0.2 -53.14 117.43 -0.2 0
-53.14 117.43 -0.2 -55.17 117.43 -0.2 0
-55.17 117.43 -0.2 -57.02 116.6 -0.2 0
-57.02 116.6 -0.2 -58.31 115.77 -0.2 0
-47.06 113.28 -0.2 -49.64 112.45 -0.2 0
-51.04 115.05 -1.6 -53.62 114.05 -0.8 0
-53.62 114.05 -0.8 -54.73 113.89 -0.8 0
-54.73 113.89 -0.8 -56.75 114.88 -1.8 0
-56.75 114.88 -1.8 -59.89 111.39 0.2 0
-59.89 111.39 0.2 -62.84 111.56 -1.6 0
-62.84 111.56 -1.6 -65.06 113.05 -4 0
-65.06 113.05 -4 -66.53 115.05 -4 0
-38.8 115.22 1.4 -40.1 113.23 1.4 0
-40.1 113.23 1.4 -41.39 111.07 1.4 0
-41.39 111.07 1.4 -41.94 109.41 1.6 0
-41.94 109.41 1.6 -42.31 108.41 1.6 0
-42.31 108.41 1.6 -45.03 108.46 -1 0
-45.03 108.46 -1 -47.79 108.96 -1 0
-47.79 108.96 -1 -49.82 109.95 -1 0
-49.82 109.95 -1 -52.59 111.61 -1 0
-52.59 111.61 -1 -54.44 112.78 -1 0
-54.44 112.78 -1 -55.91 113.11 -1 0
-55.91 113.11 -1 -58.31 113.77 -1 0
-49.82 109.95 -1 -52.59 108.13 -1 0
-52.59 108.13 -1 -54.62 106.8 -1 0
-54.62 106.8 -1 -56.1 106.47 -1 0
-56.1 106.47 -1 -57.39 103.81 -1 0
-47.79 108.96 -1 -49.82 107.3 -1 0
-49.82 107.3 -1 -51.3 105.47 -1 0
-51.3 105.47 -1 -52.59 103.48 -1 0
-52.59 103.48 -1 -52.77 102.31 -1 0
-52.77 102.31 -1 -54.99 101.98 -1 0
-54.99 101.98 -1 -57.39 101.15 -1 0
-51.08 102.35 -3.4 -53.48 101.86 -4.4 0
-53.48 101.86 -4.4 -55.33 101.52 -4.4 0
-55.33 101.52 -4.4 -57.91 100.19 -4.4 0
-42.31 108.41 1.6 -42.68 107.58 1.6 0
-42.68 107.58 1.6 -44.16 105.09 0.6 0
-44.16 105.09 0.6 -45.45 103.76 0.6 0
-45.45 103.76 0.6 -45.63 101.93 0.6 0
-45.63 101.93 0.6 -46.55 99.94 1 0
-46.55 99.94 1 -49.14 99.94 -1 0
-49.14 99.94 -1 -51.72 100.1 -1 0
-51.72 100.1 -1 -54.07 99.32 -1 0
-46.55 99.94 1 -45.63 98.11 0.6 0
-45.63 98.11 0.6 -43.42 96.95 0.6 0
-43.42 96.95 0.6 -41.94 95.79 0.6 0
-41.94 95.79 0.6 -41.2 93.63 0.6 0
-46.47 97.54 -2.2 -48.13 95.38 -2.2 0
-49.42 99.7 -2.8 -51.27 99.36 -3.4 0
-51.27 99.36 -3.4 -52.74 98.87 -3.4 0
-52.74 98.87 -3.4 -55.33 98.87 -3.4 0
-55.33 98.87 -3.4 -56.8 99.03 -3.4 0
-56.8 99.03 -3.4 -59.02 99.2 -3.8 0
-59.02 99.2 -3.8 -60.86 99.7 -3.8 0
-60.86 99.7 -3.8 -62.34 100.36 -3.8 0
-62.34 100.36 -3.8 -64.37 99.53 -3.8 0
-64.37 99.53 -3.8 -65.66 98.04 -3.8 0
-65.66 98.04 -3.8 -67.5 96.87 -3.8 0
-67.5 96.87 -3.8 -69.35 96.21 -3.8 0
-69.35 96.21 -3.8 -71.93 96.54 -3.8 0
-42.68 107.58 1.6 -40.28 105.92 2 0
-40.28 105.92 2 -38.8 105.59 2 0
-38.8 105.59 2 -36.96 105.59 2 0
-36.96 105.59 2 -34.75 104.26 2 0
-34.75 104.26 2 -33.09 101.77 2 0
-42.41 108.17 -2.4 -45.55 108.67 -2.6 0
-45.55 108.67 -2.6 -48.13 109.33 -2.6 0
-48.13 109.33 -2.6 -50.53 109.83 -2 0
-50.53 109.83 -2 -53.11 109.33 -2 0
-53.11 109.33 -2 -55.88 108.67 -2 0
-55.88 108.67 -2 -59.02 106.67 -2.4 0
-59.02 106.67 -2.4 -61.23 106.51 -2 0
-61.23 106.51 -2 -63.81 107.01 -2 0
-63.81 107.01 -2 -66.77 108.17 -3.6 0
-66.77 108.17 -3.6 -67.32 110.49 -3.6 0
-67.32 110.49 -3.6 -68.98 113.32 -3.4 0
-66.77 108.17 -3.6 -69.53 108.67 -3 0
-69.53 108.67 -3 -71.75 110.16 -3 0
-71.75 110.16 -3 -74.33 110.99 -3 0
-74.33 110.99 -3 -76.36 110.33 -3 0
-59.02 106.67 -2.4 -58.65 102.52 -3.2 0
-2.38 85.88 3.4 -4.78 86.38 3.6 0
-4.78 86.38 3.6 -6.07 86.71 2 0
-6.07 86.71 2 -7.36 86.87 2 0
-7.36 86.87 2 -9.21 87.04 2 0
-9.21 87.04 2 -10.69 87.21 2 0
-10.69 87.21 2 -11.61 87.37 2 0
-11.61 87.37 2 -13.44 88.4 0.4 0
-13.44 88.4 0.4 -15.47 89.23 0.4 0
-15.47 89.23 0.4 -16.95 89.56 0.2 0
-16.95 89.56 0.2 -18.24 89.9 0.4 0
-18.24 89.9 0.4 -20.27 90.39 -0.6 0
-20.27 90.39 -0.6 -22.12 90.73 -0.8 0
-22.12 90.73 -0.8 -23.59 90.89 -0.8 0
-23.59 90.89 -0.8 -25.25 91.22 -2 0
-25.25 91.22 -2 -26.54 92.72 -0.8 0
-26.54 92.72 -0.8 -28.2 93.72 -0.8 0
-28.2 93.72 -0.8 -30.05 94.88 -2 0
-30.05 94.88 -2 -32.26 95.71 -2.6 0
-32.26 95.71 -2.6 -32.63 97.54 -2.6 0
-32.63 97.54 -2.6 -33.37 99.36 -2.6 0
-33.37 99.36 -2.6 -34.11 101.03 -2.2 0
-34.11 101.03 -2.2 -35.03 102.35 -2 0
-35.03 102.35 -2 -34.25 103.42 -1.4 0
-34.25 103.42 -1.4 -32.77 104.08 -1.4 0
-32.77 104.08 -1.4 -30.74 103.09 -1.2 0
-30.74 103.09 -1.2 -29.26 101.76 -1.2 0
-29.26 101.76 -1.2 -27.6 100.26 -1 0
-27.6 100.26 -1 -25.76 99.1 -1 0
-25.76 99.1 -1 -22.81 99.27 -0 0
-22.81 99.27 -0 -21.51 100.1 -0 0
-21.51 100.1 -0 -19.3 99.43 2.2 0
-35.03 102.35 -2 -36.14 103.68 -1.8 0
-36.14 103.68 -1.8 -36.88 105.01 -1.8 0
-36.88 105.01 -1.8 -37.01 108.07 -1.8 0
-37.01 108.07 -1.8 -36.09 109.4 -1.8 0
-36.09 109.4 -1.8 -34.43 110.73 -2.4 0
-34.43 110.73 -2.4 -32.59 110.9 -2.4 0
-32.59 110.9 -2.4 -29.82 112.56 -2.4 0
-29.82 112.56 -2.4 -28.9 114.38 -1.8 0
-28.9 114.38 -1.8 -26.87 115.88 -2.6 0
-26.87 115.88 -2.6 -25.94 118.04 -2.6 0
-25.94 118.04 -2.6 -24.65 119.87 -2.6 0
-28.9 114.38 -1.8 -29.63 116.88 -2.2 0
-29.63 116.88 -2.2 -30.19 120.2 -0.4 0
-30.19 120.2 -0.4 -29.26 122.69 -1 0
-29.26 122.69 -1 -29.63 124.85 -1 0
-30.19 120.2 -0.4 -32.22 121.69 -0.4 0
-32.22 121.69 -0.4 -32.77 123.69 -0.4 0
-36.88 105.01 -1.8 -39.27 105.68 -1.8 0
-39.27 105.68 -1.8 -40.93 107.01 -2.4 0
-40.93 107.01 -2.4 -42.41 108.17 -2.4 0
-42.41 108.17 -2.4 -44.62 110.33 -1.6 0
-44.62 110.33 -1.6 -48.31 113.48 -0.6 0
-48.31 113.48 -0.6 -51.04 115.05 -1.6 0
-51.04 115.05 -1.6 -52.7 116.54 -0.8 0
-52.7 116.54 -0.8 -53.8 118.04 -0.8 0
-53.8 118.04 -0.8 -54.54 120.36 -0.8 0
-54.54 120.36 -0.8 -54.91 122.36 -2.8 0
-54.91 122.36 -2.8 -56.02 124.52 -2.8 0
-32.26 95.71 -2.6 -33.37 95.88 -3.4 0
-33.37 95.88 -3.4 -34.85 95.71 -3.4 0
-34.85 95.71 -3.4 -36.69 95.38 -2.6 0
-36.69 95.38 -2.6 -37.24 95.54 -2.6 0
-37.24 95.54 -2.6 -37.43 96.71 -3 0
-37.43 96.71 -3 -38.17 99.2 -2.6 0
-38.17 99.2 -2.6 -40.01 100.69 -2.8 0
-40.01 100.69 -2.8 -40.93 102.35 -2.8 0
-40.93 102.35 -2.8 -40.93 104.51 -2.8 0
-40.93 102.35 -2.8 -43.33 102.52 -3.2 0
-43.33 102.52 -3.2 -46.47 104.68 -3.2 0
-46.47 104.68 -3.2 -48.31 105.84 -3.2 0
-48.31 105.84 -3.2 -50.53 106.51 -3.2 0
-50.53 106.51 -3.2 -52.01 106.67 -3.2 0
-37.43 96.71 -3 -40.01 98.04 -2.8 0
-40.01 98.04 -2.8 -41.86 98.87 -2.8 0
-41.86 98.87 -2.8 -44.26 99.7 -2.6 0
-44.26 99.7 -2.6 -46.47 100.86 -2.4 0
-46.47 100.86 -2.4 -48.5 102.85 -2.4 0
-48.5 102.85 -2.4 -49.79 104.51 -2.4 0
-37.24 95.54 -2.6 -39.09 95.21 -2.8 0
-39.09 95.21 -2.8 -40.93 94.55 -3 0
-40.93 94.55 -3 -42.6 95.71 -2.2 0
-42.6 95.71 -2.2 -43.89 96.87 -2.2 0
-43.89 96.87 -2.2 -46.47 97.54 -2.2 0
-46.47 97.54 -2.2 -48.31 99.03 -2.8 0
-48.31 99.03 -2.8 -49.42 99.7 -2.8 0
-49.42 99.7 -2.8 -51.08 102.35 -3.4 0
-51.08 102.35 -3.4 -52.56 104.51 -2.4 0
-52.56 104.51 -2.4 -54.4 105.51 -1 0
-54.4 105.51 -1 -56.99 106.01 -1 0
-56.99 106.01 -1 -59.2 108.33 -1.2 0
-40.93 94.55 -3 -42.6 93.38 -3.8 0
-42.6 93.38 -3.8 -44.81 92.89 -4.4 0
-44.81 92.89 -4.4 -46.84 92.06 -4.6 0
-25.25 91.22 -2 -25.81 89.23 -0.8 0
-25.81 89.23 -0.8 -27.1 88.23 -1.2 0
-27.1 88.23 -1.2 -29.13 87.74 -1.2 0
-29.13 87.74 -1.2 -30.79 88.07 -2 0
-30.79 88.07 -2 -32.63 89.07 -2.2 0
-32.63 89.07 -2.2 -34.29 90.06 -2.8 0
-34.29 90.06 -2.8 -35.4 93.38 -2.8 0
-34.29 90.06 -2.8 -36.69 90.23 -2.8 0
-36.69 90.23 -2.8 -39.46 90.06 -4 0
-39.46 90.06 -4 -42.04 89.56 -4 0
-42.04 89.56 -4 -44.62 88.57 -3 0
-44.62 88.57 -3 -46.47 89.56 -3.8 0
-46.47 89.56 -3.8 -48.31 90.56 -3.8 0
-48.31 90.56 -3.8 -50.16 90.89 -3.8 0
-50.16 90.89 -3.8 -50.71 92.89 -4.6 0
-50.71 92.89 -4.6 -51.45 94.88 -4.6 0
-51.45 94.88 -4.6 -53.85 94.55 -4.8 0
-53.85 94.55 -4.8 -56.06 94.05 -4.8 0
-56.06 94.05 -4.8 -58.28 94.05 -4.8 0
-58.28 94.05 -4.8 -60.49 94.21 -4.8 0
-60.49 94.21 -4.8 -62.52 94.05 -5.6 0
-62.52 94.05 -5.6 -64.92 92.72 -5.6 0
-44.62 88.57 -3 -46.1 86.74 -4.4 0
-46.1 86.74 -4.4 -48.13 85.74 -5.2 0
-48.13 85.74 -5.2 -51.27 85.41 -5.2 0
-51.27 85.41 -5.2 -53.85 85.24 -5.2 0
-52.01 85.24 -2.4 -53.3 86.57 -2.4 0
-53.3 86.57 -2.4 -55.51 87.57 -2.4 0
-55.51 87.57 -2.4 -55.88 89.73 -2.4 0
-55.51 87.57 -2.4 -57.72 88.07 -2.4 0
-57.72 88.07 -2.4 -59.94 88.07 -2.4 0
-59.94 88.07 -2.4 -62.15 88.07 -1.4 0
-62.15 88.07 -1.4 -64.37 88.23 -1.4 0
-64.37 88.23 -1.4 -66.95 87.9 -1.4 0
-50.9 84.08 -1.6 -53.11 83.58 -1.2 0
-53.11 83.58 -1.2 -56.06 84.08 -1.2 0
-56.06 84.08 -1.2 -57.91 85.41 -1.2 0
-57.91 85.41 -1.2 -59.75 84.91 -1.2 0
-59.75 84.91 -1.2 -62.15 84.91 -1.2 0
-62.15 84.91 -1.2 -64.37 84.91 -1.2 0
-30.79 88.07 -2 -32.63 86.57 -1 0
-32.63 86.57 -1 -35.03 85.41 -2.2 0
-35.03 85.41 -2.2 -37.43 85.41 -4.2 0
-37.43 85.41 -4.2 -40.38 84.91 -3.6 0
-40.38 84.91 -3.6 -42.41 85.24 -3.4 0
-42.41 85.24 -3.4 -43.7 85.24 -3.4 0
-18.24 89.9 0.4 -19.16 88.57 -0 0
-19.16 88.57 -0 -20.64 86.74 -0.4 0
-20.64 86.74 -0.4 -22.3 85.41 -0.4 0
-22.3 85.41 -0.4 -26.36 82.59 -1 0
-26.36 82.59 -1 -28.2 81.42 -0.2 0
-28.2 81.42 -0.2 -30.42 81.59 -0.4 0
-30.42 81.59 -0.4 -33 85.24 -1.2 0
-30.42 81.59 -0.4 -33.19 80.93 -1.6 0
-33.19 80.93 -1.6 -35.22 81.92 -1.2 0
-35.22 81.92 -1.2 -37.24 80.93 -1.2 0
-37.24 80.93 -1.2 -40.01 81.42 -2 0
-40.01 81.42 -2 -41.49 81.59 -2 0
-41.49 81.59 -2 -43.89 81.92 -1.2 0
-43.89 81.92 -1.2 -46.1 82.59 -1.2 0
-46.1 82.59 -1.2 -46.47 84.91 -1.2 0
-46.47 84.91 -1.2 -46.84 87.74 -1.2 0
-46.84 87.74 -1.2 -47.39 91.56 -0.2 0
-46.1 82.59 -1.2 -48.13 81.92 -1 0
-48.13 81.92 -1 -50.9 84.08 -1.6 0
-50.9 84.08 -1.6 -52.01 85.24 -2.4 0
-52.01 85.24 -2.4 -50.9 86.91 -2.2 0
-50.9 86.91 -2.2 -51.27 89.4 -2.2 0
-48.13 81.92 -1 -49.98 79.93 -2 0
-49.98 79.93 -2 -52.19 78.27 -2.6 0
-52.19 78.27 -2.6 -53.67 77.27 -2.6 0
-53.67 77.27 -2.6 -54.77 75.28 -2.6 0
-54.77 75.28 -2.6 -54.96 74.12 -1.8 0
-41.49 81.59 -2 -43.15 79.43 -2 0
-37.24 80.93 -1.2 -38.35 78.93 -1.8 0
-38.35 78.93 -1.8 -40.2 77.11 -1.8 0
-40.2 77.11 -1.8 -43.33 76.44 -1.8 0
-43.33 76.44 -1.8 -47.76 75.44 -1.8 0
-33.19 80.93 -1.6 -33.92 79.6 -1.2 0
-33.92 79.6 -1.2 -34.48 78.27 -1.2 0
-34.48 78.27 -1.2 -36.14 76.61 -1 0
-36.14 76.61 -1 -37.8 74.45 -1 0
-37.8 74.45 -1 -40.93 72.95 -1 0
-40.93 72.95 -1 -43.33 73.62 -1.4 0
-43.33 73.62 -1.4 -45.73 74.12 -1.4 0
-45.73 74.12 -1.4 -48.31 74.12 -2.4 0
-48.31 74.12 -2.4 -50.9 74.61 -2.4 0
-40.93 72.95 -1 -42.41 70.46 -1.6 0
-42.41 70.46 -1.6 -42.96 68.63 -1.6 0
-34.48 78.27 -1.2 -34.11 75.94 -1.4 0
-34.11 75.94 -1.4 -34.48 73.95 -1.4 0
-34.48 73.95 -1.4 -35.58 72.12 -1.4 0
-35.58 72.12 -1.4 -36.69 69.8 -0.6 0
-36.69 69.8 -0.6 -38.35 68.3 -0.6 0
-38.35 68.3 -0.6 -39.46 68.8 -0.6 0
-11.61 87.37 2 -12.35 85.54 3.2 0
-12.35 85.54 3.2 -12.72 84.22 3.2 0
-12.72 84.22 3.2 -13.08 82.39 2.6 0
-13.08 82.39 2.6 -13.64 79.9 2.2 0
-13.64 79.9 2.2 -15.03 79.33 -0.4 0
-15.03 79.33 -0.4 -17.06 78.66 -0 0
-17.06 78.66 -0 -18.91 78.33 -0.8 0
-18.91 78.33 -0.8 -20.57 78.5 -0.6 0
-20.57 78.5 -0.6 -22.41 80.32 -0.4 0
-22.41 80.32 -0.4 -23.78 81.92 1.6 0
-23.78 81.92 1.6 -25.25 83.42 1.6 0
-25.25 83.42 1.6 -28.2 85.91 0.4 0
-20.57 78.5 -0.6 -21.86 76.84 0.2 0
-21.86 76.84 0.2 -24.08 76.17 0.4 0
-24.08 76.17 0.4 -26.11 75.67 -1 0
-26.11 75.67 -1 -28.13 77 -0.8 0
-28.13 77 -0.8 -29.8 78.33 -0.8 0
-29.8 78.33 -0.8 -31.64 79.16 -0.8 0
-26.11 75.67 -1 -28.13 74.34 -1.2 0
-28.13 74.34 -1.2 -30.72 72.85 -0.6 0
-30.72 72.85 -0.6 -31.46 75.67 -1.4 0
-31.46 75.67 -1.4 -31.64 78 -1 0
-30.72 72.85 -0.6 -30.16 70.86 -1 0
-30.16 70.86 -1 -28.32 70.03 -1 0
-28.32 70.03 -1 -25.55 69.19 -0.4 0
-13.64 79.9 2.2 -13.27 78.07 2.8 0
-13.27 78.07 2.8 -12.72 75.41 0.6 0
-12.72 75.41 0.6 -14.67 73.51 1 0
-14.67 73.51 1 -15.4 72.02 1 0
-15.4 72.02 1 -17.43 73.51 -0 0
-17.43 73.51 -0 -18.36 75.84 0.8 0
-15.4 72.02 1 -15.77 70.19 -0 0
-15.77 70.19 -0 -17.06 69.36 0.6 0
-17.06 69.36 0.6 -18.54 69.36 0.6 0
-18.54 69.36 0.6 -20.39 70.69 0.6 0
-20.39 70.69 0.6 -21.12 71.85 0.6 0
-21.12 71.85 0.6 -21.68 73.68 0.6 0
-18.54 69.36 0.6 -20.75 67.87 0.8 0
-20.75 67.87 0.8 -22.78 66.87 0.6 0
-22.78 66.87 0.6 -24.08 67.2 0.6 0
-17.06 69.36 0.6 -17.25 67.04 2.2 0
-17.25 67.04 2.2 -17.06 63.71 1.8 0
-17.06 63.71 1.8 -18.72 60.72 0.8 0
-18.72 60.72 0.8 -21.31 59.73 0.8 0
-21.31 59.73 0.8 -22.97 58.56 0.8 0
-22.97 58.56 0.8 -24.26 56.4 0.6 0
-24.26 56.4 0.6 -24.63 54.24 0.6 0
-24.63 54.24 0.6 -25 52.25 1.4 0
-25 52.25 1.4 -24.63 50.59 1.4 0
-24.63 50.59 1.4 -23.15 49.93 0.6 0
-23.15 49.93 0.6 -21.68 50.09 0.6 0
-21.68 50.09 0.6 -20.75 48.1 0.8 0
-20.75 48.1 0.8 -19.09 45.27 1.8 0
-19.09 45.27 1.8 -17.62 42.78 4 0
-17.62 42.78 4 -16.88 39.96 3.8 0
-16.88 39.96 3.8 -17.25 38.3 3.8 0
-17.25 38.3 3.8 -18.54 36.47 3.8 0
-21.68 50.09 0.6 -21.86 52.09 0.4 0
-21.86 52.09 0.4 -21.31 54.41 0.4 0
-18.72 60.72 0.8 -18.36 57.4 1.2 0
-18.36 57.4 1.2 -17.99 53.75 1.2 0
-17.99 53.75 1.2 -17.43 50.92 1.2 0
-17.43 50.92 1.2 -16.7 47.27 -0 0
-16.7 47.27 -0 -17.25 44.94 -0 0
-17.06 63.71 1.8 -15.59 62.22 1.8 0
-15.59 62.22 1.8 -14.3 59.23 2.4 0
-14.3 59.23 2.4 -15.22 57.57 1.4 0
-15.22 57.57 1.4 -15.22 54.24 1.4 0
-15.22 54.24 1.4 -14.3 51.25 1.4 0
-14.3 51.25 1.4 -13.56 48.76 1.2 0
-13.56 48.76 1.2 -12.45 43.78 1.2 0
-14.3 59.23 2.4 -12.45 58.73 2.8 0
-12.45 58.73 2.8 -10.98 55.91 2.8 0
-10.98 55.91 2.8 -10.24 53.58 3 0
-15.77 70.19 -0 -14.3 68.86 0.4 0
-14.3 68.86 0.4 -13.01 67.2 0.4 0
-13.01 67.2 0.4 -11.71 64.38 0.4 0
-12.72 75.41 0.6 -12.16 74.58 1.8 0
-12.16 74.58 1.8 -11.05 72.42 1 0
-11.05 72.42 1 -10.32 70.1 0.8 0
-10.32 70.1 0.8 -8.29 68.1 0.2 0
-8.29 68.1 0.2 -7.55 64.45 2.6 0
-7.55 64.45 2.6 -6.07 60.79 1.4 0
-6.07 60.79 1.4 -4.6 58.14 3.2 0
-4.6 58.14 3.2 -5.99 56.4 2.2 0
-5.99 56.4 2.2 -8.58 53.58 2.2 0
-8.58 53.58 2.2 -9.68 50.09 1 0
-9.68 50.09 1 -10.24 47.27 1 0
-4.6 58.14 3.2 1.12 54.48 2.8 0
1.12 54.48 2.8 0.75 51.66 2.8 0
0.75 51.66 2.8 0.46 47.43 2.8 0
-8.29 68.1 0.2 -6.26 67.11 -0 0
-6.26 67.11 -0 -5.34 64.28 -0 0
-5.34 64.28 -0 -4.41 61.96 -0 0
-4.41 61.96 -0 -3.12 59.63 -0 0
-6.26 67.11 -0 -4.6 65.45 1.4 0
-4.6 65.45 1.4 -3.12 63.45 1.4 0
-3.12 63.45 1.4 -1.09 60.3 3.8 0
-1.09 60.3 3.8 2.23 56.81 4.2 0
-11.05 72.42 1 -9.58 72.42 1.6 0
-9.58 72.42 1.6 -8.84 71.26 1.6 0
-8.84 71.26 1.6 -7.55 69.93 1.6 0
-7.55 69.93 1.6 -5.52 69.76 1.6 0
-5.52 69.76 1.6 -4.04 68.44 1.2 0
-4.04 68.44 1.2 -3.49 66.28 1.2 0
-5.52 69.76 1.6 -4.97 71.43 2.2 0
-4.97 71.43 2.2 -4.23 72.42 2.2 0
-4.23 72.42 2.2 -5.15 73.75 2.2 0
-12.16 74.58 1.8 -10.13 74.75 1.4 0
-10.13 74.75 1.4 -8.47 74.25 1.4 0
-8.47 74.25 1.4 -7.18 74.25 1.4 0
-7.18 74.25 1.4 -5.7 75.08 1.8 0
-5.7 75.08 1.8 -5.34 76.91 1.8 0
-5.34 76.91 1.8 -5.89 79.23 3 0
-5.89 79.23 3 -5.15 79.9 3.8 0
-5.15 79.9 3.8 -3.86 79.07 4 0
-3.86 79.07 4 -2.38 79.4 4 0
-2.38 79.4 4 -0.91 80.06 4 0
-0.91 80.06 4 0.38 78.9 5.2 0
0.38 78.9 5.2 2.78 78.73 5.2 0
2.78 78.73 5.2 6.1 78.4 5.2 0
-0.91 80.06 4 0.02 81.72 3.6 0
0.02 81.72 3.6 1.68 82.39 3.6 0
-5.15 79.9 3.8 -5.52 81.89 3 0
-5.52 81.89 3 -5.7 83.88 3 0
-5.7 83.88 3 -4.78 86.21 4.2 0
-4.78 86.21 4.2 -2.38 88.04 4.4 0
-2.38 88.04 4.4 -0.35 86.21 4.8 0
-0.35 86.21 4.8 1.12 84.88 4.8 0
-5.89 79.23 3 -7.73 81.39 1.8 0
-7.73 81.39 1.8 -9.39 83.22 1.6 0
-9.39 83.22 1.6 -12.72 87.04 1.8 0
-2.38 88.04 4.4 -0.54 89.86 4.4 0
-0.54 89.86 4.4 0.94 91.36 4.4 0
0.94 91.36 4.4 1.49 93.52 4.6 0
1.12 54.48 2.8 4.44 57.8 3.2 0
-2.95 52.33 8.4 -5.9 54.82 7.2 0
-5.9 54.82 7.2 -7.75 56.82 7.2 0
-7.75 56.82 7.2 -8.3 57.81 7.2 0
-8.3 57.81 7.2 -9.04 60.47 5.8 0
-9.04 60.47 5.8 -9.59 61.47 5.8 0
-9.59 61.47 5.8 -10.33 62.13 5.8 0
-10.33 62.13 5.8 -12.36 63.46 5.2 0
-12.36 63.46 5.2 -15.31 64.13 5 0
-15.31 64.13 5 -17.89 64.62 5 0
-17.89 64.62 5 -20.11 64.13 4.8 0
-20.11 64.13 4.8 -22.14 62.96 4.8 0
-22.14 62.96 4.8 -24.35 62.3 4.8 0
-24.35 62.3 4.8 -26.88 64.41 4.4 0
-26.88 64.41 4.4 -29.83 65.25 4.4 0
-29.83 65.25 4.4 -31.49 65.41 5.6 0
-31.49 65.41 5.6 -33.52 66.91 5.8 0
-31.49 65.41 5.6 -33.89 64.75 5.4 0
-33.89 64.75 5.4 -36.29 65.41 5.4 0
-36.29 65.41 5.4 -38.14 64.58 3.8 0
-38.14 64.58 3.8 -40.53 65.91 4 0
-24.35 62.3 4.8 -25.09 60.3 6 0
-25.09 60.3 6 -26.56 58.64 6 0
-26.56 58.64 6 -27.67 57.98 4.8 0
-27.67 57.98 4.8 -30.07 57.65 4.8 0
-30.07 57.65 4.8 -32.65 58.31 4.2 0
-32.65 58.31 4.2 -34.5 58.64 4.2 0
-34.5 58.64 4.2 -35.97 58.31 4.2 0
-35.97 58.31 4.2 -37.77 59.43 4.8 0
-37.77 59.43 4.8 -39.61 60.43 4.8 0
-39.61 60.43 4.8 -41.83 61.42 4 0
-41.83 61.42 4 -42.93 63.42 4 0
-42.93 63.42 4 -44.22 64.91 1.6 0
-44.22 64.91 1.6 -45.7 66.24 2.2 0
-45.7 66.24 2.2 -47.91 67.07 3 0
-47.91 67.07 3 -50.13 68.57 1.8 0
-50.13 68.57 1.8 -51.79 70.56 2.2 0
-51.79 70.56 2.2 -53.63 72.06 2.4 0
-41.83 61.42 4 -44.41 60.59 3 0
-44.41 60.59 3 -46.62 61.42 3 0
-46.62 61.42 3 -49.02 62.42 2.6 0
-49.02 62.42 2.6 -50.87 63.92 2.6 0
-50.87 63.92 2.6 -52.53 65.58 2.4 0
-52.53 65.58 2.4 -52.53 67.74 2.6 0
-35.97 58.31 4.2 -37.63 56.82 4.6 0
-37.63 56.82 4.6 -38.74 55.65 5.2 0
-38.74 55.65 5.2 -41.69 55.99 5 0
-41.69 55.99 5 -44.28 55.82 4.6 0
-44.28 55.82 4.6 -46.31 55.32 3.8 0
-46.31 55.32 3.8 -47.97 55.65 3.6 0
-47.97 55.65 3.6 -49.58 58.1 3.6 0
-49.58 58.1 3.6 -50.68 59.6 3.6 0
-50.68 59.6 3.6 -51.79 61.42 3.6 0
-51.79 61.42 3.6 -51.6 63.25 3.4 0
-51.6 63.25 3.4 -50.5 65.08 3.4 0
-47.97 55.65 3.6 -51.29 56.32 3.6 0
-51.29 56.32 3.6 -54.42 56.65 3.6 0
-54.42 56.65 3.6 -56.82 57.15 3 0
-56.82 57.15 3 -60.28 57.6 1.2 0
-60.28 57.6 1.2 -63.6 58.43 1.2 0
-56.82 57.15 3 -59.22 55.32 2.6 0
-59.22 55.32 2.6 -61.62 52.83 2.6 0
-61.62 52.83 2.6 -63.78 49.96 2.8 0
-46.31 55.32 3.8 -48.34 53.16 4.4 0
-48.34 53.16 4.4 -51.1 51.67 4.4 0
-51.1 51.67 4.4 -52.95 49.67 4.4 0
-52.95 49.67 4.4 -54.61 48.34 5 0
-54.61 48.34 5 -56.64 48.34 5 0
-56.64 48.34 5 -59.22 49.34 4.2 0
-54.61 48.34 5 -55.16 45.35 4.6 0
-41.69 55.99 5 -42.99 53.66 4 0
-42.99 53.66 4 -44.83 51.83 4 0
-44.83 51.83 4 -47.41 50.34 4 0
-47.41 50.34 4 -47.6 48.01 4 0
-47.6 48.01 4 -47.78 45.52 5.6 0
-47.78 45.52 5.6 -48.52 43.36 5.6 0
-48.52 43.36 5.6 -49.26 42.03 5.6 0
-38.74 55.65 5.2 -38 53.49 5 0
-38 53.49 5 -37.45 50.67 6.2 0
-37.45 50.67 6.2 -36.53 48.68 5.8 0
-36.53 48.68 5.8 -35.61 45.35 7.6 0
-35.61 45.35 7.6 -37.27 44.36 7.2 0
-37.27 44.36 7.2 -40.03 43.86 7.2 0
-40.03 43.86 7.2 -41.88 44.19 7.8 0
-41.88 44.19 7.8 -44.46 45.02 7.8 0
-35.61 45.35 7.6 -33.58 45.19 7 0
-33.58 45.19 7 -32.84 43.86 7 0
-32.84 43.86 7 -31.36 42.53 7 0
-30.07 57.65 4.8 -31.55 54.99 4.8 0
-31.55 54.99 4.8 -32.84 52.33 4.2 0
-32.84 52.33 4.2 -34.5 50.84 4.4 0
-34.5 50.84 4.4 -35.79 49.51 3.8 0
-35.79 49.51 3.8 -36.9 48.18 3.8 0
-36.9 48.18 3.8 -36.34 46.35 3.8 0
-32.84 52.33 4.2 -31.73 48.18 5.6 0
-31.73 48.18 5.6 -32.1 45.19 5.2 0
-32.1 45.19 5.2 -32.28 43.03 5.2 0
-32.28 43.03 5.2 -31.55 41.37 5.2 0
-31.73 48.18 5.6 -29.7 47.85 5.6 0
-29.7 47.85 5.6 -28.96 46.52 5.6 0
-28.96 46.52 5.6 -28.96 44.19 5.6 0
-27.67 57.98 4.8 -27.12 55.82 5.6 0
-27.12 55.82 5.6 -26.93 53 5.4 0
-26.93 53 5.4 -26.38 50.17 5.4 0
-26.38 50.17 5.4 -25.09 47.18 5.4 0
-25.09 47.18 5.4 -26.38 45.69 4.6 0
-26.38 45.69 4.6 -28.41 43.03 4.6 0
-28.41 43.03 4.6 -30.07 41.2 4.6 0
-30.07 41.2 4.6 -30.81 38.21 4.6 0
-30.81 38.21 4.6 -30.62 35.55 4.6 0
-25.09 47.18 5.4 -22.87 44.52 4.8 0
-22.87 44.52 4.8 -21.77 42.86 4.8 0
-21.77 42.86 4.8 -22.32 40.7 3.6 0
-22.32 40.7 3.6 -22.87 39.54 3.6 0
-22.87 39.54 3.6 -21.77 37.55 3.6 0
-21.77 37.55 3.6 -21.77 35.55 3.6 0
-21.77 35.55 3.6 -21.95 33.56 3 0
-21.95 33.56 3 -22.69 31.9 3 0
-22.69 31.9 3 -22.51 29.74 3 0
-22.51 29.74 3 -21.95 27.75 3.2 0
-21.77 42.86 4.8 -19.74 40.04 4.6 0
-19.74 40.04 4.6 -18.26 38.05 4.6 0
-18.26 38.05 4.6 -16.23 35.39 4.6 0
-16.23 35.39 4.6 -12.73 32.07 4.2 0
-12.73 32.07 4.2 -12.36 29.24 3.6 0
-12.36 29.24 3.6 -11.44 27.41 3.6 0
-11.44 27.41 3.6 -11.62 25.42 3.4 0
-12.73 32.07 4.2 -10.33 30.9 4.2 0
-10.33 30.9 4.2 -7.93 28.91 4.2 0
-7.93 28.91 4.2 -6.45 26.09 2.8 0
-7.93 28.91 4.2 -4.79 30.24 4.4 0
-33.21 36.05 5.4 -33.58 34.23 6.4 0
-33.58 34.23 6.4 -34.68 32.73 6.4 0
-34.68 32.73 6.4 -36.16 31.4 5 0
-36.16 31.4 5 -36.53 29.91 5 0
-36.53 29.91 5 -36.16 28.08 4.8 0
-36.16 28.08 4.8 -35.42 26.42 4.8 0
-29.52 38.71 3.4 -28.22 36.55 4.8 0
-28.22 36.55 4.8 -28.41 34.56 5 0
-28.41 34.56 5 -28.22 32.4 5 0
-28.22 32.4 5 -27.3 30.4 5 0
-27.3 30.4 5 -26.56 28.58 5.2 0
-26.56 28.58 5.2 -27.49 27.08 5.2 0
-28.22 36.55 4.8 -26.56 37.05 4.6 0
-26.56 37.05 4.6 -25.09 37.05 4.6 0
-25.09 37.05 4.6 -23.61 35.06 4.6 0
-8.3 57.81 7.2 -10.51 57.31 5.6 0
-10.51 57.31 5.6 -12.73 56.98 5.6 0
-12.73 56.98 5.6 -15.68 55.49 5 0
-15.68 55.49 5 -18.26 53.99 6 0
-18.26 53.99 6 -20.84 51.83 5 0
-20.84 51.83 5 -22.32 48.84 3.4 0
-22.32 48.84 3.4 -23.98 46.19 2.2 0
-23.98 46.19 2.2 -26.93 44.03 3.4 0
-26.93 44.03 3.4 -29.52 43.69 3.2 0
-29.52 43.69 3.2 -32.1 42.86 3.2 0
-32.1 42.86 3.2 -34.5 41.7 3.8 0
-26.93 44.03 3.4 -28.41 41.2 3 0
-28.41 41.2 3 -29.52 38.71 3.4 0
-29.52 38.71 3.4 -31.91 37.88 3 0
-31.91 37.88 3 -33.21 36.05 5.4 0
-33.21 36.05 5.4 -34.68 37.71 4.8 0
-34.68 37.71 4.8 -35.79 36.72 4.6 0
-35.79 36.72 4.6 -36.9 35.22 3.6 0
-36.9 35.22 3.6 -37.63 33.39 3.6 0
-3.26 44.29 7.2 -6.95 44.95 7 0
-6.95 44.95 7 -8.79 45.78 7 0
-8.79 45.78 7 -10.51 46.35 6.2 0
-10.51 46.35 6.2 -12.36 46.19 6.2 0
-12.36 46.19 6.2 -14.02 45.35 6.2 0
-14.02 45.35 6.2 -15.86 43.86 5.2 0
-15.86 43.86 5.2 -16.79 41.7 5.2 0
-16.79 41.7 5.2 -17.52 40.37 3.4 0
-17.52 40.37 3.4 -17.71 38.21 3.4 0
-17.71 38.21 3.4 -17.52 36.05 3.4 0
-17.52 36.05 3.4 -16.42 32.23 3.4 0
-16.42 32.23 3.4 -15.31 29.41 4.6 0
-15.31 29.41 4.6 -14.57 28.08 4.6 0
-14.57 28.08 4.6 -16.42 26.42 6 0
