2.5 -34 -2.5 0.5 -45 -3 0
0.5 -45 -3 -12.8316 -62.0769 -1.82211 0
-12.8316 -62.0769 -1.82211 -8 -59.5 -1.5 0
-8 -59.5 -1.5 -12.5 -58 1 0
-12.5 -58 1 -10.5 -55.5 -1.5 0
-10.5 -55.5 -1.5 -8 -52.5 -1.5 0
-8 -52.5 -1.5 -11.5 -47.5 -1 0
-8 -52.5 -1.5 -4.5 -46 -1.5 0
-12.5 -58 1 -15 -56 2.5 0
-15 -56 2.5 -18 -58.5 2.5 0
-18 -58.5 2.5 -19.5 -63.5 2.5 0
-19.5 -63.5 2.5 -22 -68.5 2.5 0
-15 -56 2.5 -16.5 -55 2 0
-16.5 -55 2 -19.5 -56.5 2 0
-19.5 -56.5 2 -21.5 -59 2 0
-21.5 -59 2 -24.5 -62.5 0 0
-24.5 -62.5 0 -25 -64.5 -0.5 0
-25 -64.5 -0.5 -23 -66 -0.5 0
-25 -64.5 -0.5 -30.5 -64.5 0 0
-30.5 -64.5 0 -34 -65.5 0 0
-34 -65.5 0 -36 -63.5 0 0
-36 -63.5 0 -35.5 -57.5 0 0
-35.5 -57.5 0 -31.5 -55.5 0 0
-36 -63.5 0 -39.5 -63 0 0
-39.5 -63 0 -41 -58.5 0 0
-34 -65.5 0 -34 -68 0 0
-34 -68 0 -41 -69.5 0 0
-41 -69.5 0 -47 -72 0 0
-47 -72 0 -50 -68.5 0 0
-34 -68 0 -33 -71 0 0
-33 -71 0 -30 -71.5 0 0
-16.5 -55 2 -16.5 -50.5 -0.5 0
-16.5 -50.5 -0.5 -17.5 -48 -0.5 0
-17.5 -48 -0.5 -19 -46 -0.5 0
-19 -46 -0.5 -21 -46 -0.5 0
-21 -46 -0.5 -24 -49.5 0 0
-19 -46 -0.5 -23 -43 -2 0
-23 -43 -2 -20.5 -42 -2 0
-20.5 -42 -2 -19 -39 -2 0
-17.5 -48 -0.5 -14.5 -43 -1 0
-14.5 -43 -1 -10.5 -40 -1 0
-10.5 -40 -1 -6 -38.5 -1 0
-6 -38.5 -1 -1.5 -36.5 -3.5 0
-1.5 -36.5 -3.5 1.5 -35.5 -3.5 0
1.5 -35.5 -3.5 4.5 -32.5 -3.5 0
4.5 -32.5 -3.5 6 -29.5 -3.5 0
6 -29.5 -3.5 5 -23.5 -3.5 0
5 -23.5 -3.5 8 -19.5 -3.5 0
8 -19.5 -3.5 8 -14.5 -3 0
8 -19.5 -3.5 9.5 -16.5 -6 0
6 -29.5 -3.5 10 -28 -2 0
10 -28 -2 10 -25 -2 0
10 -25 -2 10.5 -22.5 -2 0
1.5 -35.5 -3.5 6.5 -36.5 -3.5 0
6.5 -36.5 -3.5 11 -36.5 -3.5 0
11 -36.5 -3.5 7.5 -32 -3.5 0
11 -36.5 -3.5 16 -35.5 -3.5 0
16 -35.5 -3.5 21.5 -35.5 -1.5 0
16 -35.5 -3.5 17 -33.5 -3.5 0
17 -33.5 -3.5 18 -29.5 -3.5 0
18 -29.5 -3.5 16 -25.5 -3.5 0
17 -33.5 -3.5 21.5 -30.5 -1 0
21.5 -30.5 -1 25 -30.5 -1 0
25 -30.5 -1 26 -31 -1 0
26 -31 -1 31.5 -32 -1 0
31.5 -32 -1 38 -32.5 -1 0
26 -31 -1 32.5 -29 -1 0
32.5 -29 -1 34 -27 1.5 0
34 -27 1.5 42 -28.5 1.5 0
34 -27 1.5 34 -23.5 1 0
34 -23.5 1 36 -21.5 1 0
36 -21.5 1 39.5 -19 1 0
39.5 -19 1 43 -19.5 1 0
43 -19.5 1 43 -17.5 1 0
43 -19.5 1 46 -23 1 0
39.5 -19 1 37.5 -14 1.5 0
37.5 -14 1.5 37.5 -10.5 1.5 0
-8 -59.5 -1.5 -7.5 -68 4 0
-7.5 -68 4 -7 -73 4 0
-7 -73 4 -13 -74.5 3.5 0
-13 -74.5 3.5 -19.5 -73 3.5 0
-19.5 -73 3.5 -21.5 -71 3.5 0
-21.5 -71 3.5 -22.5 -69.5 4.5 0
-22.5 -69.5 4.5 -22.5 -66.5 4.5 0
-22.5 -69.5 4.5 -28 -72 4.5 0
-19.5 -73 3.5 -23 -78.5 3.5 0
-23 -78.5 3.5 -25.5 -80.5 3.5 0
-25.5 -80.5 3.5 -28 -80.5 3.5 0
-28 -80.5 3.5 -34.5 -75.5 3.5 0
-34.5 -75.5 3.5 -37 -76 3.5 0
-37 -76 3.5 -44 -83.5 2.5 0
-37 -76 3.5 -42.5 -76 3.5 0
-42.5 -76 3.5 -49.5 -82 3.5 0
-49.5 -82 3.5 -61 -83 3.5 0
-61 -83 3.5 -64.5 -86.5 3.5 0
-64.5 -86.5 3.5 -72.5 -88.5 3.5 0
-72.5 -88.5 3.5 -76.5 -88 3.5 0
-72.5 -88.5 3.5 -75.5 -92.5 3.5 0
-51 -81.5 3.5 -51.5 -76.5 1.5 0
-51.5 -76.5 1.5 -54 -75.5 3 0
-54 -75.5 3 -55 -71.5 1 0
-55 -71.5 1 -52 -69 1 0
-55 -71.5 1 -56 -69 1 0
-54 -75.5 3 -60 -73.5 -0.5 0
-60 -73.5 -0.5 -60.5 -70 -0.5 0
-60.5 -70 -0.5 -60 -64.5 -0.5 0
-60 -64.5 -0.5 -63.5 -61 -0.5 0
-63.5 -61 -0.5 -63.5 -57 -0.5 0
-28 -80.5 3.5 -33 -83 3.5 0
-33 -83 3.5 -34.5 -86 3.5 0
-34.5 -86 3.5 -32 -92 3.5 0
-40 -78 3 -37 -72.5 3 0
-37 -72.5 3 -35.5 -71 3.5 0
-35.5 -71 3.5 -31.5 -73 3.5 0
-13 -74.5 3.5 -17.5 -79.5 3.5 0
-17.5 -79.5 3.5 -18.5 -84 3.5 0
-18.5 -84 3.5 -16.5 -84.5 3.5 0
-16.5 -84.5 3.5 -14 -83 3.5 0
-14 -83 3.5 -11.5 -81 3.5 0
-17.5 -79.5 3.5 -23 -85 3.5 0
-23 -85 3.5 -30 -90 3.5 0
-30 -90 3.5 -33.5 -90.5 3.5 0
-33.5 -90.5 3.5 -40 -91.5 3.5 0
-40 -91.5 3.5 -45.5 -89 3.5 0
-45.5 -89 3.5 -49 -85.5 3.5 0
-49 -85.5 3.5 -51 -84 3.5 0
-51 -84 3.5 -51 -81.5 3.5 0
-51 -81.5 3.5 -53 -79 2.5 0
-53 -79 2.5 -55 -78.5 2.5 0
-55 -78.5 2.5 -57 -79 3 0
-57 -79 3 -60.5 -81 3 0
-60.5 -81 3 -62.5 -81 3 0
-62.5 -81 3 -65 -80.5 3 0
-40 -91.5 3.5 -48 -93 3.5 0
-48 -93 3.5 -55 -97.5 3.5 0
-55 -97.5 3.5 -59.5 -99.5 3.5 0
-59.5 -99.5 3.5 -62 -99.5 3.5 0
-62 -99.5 3.5 -66.5 -96.5 2 0
-66.5 -96.5 2 -73 -98.5 2 0
-73 -98.5 2 -80.5 -99.5 2 0
-80.5 -99.5 2 -86 -99 2 0
-7 -73 4 -5 -81 4 0
-5 -81 4 -9 -85 2.5 0
-9 -85 2.5 -7 -87.5 3.5 0
-7 -87.5 3.5 -6.5 -90.5 3.5 0
-9 -85 2.5 -13 -87.5 2.5 0
-13 -87.5 2.5 -16.5 -90 2.5 0
-16.5 -90 2.5 -22.5 -88 2.5 0
-22.5 -88 2.5 -29 -86.5 2.5 0
-29 -86.5 2.5 -34.5 -84.5 1.5 0
-34.5 -84.5 1.5 -37.5 -83 3 0
-37.5 -83 3 -40 -78 3 0
-40 -78 3 -42.5 -76.5 3 0
-42.5 -76.5 3 -46 -78 3 0
-46 -78 3 -49 -82 3 0
-49 -82 3 -50 -83 3 0
-16.5 -90 2.5 -21 -96.5 3.5 0
-21 -96.5 3.5 -26 -95 3 0
-26 -95 3 -24 -92 3 0
-24 -92 3 -21.5 -90 3 0
-21.5 -90 3 -15.5 -86 3 0
-15.5 -86 3 -10 -80.5 3 0
-26 -95 3 -27 -96 3 0
-27 -96 3 -33.5 -95.5 3 0
-27 -96 3 -30.5 -98.5 3 0
-30.5 -98.5 3 -34.5 -99.5 3 0
-34.5 -99.5 3 -41 -98 3 0
-41 -98 3 -45 -97 3 0
-45 -97 3 -50.5 -95.5 3 0
-34.5 -99.5 3 -38.5 -101 3 0
-38.5 -101 3 -47 -102 3 0
-47 -102 3 -52 -100.5 3 0
-52 -100.5 3 -54.5 -99 3 0
-54.5 -99 3 -58 -100.5 3 0
-21 -96.5 3.5 -25 -102.5 4.5 0
-25 -102.5 4.5 -23 -104.5 4 0
-23 -104.5 4 -29 -114 4 0
-29 -114 4 -32.5 -115.5 4 0
-32.5 -115.5 4 -30 -119.5 4 0
-32.5 -115.5 4 -36 -121 4 0
-36 -121 4 -37.5 -135 4 0
-29 -114 4 -30.5 -117.5 4 0
-30.5 -117.5 4 -33.5 -122.5 4 0
-33.5 -122.5 4 -33.5 -125.5 4 0
-33.5 -125.5 4 -30.5 -132 4 0
-25 -102.5 4.5 -30 -106.5 4.5 0
-30 -106.5 4.5 -35.5 -109 4.5 0
-35.5 -109 4.5 -43.5 -106.5 4.5 0
-43.5 -106.5 4.5 -49 -107 4.5 0
-49 -107 4.5 -56 -104 4.5 0
-56 -104 4.5 -63 -104.5 4.5 0
-63 -104.5 4.5 -68.5 -107 4.5 0
-68.5 -107 4.5 -75 -97 5 0
-75 -97 5 -76.5 -94 4.5 0
-76.5 -94 4.5 -81.5 -95 4.5 0
-49 -107 4.5 -55.5 -109.5 4.5 0
-55.5 -109.5 4.5 -62.5 -109.5 4.5 0
-62.5 -109.5 4.5 -67 -108 4.5 0
-62.5 -109.5 4.5 -72 -112 5.5 0
-72 -112 5.5 -77.5 -110.5 6.5 0
-77.5 -110.5 6.5 -78.5 -118 6.5 0
-78.5 -118 6.5 -84 -120.5 6.5 0
-77.5 -110.5 6.5 -80 -109 6 0
-80 -109 6 -81.5 -113.5 6 0
-81.5 -113.5 6 -84.5 -115.5 6 0
-84.5 -115.5 6 -89 -111 6 0
-84.5 -115.5 6 -87 -119.5 6 0
-87 -119.5 6 -87 -121 6 0
-87 -121 6 -84.5 -122.5 6 0
-80 -109 6 -81.5 -105.5 5 0
-35.5 -109 4.5 -41 -115.5 4.5 0
-41 -115.5 4.5 -46 -118 4.5 0
-46 -118 4.5 -53.5 -114 4.5 0
-53.5 -114 4.5 -60.5 -119 4.5 0
-60.5 -119 4.5 -65 -120.5 4.5 0
-65 -120.5 4.5 -70 -117 4.5 0
-70 -117 4.5 -78 -127.5 5 0
-78 -127.5 5 -79.5 -127 5 0
-79.5 -127 5 -85.5 -123.5 5 0
-85.5 -123.5 5 -91.5 -123.5 4 0
-91.5 -123.5 4 -99 -121 4 0
-85.5 -123.5 5 -89.5 -121 5 0
-89.5 -121 5 -93 -120.5 5 0
-93 -120.5 5 -94.5 -117.5 5 0
-94.5 -117.5 5 -96.5 -115.5 5 0
-94.5 -117.5 5 -93 -116.5 5 0
-89.5 -121 5 -88 -118.5 5 0
-79.5 -127 5 -87.5 -126 5 0
-78 -127.5 5 -80.5 -129 5 0
-46 -118 4.5 -47 -120.5 4.5 0
-47 -120.5 4.5 -44.5 -129 4.5 0
-44.5 -129 4.5 -42.5 -135.5 4.5 0
-42.5 -135.5 4.5 -43.5 -142 4.5 0
-43.5 -142 4.5 -45.5 -142 4.5 0
-45.5 -142 4.5 -47 -144 4.5 0
-47 -144 4.5 -48.5 -143.5 4.5 0
-44.5 -129 4.5 -47.5 -136.5 4.5 0
-47.5 -136.5 4.5 -50 -141.5 4.5 0
-50 -141.5 4.5 -46.5 -143.5 4.5 0
-46.5 -143.5 4.5 -46.5 -147 4.5 0
-46.5 -143.5 4.5 -41.5 -143.5 4 0
-50 -141.5 4.5 -53.5 -145 4.5 0
-53.5 -145 4.5 -57 -146.5 4.5 0
-47 -120.5 4.5 -51 -123 4.5 0
-51 -123 4.5 -54 -126 4.5 0
-54 -126 4.5 -51.5 -134 4.5 0
-51.5 -134 4.5 -53.5 -139.5 4.5 0
-53.5 -139.5 4.5 -59 -141 5.5 0
-54 -126 4.5 -60.5 -130 6 0
-60.5 -130 6 -68.5 -128.5 6 0
-68.5 -128.5 6 -71 -130 6 0
-71 -130 6 -74 -132.5 6 0
-74 -132.5 6 -80 -133 6 0
-80 -133 6 -87 -140 6 0
-60.5 -130 6 -65.5 -136 6 0
-65.5 -136 6 -70.5 -142.5 6 0
-70.5 -142.5 6 -72.5 -143 6 0
-72.5 -143 6 -77 -140 6 0
-77 -140 6 -74.5 -128 6 0
-74.5 -128 6 -73 -125 6 0
-77 -140 6 -80.5 -141 6 0
-72.5 -143 6 -79.5 -152 6 0
-79.5 -152 6 -83.5 -156.5 6 0
-29.5 -104 6.5 -37 -107 8 0
-37 -107 8 -39.5 -106.5 8 0
-39.5 -106.5 8 -43.5 -106 8 0
-39.5 -106.5 8 -39.5 -104.5 8 0
-5 -81 4 -0.5 -90 6.5 0
-0.5 -90 6.5 -0.5 -95 6.5 0
-0.5 -95 6.5 4.5 -88.5 6.5 0
4.5 -88.5 6.5 2.5 -83.5 6.5 0
2.5 -83.5 6.5 2.5 -82.5 6 0
2.5 -82.5 6 0 -81.5 6 0
2.5 -82.5 6 3 -76.5 6 0
4.5 -88.5 6.5 9.5 -89 7 0
9.5 -89 7 12.5 -90.5 7 0
12.5 -90.5 7 16 -96.5 7 0
16 -96.5 7 9 -101 7 0
9 -101 7 7.5 -105 5.5 0
7.5 -105 5.5 4 -107.5 5.5 0
4 -107.5 5.5 4.5 -112 5.5 0
4.5 -112 5.5 4.5 -118.5 5.5 0
4.5 -118.5 5.5 3.5 -119.5 5.5 0
3.5 -119.5 5.5 3.5 -121.5 5.5 0
3.5 -119.5 5.5 2 -121 5.5 0
7.5 -105 5.5 9 -118 6 0
9 -118 6 7 -127.5 6 0
9.5 -89 7 13 -85 6.5 0
13 -85 6.5 10.5 -79.5 8 0
10.5 -79.5 8 4.5 -75 7.5 0
4.5 -75 7.5 -1 -70 7.5 0
-1 -70 7.5 1.5 -67 7.5 0
-0.5 -95 6.5 -1 -104.5 6.5 0
-1 -104.5 6.5 -2 -111 6.5 0
-2 -111 6.5 -8 -108.5 6.5 0
-8 -108.5 6.5 -11 -106 6.5 0
-11 -106 6.5 -13.5 -106 6.5 0
-13.5 -106 6.5 -15.5 -102.5 6.5 0
-15.5 -102.5 6.5 -22.5 -104.5 6.5 0
-22.5 -104.5 6.5 -26 -106 6.5 0
-26 -106 6.5 -29.5 -104 6.5 0
-29.5 -104 6.5 -33 -101.5 6.5 0
-11 -106 6.5 -11 -102.5 6.5 0
-11 -102.5 6.5 -12 -99 6.5 0
-12 -99 6.5 -11.5 -96.5 6.5 0
-11.5 -96.5 6.5 -15.5 -92.5 6.5 0
-15.5 -92.5 6.5 -24 -95 6.5 0
-24 -95 6.5 -28 -94.5 6.5 0
-11.5 -96.5 6.5 -10.5 -92 6.5 0
-10.5 -92 6.5 -12 -89.5 6.5 0
-12 -89.5 6.5 -15.5 -91 6.5 0
-11 -102.5 6.5 -9 -98.5 6.5 0
-9 -98.5 6.5 -6.5 -93 7 0
-6.5 -93 7 -5.5 -88 7 0
-9 -98.5 6.5 -2.5 -96.5 7 0
-2 -111 6.5 -1.5 -119.5 6.5 0
-1.5 -119.5 6.5 -8 -125 6.5 0
-8 -125 6.5 -10 -127.5 6.5 0
-10 -127.5 6.5 -13.5 -125 6.5 0
-13.5 -125 6.5 -20 -127 7 0
-20 -127 7 -28 -127 7 0
-28 -127 7 -31.5 -125.5 7 0
-31.5 -125.5 7 -32.5 -124 7 0
-13.5 -125 6.5 -13.5 -122 7.5 0
-13.5 -122 7.5 -17.5 -116.5 7.5 0
-17.5 -116.5 7.5 -14.5 -114 7.5 0
-17.5 -116.5 7.5 -20.5 -115 7.5 0
-20.5 -115 7.5 -23 -119 7.5 0
-23 -119 7.5 -24 -120 7.5 0
-20.5 -115 7.5 -22 -111.5 9 0
-13.5 -122 7.5 -8 -115.5 7.5 0
-8 -115.5 7.5 -5.5 -114.5 7.5 0
-8 -115.5 7.5 -5.5 -116 7.5 0
-10 -127.5 6.5 -11 -130 7.5 0
-11 -130 7.5 -10 -136 7.5 0
-10 -136 7.5 -11 -138.5 7.5 0
-11 -138.5 7.5 -15 -144.5 7.5 0
-11 -130 7.5 -19 -136.5 7.5 0
-19 -136.5 7.5 -25 -141.5 7.5 0
-25 -141.5 7.5 -32.5 -138 7.5 0
-32.5 -138 7.5 -34 -138.5 7.5 0
-34 -138.5 7.5 -36 -133.5 7.5 0
-36 -133.5 7.5 -35.5 -131.5 7.5 0
-35.5 -131.5 7.5 -39.5 -130 7.5 0
-35.5 -131.5 7.5 -33 -130 7.5 0
-34 -138.5 7.5 -40.5 -144 7.5 0
-25 -141.5 7.5 -27 -146 7 0
-27 -146 7 -29 -154.5 7 0
-29 -154.5 7 -30.5 -156.5 7 0
-30.5 -156.5 7 -32 -159.5 7 0
-30.5 -156.5 7 -35.5 -158 7 0
-27 -146 7 -31 -149 7 0
-31 -149 7 -36 -149 7.5 0
-36 -149 7.5 -38 -151 7.5 0
-38 -151 7.5 -43.5 -150 7.5 0
-43.5 -150 7.5 -49.5 -151 7.5 0
-49.5 -151 7.5 -50.5 -151 7.5 0
-50.5 -151 7.5 -54 -150 7.5 0
-54 -150 7.5 -56.5 -144 7.5 0
-50.5 -151 7.5 -60.5 -152.5 8 0
-60.5 -152.5 8 -64.5 -156 8 0
-64.5 -156 8 -67 -166 7.5 0
-38 -151 7.5 -45.5 -156.5 4.5 0
-45.5 -156.5 4.5 -54.5 -162.5 4.5 0
-54.5 -162.5 4.5 -58 -164 5 0
-40 -155 7 -44.5 -157 7 0
-44.5 -157 7 -48.5 -155.5 7 0
-48.5 -155.5 7 -51.5 -152.5 7 0
-44.5 -157 7 -48.5 -164.5 7 0
-31 -149 7 -33 -153.5 7 0
-33 -153.5 7 -36 -153.5 7 0
-36 -153.5 7 -39 -160 7 0
-39 -160 7 -40 -163.5 7 0
-33 -153.5 7 -40 -155 7 0
-40 -155 7 -41.5 -151.5 7 0
-1.5 -119.5 6.5 -0.5 -129 7 0
-0.5 -129 7 10 -131.5 7 0
10 -131.5 7 11.5 -126.5 7 0
11.5 -126.5 7 13 -122.5 8 0
13 -122.5 8 20 -125 8 0
20 -125 8 20 -121 8 0
20 -121 8 12.5 -114.5 8 0
12.5 -114.5 8 12.5 -109.5 8 0
12.5 -109.5 8 15 -108.5 8.5 0
20 -121 8 21.5 -118 8 0
21.5 -118 8 20.5 -114.5 9 0
20.5 -114.5 9 17 -109.5 9 0
20.5 -114.5 9 29 -112.5 9 0
29 -112.5 9 33 -110.5 11.5 0
29 -112.5 9 33.5 -114.5 9 0
33.5 -114.5 9 38 -112 9 0
38 -112 9 34.5 -106.5 9 0
34.5 -106.5 9 36.5 -105 9 0
34.5 -106.5 9 32 -104.5 9 0
38 -112 9 42.5 -112 9 0
20 -125 8 22.5 -125.5 8 0
22.5 -125.5 8 26 -121.5 8 0
26 -121.5 8 26 -118.5 8 0
26 -118.5 8 27 -116.5 8 0
27 -116.5 8 29.5 -117 8 0
26 -121.5 8 30.5 -120.5 8 0
30.5 -120.5 8 33.5 -116 8 0
33.5 -116 8 38 -114 8 0
22.5 -125.5 8 25 -126.5 8.5 0
25 -126.5 8.5 30.5 -125.5 8.5 0
10 -131.5 7 13.5 -134 8.5 0
13.5 -134 8.5 9 -138.5 9 0
9 -138.5 9 6.5 -136.5 9 0
6.5 -136.5 9 3 -137.5 8.5 0
9 -138.5 9 8.5 -142 9 0
8.5 -142 9 13 -147.5 9 0
13 -147.5 9 13 -151.5 9 0
13 -151.5 9 9 -154 9 0
9 -154 9 6.5 -164 9.5 0
8.5 -142 9 6.5 -142 9 0
6.5 -142 9 4 -141.5 9 0
4 -141.5 9 -2 -148 9 0
-2 -148 9 -4 -148 9 0
-4 -148 9 -6 -155.5 9 0
-6 -155.5 9 -6 -160 9.5 0
-2 -148 9 -3 -153 9 0
-3 -153 9 -3.5 -158 9 0
6.5 -142 9 6 -153 9.5 0
9 -159 9 11.5 -162.5 9 0
11.5 -162.5 9 9 -165.5 9 0
9 -165.5 9 11 -170 9 0
11 -170 9 15.5 -174.5 9.5 0
15.5 -174.5 9.5 18.5 -176.5 9.5 0
18.5 -176.5 9.5 13 -179.5 9.5 0
13 -179.5 9.5 9.5 -182.5 9.5 0
13.5 -134 8.5 15 -135.5 8.5 0
15 -135.5 8.5 18.5 -134 8.5 0
18.5 -134 8.5 21.5 -130.5 8.5 0
21.5 -130.5 8.5 14.5 -128 8.5 0
21.5 -130.5 8.5 23.5 -130 8.5 0
23.5 -130 8.5 25.5 -128 8.5 0
23.5 -130 8.5 26 -131.5 8.5 0
26 -131.5 8.5 26 -134 8.5 0
26 -131.5 8.5 31.5 -128.5 8.5 0
15 -135.5 8.5 19 -138 9 0
19 -138 9 19 -142 9 0
19 -142 9 21 -146.5 8.5 0
21 -146.5 8.5 25.5 -149 8.5 0
25.5 -149 8.5 30 -146 8.5 0
30 -146 8.5 30.5 -144.5 9 0
30.5 -144.5 9 32 -141 9 0
32 -141 9 26 -138 9.5 0
26 -138 9.5 24 -140 9.5 0
24 -140 9.5 24 -142.5 9.5 0
26 -138 9.5 28 -133 9.5 0
32 -141 9 36.5 -138.5 9 0
36.5 -138.5 9 38 -136.5 9 0
38 -136.5 9 41 -132 9 0
38 -136.5 9 45 -137.5 9 0
30.5 -144.5 9 35 -147.5 7.5 0
35 -147.5 7.5 40 -148 7.5 0
40 -148 7.5 43.5 -148.5 7.5 0
43.5 -148.5 7.5 47.5 -146.5 7.5 0
19 -142 9 15.5 -148.5 9 0
15.5 -148.5 9 17.5 -152.5 9 0
17.5 -152.5 9 23 -154 9 0
23 -154 9 27.5 -156.5 10 0
27.5 -156.5 10 33.5 -157.5 10 0
33.5 -157.5 10 37.5 -156 10 0
-0.5 -129 7 -3 -135.5 7 0
-3 -135.5 7 -9.5 -143 9 0
-9.5 -143 9 -13 -146.5 9 0
-13 -146.5 9 -17 -149 9 0
-17 -149 9 -20 -145 9 0
-20 -145 9 -21 -143.5 9 0
-21 -143.5 9 -18.5 -140 9 0
-18.5 -140 9 -18.5 -137 10 0
-18.5 -137 10 -24 -131.5 10 0
-24 -131.5 10 -27.5 -133.5 10 0
-24 -131.5 10 -25 -128 10 0
-25 -128 10 -23 -123 10 0
-23 -123 10 -22 -120.5 10 0
-17 -149 9 -18.5 -152.5 10 0
-18.5 -152.5 10 -19 -158 10 0
-19 -158 10 -23 -163 9.5 0
-23 -163 9.5 -27 -165.5 9.5 0
-27 -165.5 9.5 -31 -167.5 9.5 0
-31 -167.5 9.5 -35 -166 9.5 0
-18.5 -152.5 10 -21.5 -152.5 10 0
-21.5 -152.5 10 -26 -153 10 0
-26 -153 10 -29 -152 10 0
-21.5 -152.5 10 -25.5 -157 10 0
-25.5 -157 10 -29.5 -160.5 10 0
-29.5 -160.5 10 -36.5 -160 10 0
-36.5 -160 10 -37.5 -159 10 0
-3 -135.5 7 -4 -142.5 10 0
-4 -142.5 10 3 -146.5 10 0
3 -146.5 10 1 -153 10 0
1 -153 10 2 -157 10.5 0
2 -157 10.5 9 -159 9 0
9 -159 9 14 -157.5 10 0
14 -157.5 10 19.5 -155.5 10 0
19.5 -155.5 10 23 -155.5 9.5 0
14 -157.5 10 18 -162 10 0
18 -162 10 19.5 -167.5 10 0
2 -157 10.5 1.5 -164 10 0
1.5 -164 10 -4.5 -166.5 10 0
-4.5 -166.5 10 -11.5 -170 10 0
-11.5 -170 10 -14 -170 10 0
-14 -170 10 -19 -173.5 10.5 0
-19 -173.5 10.5 -27 -179.5 9.5 0
-27 -179.5 9.5 -31.5 -184.5 9.5 0
-31.5 -184.5 9.5 -40 -183 9.5 0
-40 -183 9.5 -42.5 -183.5 9.5 0
-11.5 -170 10 -16.5 -179 10 0
-16.5 -179 10 -15.5 -181 10 0
-15.5 -181 10 -11 -183 10 0
-11 -183 10 -10 -184.5 10 0
-10 -184.5 10 -10.5 -188.5 10 0
-10.5 -188.5 10 -8 -187.5 10 0
-8 -187.5 10 -6 -191 10.5 0
-10.5 -188.5 10 -13 -192 10 0
-15.5 -181 10 -16.5 -184 10 0
-16.5 -184 10 -13.5 -188 10.5 0
-13.5 -188 10.5 -15 -190.5 10.5 0
-15 -190.5 10.5 -11 -196 11 0
-15 -190.5 10.5 -19.5 -197.5 10.5 0
-19.5 -197.5 10.5 -19.5 -203 10.5 0
-13 -192.5 13 -12.5 -196.5 13 0
-12.5 -196.5 13 -15.5 -199.5 13 0
-12.5 -196.5 13 -9.5 -197.5 12 0
-9.5 -197.5 12 -11.5 -201.5 12 0
-11.5 -201.5 12 -10 -205.5 12 0
-10 -205.5 12 -7 -212.5 12 0
-7 -212.5 12 -9 -216.5 12 0
-7 -212.5 12 -5 -212.5 12 0
-9.5 -197.5 12 -7 -199 11 0
-16.5 -179 10 -23.5 -182.5 10 0
-23.5 -182.5 10 -26.5 -182.5 10 0
-26.5 -182.5 10 -29 -181 10 0
-29 -181 10 -27.5 -177 10.5 0
-27.5 -177 10.5 -24.5 -173 10.5 0
-24.5 -173 10.5 -24 -170 10.5 0
-24 -170 10.5 -33 -164 10.5 0
-33 -164 10.5 -34 -162.5 10.5 0
-34 -162.5 10.5 -28 -155.5 11 0
-23.5 -182.5 10 -30.5 -188.5 9.5 0
-30.5 -188.5 9.5 -34.5 -191 9.5 0
-34.5 -191 9.5 -42.5 -192 9.5 0
-29 -181 10 -34 -177.5 10 0
1.5 -164 10 3.5 -172 10 0
-45 -184.5 9 -44.5 -194.5 11.5 0
-44.5 -194.5 11.5 -49.5 -199.5 11.5 0
-49.5 -199.5 11.5 -54 -209.5 11.5 0
-54 -209.5 11.5 -59.5 -216 11.5 0
-59.5 -216 11.5 -61.5 -220 12 0
-61.5 -220 12 -69 -228 12 0
-69 -228 12 -70 -230.5 12 0
-70 -230.5 12 -79.5 -242 12 0
-79.5 -242 12 -82 -247.5 12 0
-82 -247.5 12 -98 -248 12 0
-98 -248 12 -99.5 -248 12 0
-99.5 -248 12 -105 -250.5 12 0
-99.5 -248 12 -102 -246 12 0
-70 -230.5 12 -72.5 -240 12 0
-72.5 -240 12 -72.5 -244.5 12 0
-72.5 -244.5 12 -76 -247 12 0
-76 -247 12 -76 -251 12 0
-70.5 -245.5 11 -74 -247.5 11 0
-61.5 -220 12 -62.5 -230.5 11.5 0
-62.5 -230.5 11.5 -65.5 -235.5 10.5 0
-65.5 -235.5 10.5 -65.5 -247 10.5 0
-65.5 -235.5 10.5 -71 -243 11 0
-71 -243 11 -70.5 -245.5 11 0
-70.5 -245.5 11 -64 -249.5 11 0
-44.5 -194.5 11.5 -43 -197 11.5 0
-43 -197 11.5 -43 -202.5 11 0
-43 -202.5 11 -47 -208.5 11 0
-47 -208.5 11 -52 -213.5 11 0
-52 -213.5 11 -57.5 -219 11 0
-57.5 -219 11 -58 -222.5 11 0
-58 -222.5 11 -60 -225.5 11 0
-60 -225.5 11 -60 -231.5 11 0
-60 -231.5 11 -59 -232.5 11 0
-58 -222.5 11 -56.5 -225 11 0
-56.5 -225 11 -57 -231.5 11 0
-57 -231.5 11 -59.5 -235 11 0
-59.5 -235 11 -64 -238 11 0
-56.5 -225 11 -50 -227 11 0
-50 -227 11 -48 -226.5 11 0
-52 -213.5 11 -52.5 -220 11 0
-52.5 -220 11 -50 -224.5 11 0
-50 -224.5 11 -50 -230.5 11 0
-50 -230.5 11 -50.5 -235.5 11 0
-50 -230.5 11 -54 -234 11 0
-43 -197 11.5 -34 -198 11.5 0
-34 -198 11.5 -31.5 -199.5 10.5 0
-31.5 -199.5 10.5 -28.5 -197.5 11.5 0
-28.5 -197.5 11.5 -29 -193 11.5 0
-29 -193 11.5 -24.5 -196 11.5 0
-28.5 -197.5 11.5 -27 -198 11.5 0
-27 -198 11.5 -26 -193.5 11.5 0
-26 -193.5 11.5 -28 -191 11.5 0
-28 -191 11.5 -31 -187 11.5 0
-27 -198 11.5 -23.5 -203.5 11.5 0
-31.5 -199.5 10.5 -32 -202.5 10.5 0
-32 -202.5 10.5 -35 -205 10.5 0
-35 -205 10.5 -40.5 -207.5 12 0
-40.5 -207.5 12 -43.5 -212.5 12 0
-43.5 -212.5 12 -45.5 -212.5 12 0
-45.5 -212.5 12 -47.5 -216 12 0
-47.5 -216 12 -50 -219.5 12 0
-50 -219.5 12 -47.5 -224 12 0
-47.5 -224 12 -43.5 -226.5 12 0
-43.5 -226.5 12 -44 -233.5 12 0
-44 -233.5 12 -48 -236 12 0
-44 -233.5 12 -44 -238.5 12 0
-47.5 -216 12 -45.5 -219.5 11.5 0
-45.5 -219.5 11.5 -45.5 -225 11.5 0
-45.5 -225 11.5 -47.5 -230.5 11.5 0
-47.5 -230.5 11.5 -53.5 -231 11.5 0
-43.5 -212.5 12 -42 -220.5 12 0
-42 -220.5 12 -36.5 -220.5 12 0
-36.5 -220.5 12 -32.5 -226.5 12 0
-32.5 -226.5 12 -32.5 -228 12 0
-42 -220.5 12 -40 -226.5 11.5 0
-40 -226.5 11.5 -37.5 -227 11.5 0
-37.5 -227 11.5 -37.5 -232 11.5 0
-36.5 -234 12 -35.5 -240 12 0
-35 -205 10.5 -36 -211.5 11.5 0
-36 -211.5 11.5 -32.5 -210.5 11.5 0
-32.5 -210.5 11.5 -27 -204.5 12 0
-32.5 -210.5 11.5 -30 -211 11.5 0
-36 -211.5 11.5 -36 -212.5 11.5 0
-36 -212.5 11.5 -44.5 -217 11.5 0
-36 -212.5 11.5 -33 -214 12 0
-33 -214 12 -39.5 -220.5 12 0
-39.5 -220.5 12 -40 -229 12 0
-40 -229 12 -41.5 -234 12 0
-41.5 -234 12 -36.5 -234 12 0
-36.5 -234 12 -34.5 -232 12 0
-33 -214 12 -30.5 -215 12 0
-30.5 -215 12 -30 -217 12 0
-30 -217 12 -26 -216 12 0
-26 -216 12 -24.5 -214 12 0
-30 -217 12 -30 -218 12 0
-30 -218 12 -34 -218.5 12.5 0
-34 -218.5 12.5 -37.5 -217.5 12.5 0
-30 -218 12 -36 -219 12 0
-32 -202.5 10.5 -27.5 -210.5 11 0
-27.5 -210.5 11 -25 -213 10.5 0
-25 -213 10.5 -19 -210 11 0
-19 -210 11 -18.5 -206 11 0
-18.5 -206 11 -16.5 -204.5 11 0
-18.5 -206 11 -19.5 -204 11 0
-19 -210 11 -15.5 -208.5 12 0
-25 -213 10.5 -21 -215 14 0
-21 -215 14 -25.5 -218.5 13.5 0
-25.5 -218.5 13.5 -26.5 -221.5 13.5 0
-26.5 -221.5 13.5 -27 -223.5 15 0
-27 -223.5 15 -28 -227 15 0
-28 -227 15 -24.5 -228.5 15 0
-24.5 -228.5 15 -21 -227.5 15 0
-28 -227 15 -30 -231.5 15 0
-30 -231.5 15 -30 -237.5 15 0
-30 -231.5 15 -25.5 -235.5 15 0
-27 -223.5 15 -23.5 -222.5 15 0
-23.5 -222.5 15 -20.5 -226.5 15 0
-20.5 -226.5 15 -17.5 -231.5 15 0
-17.5 -231.5 15 -23 -238.5 15 0
-23 -238.5 15 -33.5 -245.5 15 0
-23 -238.5 15 -22 -242 15 0
-17.5 -231.5 15 -17.5 -236.5 15 0
-17.5 -236.5 15 -14.5 -241 15 0
-17.5 -236.5 15 -15 -236.5 15 0
-21 -215 14 -17 -213 13 0
-17 -213 13 -14 -213 13 0
-14 -213 13 -17 -216.5 13 0
-17 -216.5 13 -12 -220 13 0
-12 -220 13 -14.5 -222 13 0
-12 -220 13 -9 -220.5 13 0
-4 -142.5 10 -9 -152.5 10 0
-9 -152.5 10 -12 -158.5 10 0
-12 -158.5 10 -20 -163.5 10 0
-20 -163.5 10 -27 -168.5 9.5 0
-27 -168.5 9.5 -31 -171 9.5 0
-31 -171 9.5 -35.5 -167.5 9.5 0
-35.5 -167.5 9.5 -39 -168.5 9.5 0
-39 -168.5 9.5 -42 -166.5 9.5 0
-42 -166.5 9.5 -46.5 -167.5 9.5 0
-46.5 -167.5 9.5 -49.5 -166.5 10 0
-49.5 -166.5 10 -55 -167 10 0
-49.5 -166.5 10 -51 -165 10 0
-51 -165 10 -48.5 -161 10 0
-51 -165 10 -53.5 -163 10 0
-39 -168.5 9.5 -41 -172.5 9 0
-41 -172.5 9 -49 -172 10 0
-49 -172 10 -50 -168 10 0
-49 -172 10 -58 -170.5 10 0
-41 -172.5 9 -42 -175 9 0
-42 -175 9 -46 -177.5 10 0
-46 -177.5 10 -48 -177 10 0
-48 -177 10 -50.5 -173 10 0
-50.5 -173 10 -52.5 -172 10 0
-48 -177 10 -53 -177.5 10 0
-53 -177.5 10 -57 -174 10 0
-57 -174 10 -65 -173 10.5 0
-53 -177.5 10 -57.5 -182.5 10 0
-57.5 -182.5 10 -64 -186 10 0
-62 -188 9.5 -65 -190 9.5 0
-65 -190 9.5 -73 -191.5 11 0
-73 -191.5 11 -74.5 -195.5 11 0
-74.5 -195.5 11 -80.5 -195.5 10.5 0
-80.5 -195.5 10.5 -87 -196.5 10.5 0
-87 -196.5 10.5 -94 -199.5 10.5 0
-74.5 -195.5 11 -76.5 -200.5 11 0
-76.5 -200.5 11 -84 -202.5 11 0
-84 -202.5 11 -90 -202 11 0
-84 -202.5 11 -87.5 -206.5 11 0
-65 -190 9.5 -69.5 -197.5 12 0
-69.5 -197.5 12 -71.5 -199.5 12 0
-71.5 -199.5 12 -71 -206.5 12 0
-71 -206.5 12 -79 -210.5 12 0
-79 -210.5 12 -82.5 -212.5 12 0
-82.5 -212.5 12 -87 -212.5 12 0
-87 -212.5 12 -91.5 -216.5 12 0
-82.5 -212.5 12 -89.5 -218.5 12 0
-89.5 -218.5 12 -92.5 -221.5 12 0
-92.5 -221.5 12 -92.5 -225 12 0
-92.5 -221.5 12 -95 -222.5 12 0
-71.5 -199.5 12 -76.5 -202 12 0
-76.5 -202 12 -86 -209.5 12.5 0
-86 -209.5 12.5 -88.5 -208.5 11 0
-88.5 -208.5 11 -91.5 -210 11 0
-91.5 -210 11 -91.5 -206 11 0
-91.5 -206 11 -95 -203 11.5 0
-91.5 -210 11 -93.5 -211 11 0
-93.5 -211 11 -98 -211.5 11 0
-98 -211.5 11 -102 -214 11 0
-102 -214 11 -111.5 -218.5 10.5 0
-93.5 -211 11 -98.5 -216 11 0
-98.5 -216 11 -99 -220.5 11 0
-99 -220.5 11 -98.5 -224 11 0
-98.5 -224 11 -103.5 -222 11 0
-103.5 -222 11 -109 -226 11 0
-98.5 -224 11 -103.5 -229.5 11 0
-103.5 -229.5 11 -108 -230 11 0
-86 -209.5 12.5 -96 -216.5 12.5 0
-96 -216.5 12.5 -100 -219 12.5 0
-83.5 -213 10.5 -82 -216.5 11 0
-69.5 -206.5 10.5 -71.5 -210.5 10.5 0
-71.5 -210.5 10.5 -80 -216 10.5 0
-80 -216 10.5 -84.5 -222.5 10.5 0
-84.5 -222.5 10.5 -88 -225 10.5 0
-88 -225 10.5 -94.5 -228.5 10.5 0
-84.5 -222.5 10.5 -84 -228.5 10.5 0
-84 -228.5 10.5 -79.5 -229.5 10.5 0
-84 -228.5 10.5 -83 -234.5 10.5 0
-83 -234.5 10.5 -77 -239 10.5 0
-83 -234.5 10.5 -86 -241.5 10.5 0
-71.5 -210.5 10.5 -72 -216.5 11.5 0
-72 -216.5 11.5 -69 -216.5 12 0
-69 -216.5 12 -66.5 -214.5 12 0
-66.5 -214.5 12 -63.5 -213 12 0
-72 -216.5 11.5 -74.5 -221.5 11.5 0
-74.5 -221.5 11.5 -77 -226.5 11.5 0
-77 -226.5 11.5 -76 -236 11.5 0
-46 -177.5 10 -52 -182 10 0
-52 -182 10 -55 -181 10 0
-55 -181 10 -60.5 -184 10 0
-60.5 -184 10 -62.5 -183.5 10 0
-52 -182 10 -58 -186.5 10 0
-57.5 -189 9.5 -61.5 -199.5 10.5 0
-61.5 -199.5 10.5 -69.5 -206.5 10.5 0
-69.5 -206.5 10.5 -75 -207.5 10.5 0
-75 -207.5 10.5 -82 -211 10.5 0
-82 -211 10.5 -83.5 -213 10.5 0
-83.5 -213 10.5 -89 -217.5 10.5 0
-89 -217.5 10.5 -92.5 -226.5 10.5 0
-92.5 -226.5 10.5 -96 -235 10.5 0
-96 -235 10.5 -92.5 -242 10.5 0
-96 -235 10.5 -99 -238 10.5 0
-99 -238 10.5 -101.5 -241.5 10.5 0
-99 -238 10.5 -94 -244 10.5 0
-31 -171 9.5 -32.5 -172.5 9.5 0
-32.5 -172.5 9.5 -33 -181 9.5 0
-33 -181 9.5 -37 -187.5 9.5 0
-37 -187.5 9.5 -41 -186.5 9.5 0
-37 -187.5 9.5 -42.5 -190.5 9.5 0
-32.5 -172.5 9.5 -39 -178.5 9 0
-39 -178.5 9 -45 -184.5 9 0
-45 -184.5 9 -50.5 -186 9.5 0
-50.5 -186 9.5 -51 -190.5 10 0
-51 -190.5 10 -52.5 -194 10 0
-52.5 -194 10 -58 -197 10 0
-58 -197 10 -60.5 -203 10 0
-60.5 -203 10 -61 -207.5 10 0
-61 -207.5 10 -65 -212 9.5 0
-65 -212 9.5 -68.5 -213.5 9.5 0
-52.5 -194 10 -51.5 -196 10 0
-51.5 -196 10 -56 -207.5 10 0
-51.5 -196 10 -57.5 -204 10 0
-57.5 -204 10 -60 -209.5 10 0
-60 -209.5 10 -63.5 -215.5 10 0
-63.5 -215.5 10 -68.5 -223.5 10 0
-50.5 -186 9.5 -57.5 -189 9.5 0
-57.5 -189 9.5 -62 -188 9.5 0
-62 -188 9.5 -70 -184 11 0
-12 -158.5 10 -5.5 -176 13 0
-5.5 -176 13 -6.5 -181.5 13 0
-6.5 -181.5 13 -5 -184.5 13 0
-5 -184.5 13 -10 -186 13 0
-10 -186 13 -15 -188.5 13 0
-5 -184.5 13 -3.5 -185.5 13 0
-3.5 -185.5 13 -9 -190 13 0
-9 -190 13 -13 -192.5 13 0
-13 -192.5 13 -15 -195 13 0
-15 -195 13 -18 -201.5 12.5 0
-18 -201.5 12.5 -20.5 -207 12.5 0
-15 -195 13 -15 -198 13 0
-15 -198 13 -15 -202.5 13 0
-15 -198 13 -11.5 -200 13 0
-3.5 -185.5 13 0.5 -184 13 0
0.5 -184 13 5 -186 13.5 0
5 -186 13.5 3.5 -189.5 13.5 0
3.5 -189.5 13.5 -1 -193 13.5 0
-1 -193 13.5 -4.5 -197 13.5 0
-4.5 -197 13.5 -9.5 -201.5 13.5 0
-9.5 -201.5 13.5 -11.5 -210 13.5 0
-11.5 -210 13.5 -11 -214.5 13.5 0
-11 -214.5 13.5 -15.5 -220 13.5 0
-15.5 -220 13.5 -18 -222 13.5 0
-18 -222 13.5 -20.5 -221 13.5 0
-18 -222 13.5 -15.5 -225.5 13.5 0
-11 -214.5 13.5 -10.5 -218 12.5 0
-4.5 -197 13.5 -3 -200.5 13.5 0
-3 -200.5 13.5 -6 -207.5 13.5 0
-6 -207.5 13.5 -3.5 -210.5 14 0
-3 -200.5 13.5 -1.5 -206 13.5 0
-1.5 -206 13.5 2 -209 14 0
2 -209 14 2 -213 14 0
2 -213 14 -0.5 -215.5 14 0
-0.5 -215.5 14 -3 -223 14 0
2 -216 16 5 -221 16.5 0
5 -221 16.5 2.5 -223.5 16.5 0
5 -221 16.5 8.5 -221.5 16.5 0
3.5 -189.5 13.5 1 -194.5 13.5 0
1 -194.5 13.5 -1 -198.5 14 0
-1 -198.5 14 4 -198.5 14.5 0
4 -198.5 14.5 7 -202.5 14.5 0
7 -202.5 14.5 3.5 -208 14.5 0
3.5 -208 14.5 3.5 -210 14.5 0
7 -202.5 14.5 9.5 -208 15 0
9.5 -208 15 4.5 -212 16 0
4.5 -212 16 1 -211.5 16.5 0
9.5 -208 15 9 -211.5 15 0
9 -211.5 15 4 -216 15 0
9 -211.5 15 12.5 -220.5 15.5 0
12.5 -220.5 15.5 17 -223.5 15.5 0
12.5 -220.5 15.5 9.5 -224 15.5 0
9.5 -224 15.5 9.5 -226 15.5 0
4.5 -212 16 2 -216 16 0
2 -216 16 -4 -219 16 0
-5.5 -176 13 1.5 -176.5 15 0
1.5 -176.5 15 10.5 -172.5 14.5 0
10.5 -172.5 14.5 13.5 -168 14.5 0
13.5 -168 14.5 16.5 -164.5 14.5 0
16.5 -164.5 14.5 21.5 -162.5 15 0
21.5 -162.5 15 29 -157.5 14 0
29 -157.5 14 29.5 -154 14 0
29.5 -154 14 36.5 -153.5 14 0
36.5 -153.5 14 40 -151 14 0
40 -151 14 42 -145 14 0
42 -145 14 39 -141 14 0
42 -145 14 44.5 -139.5 14 0
29.5 -154 14 29 -148.5 14 0
10.5 -172.5 14.5 16.5 -171 14.5 0
16.5 -171 14.5 23 -171 15 0
23 -171 15 25 -172 15 0
25 -172 15 24 -175 15 0
24 -175 15 22 -175 15 0
22 -175 15 20 -180.5 15 0
20 -180.5 15 21.5 -181 15 0
21.5 -181 15 20 -184.5 15 0
24 -175 15 23.5 -179.5 15 0
23.5 -179.5 15 23 -182 15 0
23.5 -179.5 15 25.5 -181 13.5 0
25.5 -181 13.5 28.5 -180 13.5 0
28.5 -180 13.5 32 -183.5 14 0
32 -183.5 14 32 -186 14 0
32 -186 14 31.5 -187.5 14.5 0
25.5 -181 13.5 26 -183 13.5 0
26 -183 13.5 23.5 -186 13.5 0
23.5 -186 13.5 24 -189.5 13.5 0
24 -189.5 13.5 29.5 -190 13.5 0
29.5 -190 13.5 29.5 -192 13.5 0
16.5 -171 14.5 21.5 -168 15.5 0
21.5 -168 15.5 20 -162 16.5 0
20 -162 16.5 22 -156.5 16.5 0
21.5 -168 15.5 26 -168 14.5 0
26 -168 14.5 30 -169 14.5 0
30 -169 14.5 32 -174.5 14.5 0
32 -174.5 14.5 34.5 -176 14.5 0
34.5 -176 14.5 36 -184.5 14.5 0
36 -184.5 14.5 46.5 -178 14.5 0
46.5 -178 14.5 42 -173 14.5 0
46.5 -178 14.5 50.5 -178 14.5 0
36 -184.5 14.5 34.5 -186.5 14.5 0
34.5 -186.5 14.5 36.5 -189.5 14.5 0
36.5 -189.5 14.5 35.5 -192.5 14.5 0
35.5 -192.5 14.5 31 -195.5 14.5 0
31 -195.5 14.5 29 -195.5 14.5 0
29 -195.5 14.5 27.5 -203 14.5 0
27.5 -203 14.5 25 -206 14.5 0
25 -206 14.5 25 -209.5 15.5 0
31 -195.5 14.5 31 -198.5 14.5 0
31 -198.5 14.5 30 -202.5 14.5 0
30 -202.5 14.5 27 -207 14.5 0
27 -207 14.5 23.5 -210.5 14.5 0
23.5 -210.5 14.5 22 -209.5 14.5 0
34.5 -176 14.5 36.5 -174.5 14.5 0
36.5 -174.5 14.5 42 -175 14.5 0
42 -175 14.5 43.5 -172 15.5 0
43.5 -172 15.5 47 -172 15.5 0
-12.8316 -62.0769 -1.82211 -0.5 -55.5 -1 0
-0.5 -55.5 -1 -1 -62.5 16 0
-1 -62.5 16 3.5 -65 16.5 0
3.5 -65 16.5 5 -57.5 13.5 0
5 -57.5 13.5 1.5 -52.5 13.5 0
1.5 -52.5 13.5 1 -49 14 0
1 -49 14 5 -45 14 0
5 -45 14 8.5 -42 14 0
8.5 -42 14 11 -40.5 14 0
11 -40.5 14 17.5 -43.5 14 0
17.5 -43.5 14 14 -47 14 0
5 -57.5 13.5 11.5 -51.5 16 0
11.5 -51.5 16 10.5 -46 16.5 0
10.5 -46 16.5 10.5 -43.5 15 0
10.5 -43.5 15 7.5 -40 15.5 0
7.5 -40 15.5 4.5 -36 13 0
4.5 -36 13 2.5 -28.5 13 0
2.5 -28.5 13 0 -26 13 0
11.5 -51.5 16 20 -48 16.5 0
20 -48 16.5 22 -41.5 15.5 0
22 -41.5 15.5 24.5 -36 15.5 0
24.5 -36 15.5 22 -31 15.5 0
22 -31 15.5 20.5 -27 15.5 0
20.5 -27 15.5 20.5 -21 15 0
20.5 -21 15 18 -15.5 15 0
18 -15.5 15 13.5 -17 15 0
22 -31 15.5 23.5 -27.5 15.5 0
23.5 -27.5 15.5 26 -19.5 15.5 0
26 -19.5 15.5 27 -16.5 14.5 0
27 -16.5 14.5 22.5 -13.5 14.5 0
27 -16.5 14.5 30 -12 14.5 0
30 -12 14.5 29 -11.5 13 0
24.5 -36 15.5 29.5 -35 15.5 0
29.5 -35 15.5 33.5 -31.5 15.5 0
33.5 -31.5 15.5 40 -30.5 16 0
40 -30.5 16 44 -30 16 0
44 -30 16 45.5 -24.5 15.5 0
45.5 -24.5 15.5 43.5 -21 15.5 0
43.5 -21 15.5 44.5 -17.5 15.5 0
44.5 -17.5 15.5 46.5 -15.5 15 0
46.5 -15.5 15 48 -15 15 0
48 -15 15 56.5 -14.5 15 0
48 -15 15 47.5 -13 15 0
47.5 -13 15 43 -13 15 0
47.5 -13 15 50.5 -12 15 0
50.5 -12 15 52.5 -12.5 15 0
50.5 -12 15 54 -10 15 0
44.5 -17.5 15.5 39.5 -15 15.5 0
39.5 -15 15.5 31.5 -13 15.5 0
31.5 -13 15.5 27.5 -10 15.5 0
27.5 -10 15.5 21 -10 15.5 0
21 -10 15.5 18 -7 15.5 0
45.5 -24.5 15.5 51.5 -23.5 15.5 0
51.5 -23.5 15.5 58 -23.5 15.5 0
58 -23.5 15.5 69.5 -28.5 15 0
69.5 -28.5 15 70 -22 15 0
70 -22 15 65.5 -18.5 15 0
70 -22 15 77 -24.5 15 0
69.5 -28.5 15 71.5 -30 15 0
71.5 -30 15 71.5 -34 15 0
71.5 -36 16 66 -39 16 0
51.5 -23.5 15.5 51.5 -24 15.5 0
29.5 -35 15.5 37.5 -35.5 16 0
20 -48 16.5 22 -48.5 16 0
22 -48.5 16 21 -51 16 0
21 -51 16 17.5 -53.5 13.5 0
17.5 -53.5 13.5 14 -57 13.5 0
21 -51 16 28.5 -58.5 16 0
31 -57.5 16.5 32.5 -50 16.5 0
32.5 -50 16.5 31 -47.5 16.5 0
32.5 -50 16.5 34 -48.5 16.5 0
34 -48.5 16.5 34 -46.5 16.5 0
34 -48.5 16.5 36 -48 16.5 0
22 -48.5 16 25.5 -46 16 0
25.5 -46 16 31.5 -44 16 0
31.5 -44 16 31.5 -40 16 0
31.5 -40 16 29 -39 16 0
29 -39 16 25 -40 16 0
29 -39 16 29.5 -37 16 0
31.5 -40 16 40.5 -38.5 16 0
40.5 -38.5 16 44.5 -40 16 0
40.5 -38.5 16 51 -33 16 0
31.5 -44 16 42 -44 16 0
42 -44 16 43 -51.5 16 0
43 -51.5 16 42 -56.5 16 0
42 -44 16 46 -41.5 16 0
46 -41.5 16 54 -39 16.5 0
48 -40 15.5 43 -35.5 15.5 0
43 -35.5 15.5 40 -30.5 16.5 0
40 -30.5 16.5 42.5 -25.5 16.5 0
42.5 -25.5 16.5 43.5 -24.5 16.5 0
56 -38 17 55.5 -36.5 17 0
55.5 -36.5 17 60.5 -31.5 16 0
60.5 -31.5 16 64.5 -32.5 16 0
55.5 -36.5 17 51 -34.5 17 0
40 -56 16.5 44 -54 16.5 0
10.5 -43.5 15 14.5 -40 15 0
14.5 -40 15 16.5 -38 14 0
16.5 -38 14 18 -37 14 0
3.5 -65 16.5 9 -69.5 16.5 0
9 -69.5 16.5 10 -64 16.5 0
10 -64 16.5 11 -63 16.5 0
11 -63 16.5 8.5 -57.5 17 0
8.5 -57.5 17 14.5 -53 16.5 0
11 -63 16.5 18 -60 16.5 0
18 -60 16.5 19.5 -56.5 16.5 0
19.5 -56.5 16.5 16 -52 16 0
18 -60 16.5 24 -58.5 17 0
24 -58.5 17 29.5 -56 17 0
23 -61.5 16.5 29.5 -61.5 16.5 0
29.5 -61.5 16.5 37.5 -61.5 16.5 0
37.5 -61.5 16.5 40 -56 16.5 0
40 -56 16.5 40 -52 16 0
40 -52 16 39 -47 16.5 0
37.5 -61.5 16.5 40.5 -64 16.5 0
40.5 -64 16.5 47 -62.5 17.5 0
47 -62.5 17.5 54 -63.5 17.5 0
40.5 -64 16.5 45 -70.5 16.5 0
45 -70.5 16.5 51 -74 16.5 0
55.5 -65.5 16 60.5 -66.5 16 0
60.5 -66.5 16 64 -65.5 16 0
64 -65.5 16 69.5 -68.5 16.5 0
64 -65.5 16 69.5 -59.5 16 0
69.5 -59.5 16 75 -55.5 16 0
75 -55.5 16 78 -53 16 0
78 -53 16 83 -49.5 16 0
71.5 -69.5 16 78 -68.5 16 0
78 -68.5 16 85 -62.5 16 0
85 -62.5 16 82.5 -60 16 0
82.5 -60 16 89.5 -55 16 0
89.5 -55 16 101.5 -56.5 16 0
89.5 -55 16 93.5 -51.5 16 0
93.5 -51.5 16 101.5 -53 16 0
101.5 -53 16 103.5 -54 16 0
93.5 -51.5 16 98 -48.5 16 0
98 -48.5 16 94.5 -47 16 0
94.5 -47 16 93 -43 16.5 0
93 -43 16.5 87 -41.5 16.5 0
87 -41.5 16.5 86 -37 16.5 0
98 -48.5 16 100.5 -48.5 16 0
100.5 -48.5 16 101.5 -43.5 16 0
101.5 -43.5 16 104.5 -36.5 16 0
101.5 -43.5 16 107 -41.5 16 0
100.5 -48.5 16 112 -50.5 16 0
112 -50.5 16 112.5 -57 16 0
112 -50.5 16 114.5 -50.5 16 0
85 -62.5 16 88.5 -63.5 16 0
88.5 -63.5 16 94.5 -59.5 16 0
94.5 -59.5 16 96 -54 16 0
94.5 -59.5 16 99.5 -56.5 16 0
88.5 -63.5 16 90.5 -65 15.5 0
90.5 -65 15.5 100.5 -62 16 0
100.5 -62 16 104 -59.5 16 0
104 -59.5 16 111 -55.5 15.5 0
78 -68.5 16 95.5 -72 16 0
97 -70 16.5 102.5 -65.5 17 0
102.5 -65.5 17 106 -62.5 17 0
106 -62.5 17 106.5 -55 18 0
106.5 -55 18 105 -54.5 18 0
106 -62.5 17 114.5 -56.5 17 0
114.5 -56.5 17 123.5 -52 17 0
123.5 -52 17 133 -46.5 17 0
133 -46.5 17 128.5 -43.5 17 0
133 -46.5 17 136.5 -45 17 0
136.5 -45 17 139 -40 17 0
136.5 -45 17 145.5 -41 17 0
145.5 -41 17 147 -36.5 17 0
9 -69.5 16.5 12 -72.5 16.5 0
12 -72.5 16.5 15 -69 16.5 0
15 -69 16.5 16.5 -68 16.5 0
16.5 -68 16.5 22 -71 17 0
22 -71 17 22 -74 17 0
22 -74 17 27 -75 17 0
22 -71 17 27 -73.5 17 0
16.5 -68 16.5 18 -66.5 16.5 0
18 -66.5 16.5 29 -66 16 0
29 -66 16 38 -61 16 0
18 -66.5 16.5 18.5 -63.5 16.5 0
18.5 -63.5 16.5 23 -61.5 16.5 0
23 -61.5 16.5 25.5 -58.5 16.5 0
25.5 -58.5 16.5 29.5 -58 16.5 0
29.5 -58 16.5 31 -57.5 16.5 0
31 -57.5 16.5 33.5 -56.5 16.5 0
12 -72.5 16.5 18 -77.5 16 0
18 -77.5 16 26.5 -84 16 0
26.5 -84 16 34 -81 16 0
34 -81 16 40 -78.5 16 0
40 -78.5 16 40 -71.5 16.5 0
40 -71.5 16.5 34.5 -67.5 16.5 0
34.5 -67.5 16.5 31 -64 16.5 0
40 -71.5 16.5 44.5 -68 16.5 0
44.5 -68 16.5 47.5 -63 16.5 0
47.5 -63 16.5 46.5 -58.5 16.5 0
46.5 -58.5 16.5 45.5 -53.5 16.5 0
45.5 -53.5 16.5 45 -50.5 16.5 0
45 -50.5 16.5 46.5 -46 16.5 0
46.5 -46 16.5 39.5 -37.5 16.5 0
46.5 -58.5 16.5 51 -57 16.5 0
40 -78.5 16 46 -78 16 0
46 -78 16 50 -71.5 16 0
50 -71.5 16 55.5 -65.5 16 0
55.5 -65.5 16 57 -60.5 16 0
57 -60.5 16 52.5 -56 15.5 0
52.5 -56 15.5 51 -50 15.5 0
51 -50 15.5 50 -45 15.5 0
50 -45 15.5 48 -40 15.5 0
48 -40 15.5 55 -37 15.5 0
57 -60.5 16 63 -54.5 16 0
63 -54.5 16 66.5 -48.5 16 0
66.5 -48.5 16 77.5 -49.5 15.5 0
77.5 -49.5 15.5 82.5 -51.5 15.5 0
77.5 -49.5 15.5 83 -46.5 15.5 0
66.5 -48.5 16 66.5 -46.5 16 0
66.5 -46.5 16 56 -38 17 0
56 -38 17 59.5 -36 17 0
66.5 -46.5 16 76 -42 16 0
76 -42 16 71.5 -36 16 0
71.5 -36 16 64.5 -33.5 16 0
76 -42 16 80 -40.5 16 0
80 -40.5 16 81.5 -44 16 0
80 -40.5 16 84.5 -41.5 16 0
84.5 -41.5 16 87 -45 16 0
88.5 -47 16.5 91.5 -47 16.5 0
46 -78 16 55 -79.5 16 0
55 -79.5 16 65.5 -75.5 16 0
65.5 -75.5 16 66.5 -73.5 16 0
66.5 -73.5 16 62 -70 16 0
62 -70 16 59.5 -69.5 16 0
59.5 -69.5 16 60.5 -67 16 0
60.5 -67 16 64 -67 15.5 0
59.5 -69.5 16 52 -71 16 0
66.5 -73.5 16 71.5 -69.5 16 0
71.5 -69.5 16 73 -64.5 16 0
73 -64.5 16 74.5 -60 16.5 0
74.5 -60 16.5 69.5 -57.5 16.5 0
74.5 -60 16.5 76 -57.5 16.5 0
76 -57.5 16.5 83 -54 16.5 0
83 -54 16.5 88.5 -47 16.5 0
88.5 -47 16.5 87.5 -46 16.5 0
65.5 -75.5 16 68.5 -76 16 0
68.5 -76 16 73.5 -78.5 16.5 0
73.5 -78.5 16.5 77 -82.5 16.5 0
77 -82.5 16.5 84 -83 16.5 0
73.5 -78.5 16.5 75 -84.5 16.5 0
75 -84.5 16.5 79 -87 16.5 0
79 -87 16.5 82.5 -84.5 16.5 0
71 -76 17 80 -70 18 0
86 -84 17.5 89 -80 17.5 0
89 -80 17.5 93.5 -77 17.5 0
93.5 -77 17.5 97 -70 16.5 0
97 -70 16.5 104.5 -69.5 16.5 0
104.5 -69.5 16.5 111.5 -65.5 17 0
93.5 -77 17.5 100.5 -75.5 17 0
100.5 -75.5 17 109 -71.5 17 0
109 -71.5 17 115.5 -70 17 0
115.5 -70 17 121.5 -62.5 17 0
121.5 -62.5 17 131.5 -56 17 0
100.5 -75.5 17 105.5 -78 16 0
105.5 -78 16 113.5 -81 16 0
113.5 -81 16 115 -88.5 16.5 0
115 -88.5 16.5 119 -91 14.5 0
113.5 -81 16 122 -80 15.5 0
118 -83 15 126.5 -79.5 15 0
126.5 -79.5 15 129 -83.5 14.5 0
129 -83.5 14.5 136 -87.5 15.5 0
136 -87.5 15.5 147.5 -82 15.5 0
136 -87.5 15.5 143.5 -95 15 0
129 -83.5 14.5 129.5 -90.5 14.5 0
132 -59 16.5 140.5 -58.5 17 0
140.5 -58.5 17 145.5 -58 17 0
145.5 -58 17 149 -56 17 0
149 -56 17 149 -51 17 0
149 -51 17 149 -43 17 0
149 -43 17 145 -40.5 17 0
149 -43 17 151.5 -38 17 0
149 -56 17 155 -53.5 17 0
155 -53.5 17 154.5 -46 17 0
155 -53.5 17 158.5 -52 17 0
158.5 -52 17 162 -49 17 0
162 -49 17 169.5 -44.5 17 0
169.5 -44.5 17 171.5 -41.5 17 0
171.5 -41.5 17 169 -35.5 17 0
169 -35.5 17 166.5 -33 17 0
171.5 -41.5 17 175 -42 17 0
175 -42 17 179.5 -42 17 0
158.5 -52 17 164 -52 16 0
164 -52 16 171 -49.5 16 0
171 -49.5 16 177 -51.5 16 0
145.5 -58 17 150.5 -60.5 17 0
150.5 -60.5 17 160 -60 17 0
160 -60 17 163.5 -62.5 17.5 0
160 -60 17 166.5 -58 17 0
86 -86.5 17.5 92.5 -83.5 15.5 0
92.5 -83.5 15.5 101.5 -83 15.5 0
101.5 -83 15.5 108.5 -83.5 15.5 0
108.5 -83.5 15.5 112 -77.5 15.5 0
112 -77.5 15.5 115 -72 16.5 0
115 -72 16.5 114 -66.5 16.5 0
114 -66.5 16.5 117 -62 16 0
117 -62 16 119.5 -60 16 0
119.5 -60 16 127 -53.5 16 0
127 -53.5 16 141.5 -48.5 16 0
127 -53.5 16 136.5 -54.5 16 0
136.5 -54.5 16 144.5 -52 16 0
144.5 -52 16 150.5 -46.5 16 0
119.5 -60 16 117.5 -51 16 0
117.5 -51 16 116 -44.5 16 0
116 -44.5 16 118 -41.5 16 0
118 -41.5 16 116 -38.5 16 0
118 -41.5 16 123.5 -35 16.5 0
123.5 -35 16.5 128.5 -33 16.5 0
115 -72 16.5 119 -71 16.5 0
119 -71 16.5 123 -68.5 16.5 0
123 -68.5 16.5 123 -64 16.5 0
123 -64 16.5 128.5 -60 16.5 0
128.5 -60 16.5 132 -59 16.5 0
132 -59 16.5 135.5 -55.5 16.5 0
135.5 -55.5 16.5 140.5 -54.5 16.5 0
140.5 -54.5 16.5 144.5 -53 16.5 0
123 -68.5 16.5 130.5 -67.5 16 0
130.5 -67.5 16 134.5 -66.5 16.5 0
134.5 -66.5 16.5 140.5 -69 16.5 0
140.5 -69 16.5 144 -72.5 16.5 0
144 -72.5 16.5 147.5 -74.5 16.5 0
147.5 -74.5 16.5 154 -71 16.5 0
154 -71 16.5 160 -68 16.5 0
160 -68 16.5 164 -63.5 16.5 0
164 -63.5 16.5 168 -62.5 16.5 0
168 -62.5 16.5 168 -59 17 0
168 -59 17 175.5 -56.5 16.5 0
168 -62.5 16.5 181 -60.5 16.5 0
160 -68 16.5 165.5 -68 16.5 0
165.5 -68 16.5 177.5 -66.5 16.5 0
147.5 -74.5 16.5 150 -77.5 16.5 0
150 -77.5 16.5 155 -77.5 16.5 0
155 -77.5 16.5 163.5 -73.5 16.5 0
163.5 -73.5 16.5 166.5 -71 16.5 0
166.5 -71 16.5 167 -69 16.5 0
166.5 -71 16.5 174 -72 16.5 0
163.5 -73.5 16.5 166.5 -75 16.5 0
166.5 -75 16.5 171.5 -80 16.5 0
171.5 -80 16.5 173.5 -84 16.5 0
155 -77.5 16.5 160.5 -79.5 16 0
160.5 -79.5 16 157 -85 16 0
157 -85 16 160 -88.5 16 0
160 -88.5 16 161 -89 15.5 0
108.5 -83.5 15.5 108.5 -87.5 15.5 0
108.5 -87.5 15.5 115 -84.5 18 0
115 -84.5 18 118 -83 15 0
118 -83 15 120.5 -77.5 15 0
120.5 -77.5 15 125 -74.5 15 0
125 -74.5 15 130 -74.5 16 0
130 -74.5 16 135.5 -74.5 16 0
108.5 -87.5 15.5 110 -92.5 15.5 0
110 -92.5 15.5 116.5 -93.5 15 0
116.5 -93.5 15 121.5 -91 15 0
121.5 -91 15 128 -89.5 15.5 0
128 -89.5 15.5 127.5 -97 15.5 0
127.5 -97 15.5 134 -98.5 15.5 0
134 -98.5 15.5 139.5 -95 16 0
134 -98.5 15.5 136 -103.5 16 0
136 -103.5 16 141 -102 16 0
136 -103.5 16 135.5 -108 16.5 0
135.5 -108 16.5 139 -109.5 16.5 0
139 -109.5 16.5 148.5 -104 16 0
116.5 -93.5 15 122 -93.5 15 0
122 -93.5 15 121 -95.5 15 0
121 -95.5 15 123.5 -100.5 15 0
123.5 -100.5 15 126.5 -102.5 15.5 0
121 -95.5 15 120 -100 15 0
120 -100 15 120.5 -104 15 0
120.5 -104 15 124.5 -105.5 15 0
124.5 -105.5 15 130.5 -106 15.5 0
130.5 -106 15.5 133 -109 15.5 0
133 -109 15.5 134.5 -109.5 15 0
120.5 -104 15 121.5 -108.5 14.5 0
121.5 -108.5 14.5 128.5 -110 14.5 0
128.5 -110 14.5 129 -112.5 16 0
110 -92.5 15.5 108 -98 15.5 0
108 -98 15.5 105.5 -106 15.5 0
105.5 -106 15.5 112 -108.5 14.5 0
112 -108.5 14.5 115 -108.5 15 0
115 -108.5 15 117.5 -104.5 14.5 0
117.5 -104.5 14.5 117.5 -99.5 15 0
117.5 -99.5 15 112 -100 15 0
115 -108.5 15 116 -112 16.5 0
116 -112 16.5 119.5 -114 16 0
119.5 -114 16 125 -113.5 16.5 0
125 -113.5 16.5 119.5 -121 16.5 0
119.5 -121 16.5 115.5 -125.5 16.5 0
105.5 -106 15.5 102.5 -112.5 15.5 0
102.5 -112.5 15.5 104 -116.5 15.5 0
104 -116.5 15.5 110 -114.5 16 0
110 -114.5 16 110 -118.5 16 0
110 -118.5 16 106.5 -122.5 16 0
106.5 -122.5 16 102.5 -121 16 0
106.5 -122.5 16 104 -127 16 0
104 -116.5 15.5 98.5 -122.5 15.5 0
98.5 -122.5 15.5 94.5 -127.5 15.5 0
94.5 -127.5 15.5 97.5 -131.5 15 0
97.5 -131.5 15 106 -131 15 0
106 -131 15 111.5 -132.5 15 0
97.5 -131.5 15 92.5 -137.5 15 0
92.5 -137.5 15 92.5 -141 15 0
92.5 -141 15 97 -140.5 15.5 0
92.5 -141 15 92 -145.5 15 0
92 -147.5 16.5 92.5 -150 17 0
102.5 -112.5 15.5 98 -117.5 16 0
98 -117.5 16 95 -122.5 16 0
95 -122.5 16 92.5 -125.5 16 0
92.5 -125.5 16 85.5 -131.5 16 0
85.5 -131.5 16 80 -139 16 0
92.5 -125.5 16 92.5 -131 17.5 0
92.5 -131 17.5 90 -135.5 16 0
90 -135.5 16 86.5 -138 16 0
86.5 -138 16 79 -144.5 16 0
79 -144.5 16 76.5 -151 16 0
76.5 -151 16 80 -156.5 15.5 0
76.5 -151 16 73.5 -155.5 16.5 0
86.5 -138 16 86.5 -144 16 0
86.5 -144 16 83.5 -146 16 0
86.5 -144 16 92 -147.5 16.5 0
92 -147.5 16.5 89 -150 16.5 0
89 -150 16.5 86 -153 16.5 0
98 -117.5 16 90 -124 16 0
90 -124 16 85.5 -128 16 0
85.5 -128 16 81 -133 15.5 0
81 -133 15.5 79 -134.5 16 0
79 -134.5 16 76 -141.5 16 0
76 -141.5 16 66.5 -146.5 16 0
66.5 -146.5 16 59 -153.5 16.5 0
59 -153.5 16.5 56.5 -159.5 16.5 0
56.5 -159.5 16.5 57.5 -163 18 0
57.5 -163 18 55.5 -165 18.5 0
57.5 -163 18 61.5 -166 18 0
76 -141.5 16 73 -150 15.5 0
73 -150 15.5 71.5 -152.5 15.5 0
71.5 -152.5 15.5 75.5 -155 16 0
75.5 -155 16 72.5 -158 16 0
71.5 -152.5 15.5 70.5 -155.5 15 0
70.5 -155.5 15 68.5 -162 15 0
68.5 -162 15 63.5 -168 14.5 0
79 -134.5 16 73.5 -136.5 14.5 0
73.5 -136.5 14.5 70 -134 15 0
70 -134 15 69 -131 15 0
69 -131 15 70.5 -127 16 0
70.5 -127 16 71 -123.5 16 0
71 -123.5 16 75.5 -121 16 0
70.5 -127 16 66.5 -126 16 0
66.5 -126 16 68 -121.5 16 0
68 -121.5 16 62 -120 16 0
68 -121.5 16 63.5 -111.5 16 0
73.5 -136.5 14.5 67 -143 13.5 0
67 -143 13.5 62 -148 13.5 0
62 -148 13.5 56 -151 15.5 0
26.5 -84 16 33.5 -95 16 0
33.5 -95 16 25.5 -101 15 0
25.5 -101 15 19 -103.5 17 0
19 -103.5 17 15.5 -102 17 0
15.5 -102 17 15.5 -97 17 0
15.5 -97 17 15.5 -95 17 0
15.5 -95 17 14 -93 17 0
14 -93 17 9.5 -95 17 0
14 -93 17 12.5 -82.5 17.5 0
15.5 -95 17 22 -92 16.5 0
15.5 -102 17 13 -101.5 16.5 0
13 -101.5 16.5 10 -93 16.5 0
10 -93 16.5 3 -95 16.5 0
13 -101.5 16.5 8.5 -101.5 16.5 0
8.5 -101.5 16.5 0.5 -101 16.5 0
8.5 -101.5 16.5 4.5 -106.5 16.5 0
4.5 -106.5 16.5 1 -110.5 16.5 0
1 -110.5 16.5 1.5 -118.5 15.5 0
33.5 -95 16 38 -98 16 0
38 -98 16 39 -105.5 16 0
39 -105.5 16 41 -108.5 16 0
41 -108.5 16 44 -110.5 16.5 0
44 -110.5 16.5 45.5 -113.5 16 0
45.5 -113.5 16 44.5 -116.5 16 0
44.5 -116.5 16 39.5 -120.5 17 0
39.5 -120.5 17 38.5 -123.5 17 0
38.5 -123.5 17 35.5 -127.5 17 0
35.5 -127.5 17 35.5 -130.5 17 0
35.5 -130.5 17 33.5 -135.5 17 0
33.5 -135.5 17 29.5 -136 17 0
33.5 -135.5 17 32 -139 17 0
32 -139 17 25 -142.5 17 0
25 -142.5 17 25 -147 17 0
35.5 -130.5 17 41 -134 17 0
38.5 -123.5 17 43 -128 17 0
43 -128 17 43 -132 16.5 0
43 -132 16.5 47 -138.5 16 0
47 -138.5 16 45 -148 15 0
45 -148 15 46.5 -153.5 15 0
46.5 -153.5 15 45 -168 15 0
46.5 -153.5 15 51.5 -161 15.5 0
51.5 -161 15.5 51.5 -169.5 15.5 0
51.5 -169.5 15.5 50.5 -173 15.5 0
50.5 -173 15.5 53.5 -176 15.5 0
51.5 -169.5 15.5 56.5 -173.5 16 0
45.5 -113.5 16 49.5 -114 16 0
49.5 -114 16 51.5 -117 16 0
51.5 -117 16 50 -120 16 0
50 -120 16 46.5 -126 15 0
46.5 -126 15 47 -132 15.5 0
47 -132 15.5 43 -138.5 15.5 0
47 -132 15.5 48 -134 15 0
48 -134 15 50 -136 15 0
50 -136 15 51.5 -143 15.5 0
51.5 -143 15.5 50 -147 15.5 0
44 -110.5 16.5 55 -108.5 15.5 0
55 -108.5 15.5 59.5 -102.5 15 0
59.5 -102.5 15 51.5 -103.5 15 0
59.5 -102.5 15 67.5 -103 15 0
55 -108.5 15.5 58 -114.5 15.5 0
58 -114.5 15.5 54.5 -121 15 0
54.5 -121 15 50 -128 15 0
54.5 -121 15 58 -122.5 15.5 0
60 -122 15.5 57.5 -127 15.5 0
57.5 -127 15.5 51 -130.5 15.5 0
51 -130.5 15.5 50 -138.5 15.5 0
50 -138.5 15.5 54.5 -146.5 16 0
57.5 -127 15.5 58 -135.5 15 0
58 -135.5 15 65 -138.5 15 0
65 -138.5 15 57 -143 15 0
57 -143 15 48.5 -147 15 0
48.5 -147 15 42.5 -146.5 15 0
58 -114.5 15.5 61.5 -118 15.5 0
61.5 -118 15.5 66 -118 15.5 0
61.5 -118 15.5 60 -122 15.5 0
60 -122 15.5 63.5 -125.5 15.5 0
38 -98 16 48.5 -97.5 16 0
48.5 -97.5 16 55 -96.5 16 0
55 -96.5 16 52 -89 16 0
52 -89 16 47.5 -85 16.5 0
47.5 -85 16.5 41.5 -83.5 16.5 0
41.5 -83.5 16.5 34 -84.5 16.5 0
52 -89 16 60 -86 17 0
55 -96.5 16 60.5 -95.5 15.5 0
60.5 -95.5 15.5 65.5 -93 15.5 0
65.5 -93 15.5 72.5 -90.5 17 0
72.5 -90.5 17 69.5 -85.5 17.5 0
69.5 -85.5 17.5 68 -83.5 17.5 0
68 -83.5 17.5 63 -80 17.5 0
63 -80 17.5 57 -83 17.5 0
57 -83 17.5 55.5 -83.5 17.5 0
63 -80 17.5 58 -74.5 17.5 0
58 -74.5 17.5 59 -71 17.5 0
68 -83.5 17.5 71 -76 17 0
71 -76 17 69.5 -69 17 0
72.5 -90.5 17 80.5 -89 17 0
80.5 -89 17 86 -86.5 17.5 0
86 -86.5 17.5 86 -84 17.5 0
86 -84 17.5 86.5 -78 16.5 0
86.5 -78 16.5 89 -73.5 16.5 0
89 -73.5 16.5 89 -71.5 16.5 0
60.5 -95.5 15.5 64.5 -98.5 15.5 0
64.5 -98.5 15.5 70 -98 15.5 0
70 -98 15.5 74.5 -95.5 16 0
74.5 -95.5 16 80 -94.5 16 0
80 -94.5 16 89.5 -96 16 0
89.5 -96 16 93 -89 16 0
93 -89 16 95 -87.5 15.5 0
95 -87.5 15.5 100.5 -93 14.5 0
100.5 -93 14.5 101.5 -93.5 16 0
101.5 -93.5 16 103 -91 16.5 0
101.5 -93.5 16 102.5 -97.5 16 0
95 -87.5 15.5 99 -85.5 15.5 0
99 -85.5 15.5 107 -89 15 0
89.5 -96 16 89.5 -98.5 16 0
89.5 -98.5 16 92 -102.5 16.5 0
92 -102.5 16.5 92.5 -108 16.5 0
92.5 -108 16.5 91.5 -109.5 16 0
91.5 -109.5 16 99.5 -109.5 15.5 0
91.5 -109.5 16 89 -113.5 16 0
89 -113.5 16 87 -119 16 0
87 -119 16 80.5 -124 16 0
70 -98 15.5 74.5 -99.5 15 0
74.5 -99.5 15 76.5 -107.5 15.5 0
76.5 -107.5 15.5 83 -107.5 15.5 0
83 -107.5 15.5 83 -103.5 16 0
83 -103.5 16 78.5 -99 16 0
78.5 -99 16 77 -102 16 0
78.5 -99 16 78.5 -96.5 16 0
78.5 -96.5 16 80.5 -96 16 0
83 -103.5 16 87 -101.5 16 0
87 -101.5 16 89 -104.5 16 0
83 -107.5 15.5 86 -108.5 16 0
86 -108.5 16 83.5 -114.5 16 0
83.5 -114.5 16 81 -117 16 0
76.5 -107.5 15.5 74 -112.5 15.5 0
74 -112.5 15.5 74 -115.5 13 0
74 -115.5 13 68.5 -118 13 0
74 -115.5 13 78 -121.5 15.5 0
78 -121.5 15.5 77.5 -124.5 15.5 0
77.5 -124.5 15.5 72 -127 15.5 0
77.5 -124.5 15.5 78.5 -126.5 15.5 0
78.5 -126.5 15.5 74 -130 15.5 0
74 -130 15.5 74.5 -132 15.5 0
78.5 -96.5 16 76.5 -96.5 16 0
