7.5 -40 -2 12.5 -48.5 6.5 0
12.5 -48.5 6.5 15 -54.5 8 0
15 -54.5 8 18.5 -62 7.5 0
18.5 -62 7.5 20 -68 7.5 0
20 -68 7.5 21.5 -74 8.5 0
21.5 -74 8.5 19 -75.5 10.5 0
19 -75.5 10.5 18 -80.5 16 0
18 -80.5 16 17 -85 15.5 0
17 -85 15.5 15.5 -88 16 0
15.5 -88 16 12 -94 19 0
12 -94 19 13.3477 -92.0908 19.2246 0
13.3477 -92.0908 19.2246 6 -102.5 18 0
6 -102.5 18 12 -110.5 25 0
12 -110.5 25 14 -115.5 25.5 0
14 -115.5 25.5 20.5 -115.5 25 0
20.5 -115.5 25 26 -117 25 0
26 -117 25 27 -115 25 0
27 -115 25 26.5 -111.5 25.5 0
26.5 -111.5 25.5 26 -109.5 25.5 0
26 -109.5 25.5 24 -107.5 25.5 0
26 -109.5 25.5 29.5 -106.5 25 0
27 -115 25 30.5 -117 25.5 0
30.5 -117 25.5 33 -117.5 25.5 0
33 -117.5 25.5 36.5 -113 25.5 0
36.5 -113 25.5 37 -107.5 25.5 0
37 -107.5 25.5 37 -102.5 25.5 0
37 -102.5 25.5 39 -95 25.5 0
33 -117.5 25.5 37 -118.5 25.5 0
37 -118.5 25.5 42 -119.5 25.5 0
42 -119.5 25.5 44 -115 26 0
44 -115 26 44 -111.5 26 0
44 -111.5 26 40 -109 26.5 0
40 -109 26.5 36 -105.5 26.5 0
36 -105.5 26.5 33.5 -101 26.5 0
44 -111.5 26 41.5 -106 26 0
41.5 -106 26 39 -101.5 26 0
39 -101.5 26 36.5 -100.5 26 0
42 -119.5 25.5 46 -121.5 25.5 0
46 -121.5 25.5 50.5 -124.5 26 0
50.5 -124.5 26 53 -120.5 25.5 0
53 -120.5 25.5 53.5 -115.5 26 0
50.5 -124.5 26 51.5 -126 25.5 0
51.5 -126 25.5 60 -129.5 26 0
51.5 -126 25.5 52.5 -132 26 0
52.5 -132 26 54 -139.5 26 0
14 -115.5 25.5 13 -117 25.5 0
13 -117 25.5 9.5 -121 26 0
9.5 -121 26 5.5 -121.5 26 0
5.5 -121.5 26 0.5 -123.5 25.5 0
0.5 -123.5 25.5 -1.5 -126 25.5 0
-1.5 -126 25.5 -6 -132 25.5 0
-6 -132 25.5 -8 -134.5 25.5 0
-8 -134.5 25.5 -14.5 -134.5 25.5 0
-14.5 -134.5 25.5 -21.5 -133 25 0
-21.5 -133 25 -28.5 -130.5 26 0
-28.5 -130.5 26 -31 -128 26 0
-8 -134.5 25.5 -10 -138 25.5 0
-10 -138 25.5 -8.5 -142.5 25.5 0
-8.5 -142.5 25.5 -7 -144 25.5 0
-8.5 -142.5 25.5 -9 -143 26.5 0
-10 -138 25.5 -11.5 -139.5 26 0
-11.5 -139.5 26 -15.5 -141.5 26 0
-15.5 -141.5 26 -19.5 -143 26 0
-19.5 -143 26 -24.5 -143.5 26 0
-24.5 -143.5 26 -27.5 -144 26 0
-27.5 -144 26 -29.5 -148.5 26 0
-29.5 -148.5 26 -28 -151.5 26 0
-11.5 -139.5 26 -12.5 -145 27 0
-12.5 -145 27 -15.5 -150.5 27 0
-15.5 -150.5 27 -21 -153 27 0
-21 -153 27 -23 -152.5 27 0
13 -117 25.5 14.5 -119.5 25.5 0
14.5 -119.5 25.5 19.5 -120 25.5 0
19.5 -120 25.5 24.5 -123.5 25.5 0
24.5 -123.5 25.5 27 -123.5 25.5 0
27 -123.5 25.5 27 -119.5 25.5 0
27 -119.5 25.5 27 -117 26.5 0
27 -123.5 25.5 31 -125 26 0
31 -125 26 35 -127 25.5 0
35 -127 25.5 39 -124.5 25.5 0
39 -124.5 25.5 42.5 -125.5 26 0
35 -127 25.5 35 -129 25.5 0
35 -129 25.5 39.5 -132 26.5 0
39.5 -132 26.5 42.5 -136 27 0
42.5 -136 27 44.5 -137.5 27 0
44.5 -137.5 27 44 -142 26.5 0
44 -142 26.5 45 -147.5 27 0
45 -147.5 27 51.5 -150.5 26.5 0
44.5 -137.5 27 50.5 -142 27 0
50.5 -142 27 53.5 -140 27.5 0
53.5 -140 27.5 56.5 -138 27.5 0
56.5 -138 27.5 60.5 -138.5 27.5 0
60.5 -138.5 27.5 64 -142 27.5 0
50.5 -142 27 52 -144.5 27.5 0
52 -144.5 27.5 54 -151 28 0
35 -129 25.5 34 -133 25.5 0
34 -133 25.5 30.5 -136.5 25.5 0
30.5 -136.5 25.5 31 -140.5 25.5 0
31 -140.5 25.5 32.5 -148.5 27 0
24.5 -123.5 25.5 25.5 -127.5 25.5 0
25.5 -127.5 25.5 23.5 -130 25.5 0
23.5 -130 25.5 23.5 -132.5 26 0
23.5 -132.5 26 24 -137 26 0
24 -137 26 25.5 -141.5 26 0
25.5 -141.5 26 28 -146 26 0
28 -146 26 30.5 -151 26 0
25.5 -127.5 25.5 28.5 -133 25 0
28.5 -133 25 30 -141 25.5 0
14.5 -119.5 25.5 14 -124 25.5 0
14 -124 25.5 9 -128 25.5 0
9 -128 25.5 1.5 -131.5 25.5 0
1.5 -131.5 25.5 -3 -135 25 0
-3 -135 25 -3.5 -138.5 25 0
-3.5 -138.5 25 -3.5 -139.5 25 0
-3.5 -139.5 25 0 -145.5 26 0
0 -145.5 26 5.5 -152 26 0
-3.5 -139.5 25 -9.5 -149.5 25.5 0
-9.5 -149.5 25.5 -11.5 -159 26.5 0
-10 -155.5 26 -14 -158 26.5 0
-14 -158 26.5 -21.5 -160 26.5 0
-21.5 -160 26.5 -29.5 -160.5 26.5 0
-29.5 -160.5 26.5 -31.5 -160.5 26.5 0
-31.5 -160.5 26.5 -37 -157.5 27 0
-31.5 -160.5 26.5 -43 -159.5 26.5 0
14 -124 25.5 16 -129.5 24.5 0
16 -129.5 24.5 18.5 -139.5 26.5 0
18.5 -139.5 26.5 12 -144.5 27 0
12 -144.5 27 5.5 -149 27.5 0
5.5 -149 27.5 -1.5 -153.5 27 0
-1.5 -153.5 27 -3.5 -151 27.5 0
-3.5 -151 27.5 -5.5 -147.5 27.5 0
-5.5 -147.5 27.5 -4 -144 27.5 0
-4 -144 27.5 -1 -141.5 27.5 0
-1 -141.5 27.5 2.5 -139.5 27.5 0
2.5 -139.5 27.5 6.5 -137 27.5 0
6.5 -137 27.5 11 -133.5 26.5 0
11 -133.5 26.5 11.5 -129 26.5 0
-5.5 -147.5 27.5 -10.5 -146 27 0
-10.5 -146 27 -17 -146 27 0
-17 -146 27 -21 -140.5 27.5 0
-21 -140.5 27.5 -21 -139 27.5 0
-21 -139 27.5 -21 -133.5 28 0
-21 -133.5 28 -19.5 -131 28 0
-19.5 -131 28 -23 -119.5 28.5 0
-21 -139 27.5 -17.5 -134.5 28 0
-17.5 -134.5 28 -13.5 -130.5 28 0
-13.5 -130.5 28 -14 -123 28.5 0
-14 -123 28.5 -15.5 -116.5 27.5 0
-15.5 -116.5 27.5 -23.5 -107.5 28 0
-17 -146 27 -18.5 -147 27.5 0
-18.5 -147 27.5 -24.5 -148.5 27.5 0
-24.5 -148.5 27.5 -32.5 -147.5 27.5 0
-32.5 -147.5 27.5 -35.5 -149 27.5 0
-18.5 -147 27.5 -19.5 -150.5 27.5 0
-19.5 -150.5 27.5 -24 -155 27.5 0
-24 -155 27.5 -27 -158 28 0
-27 -158 28 -26 -163.5 28 0
-1.5 -153.5 27 -2.5 -155 26 0
-2.5 -155 26 -10 -155.5 26 0
-10 -155.5 26 -10 -154 26 0
-10 -154 26 -14.5 -154 26 0
-14.5 -154 26 -19 -156.5 25.5 0
-19 -156.5 25.5 -27 -158 27.5 0
-27 -158 27.5 -34 -155 27 0
-2.5 -155 26 -2.5 -160 26.5 0
-2.5 -160 26.5 1.5 -161 28 0
1.5 -161 28 3 -161 28 0
3 -161 28 4 -157.5 28 0
4 -157.5 28 6.5 -153.5 28 0
6.5 -153.5 28 10.5 -151 28 0
10.5 -151 28 14 -148.5 28 0
14 -148.5 28 16.5 -145.5 28 0
16.5 -145.5 28 20 -145 28 0
20 -145 28 28 -145.5 28 0
3 -161 28 7.5 -161.5 29 0
7.5 -161.5 29 10 -162.5 28 0
10 -162.5 28 14 -161 28 0
14 -161 28 20 -163.5 28.5 0
20 -163.5 28.5 25 -165 28.5 0
25 -165 28.5 31.5 -164 28.5 0
25 -165 28.5 28 -170 28 0
14 -161 28 23 -157.5 28 0
23 -157.5 28 29 -159.5 28 0
23 -157.5 28 29.5 -156 28 0
10 -162.5 28 13.5 -167.5 28 0
13.5 -167.5 28 19.5 -169.5 27.5 0
19.5 -169.5 27.5 22.5 -171.5 27.5 0
22.5 -171.5 27.5 32.5 -175 27.5 0
13.5 -167.5 28 13.5 -176.5 28 0
13.5 -176.5 28 13 -183 28 0
13 -183 28 13 -192 28.5 0
13 -192 28.5 10 -193.5 28.5 0
1.5 -161 28 1.5 -164 27.5 0
1.5 -164 27.5 5 -169.5 28 0
5 -169.5 28 7.5 -176.5 27 0
7.5 -176.5 27 8.5 -188 27.5 0
8.5 -188 27.5 12.5 -194 27.5 0
12.5 -194 27.5 16 -196.5 27.5 0
16 -196.5 27.5 19.5 -195.5 28 0
19.5 -195.5 28 22 -193 28.5 0
8.5 -188 27.5 5 -192.5 27.5 0
5 -192.5 27.5 -1 -192.5 27.5 0
-1 -192.5 27.5 -9 -187.5 27.5 0
1.5 -164 27.5 1 -167 27.5 0
1 -167 27.5 -1 -173 27.5 0
-1 -173 27.5 -2 -178.5 27.5 0
-2 -178.5 27.5 -2 -186 27.5 0
-2 -186 27.5 -10 -192.5 27.5 0
-2 -186 27.5 -0.5 -191.5 27.5 0
-0.5 -191.5 27.5 2.5 -199 27.5 0
2.5 -199 27.5 6.5 -200.5 27.5 0
6.5 -200.5 27.5 11 -204.5 27 0
11 -204.5 27 19 -206 27.5 0
19 -206 27.5 29.5 -205.5 27.5 0
11 -204.5 27 12 -213 27 0
12 -213 27 11.5 -224 27 0
12.5 -224.5 29.5 18.5 -223 29.5 0
18.5 -223 29.5 27.5 -219.5 28.5 0
24.5 -223.5 30 29.5 -219.5 29.5 0
2.5 -199 27.5 1.5 -203 27.5 0
1.5 -203 27.5 -6.5 -202 28 0
1.5 -203 27.5 3 -209 27.5 0
3 -209 27.5 4.5 -210.5 27.5 0
4.5 -210.5 27.5 10 -216 28 0
10 -216 28 17 -223 28.5 0
4.5 -210.5 27.5 2.5 -220.5 27.5 0
2.5 -220.5 27.5 -0.5 -222 27.5 0
12.5 -206 28.5 15 -207.5 28.5 0
-2.5 -160 26.5 -5 -163 26 0
-5 -163 26 -5 -168.5 26.5 0
-5 -168.5 26.5 -6.5 -173.5 26 0
-6.5 -173.5 26 -7.5 -177.5 28 0
-7.5 -177.5 28 -6.5 -183 28 0
-6.5 -183 28 -5 -192.5 28 0
-5 -192.5 28 -5.5 -198.5 28 0
-5 -163 26 -11.5 -168.5 29 0
-11.5 -168.5 29 -15 -171.5 29 0
-15 -171.5 29 -22 -169.5 29 0
-22 -169.5 29 -24 -168.5 29 0
-24 -168.5 29 -25 -166.5 29 0
-25 -166.5 29 -27 -165 29 0
-27 -165 29 -32.5 -164 29 0
-32.5 -164 29 -43.5 -164 29 0
-43.5 -164 29 -50.5 -165.5 29 0
-50.5 -165.5 29 -52 -167.5 29 0
-24 -168.5 29 -30 -168 29 0
-30 -168 29 -35.5 -167 28 0
-35.5 -167 28 -40.5 -172 27.5 0
-40.5 -172 27.5 -47.5 -176 27.5 0
-47.5 -176 27.5 -56.5 -172.5 27.5 0
-56.5 -172.5 27.5 -67.5 -169.5 27.5 0
-22 -169.5 29 -26.5 -174 29.5 0
-26.5 -174 29.5 -31.5 -178.5 29.5 0
-31.5 -178.5 29.5 -38.5 -183 29.5 0
-38.5 -183 29.5 -40.5 -186 30 0
-15 -171.5 29 -15 -179.5 28.5 0
-15 -179.5 28.5 -17.5 -184.5 28 0
-17.5 -184.5 28 -22.5 -182 28.5 0
-22.5 -182 28.5 -24 -178.5 29 0
-24 -178.5 29 -26 -174.5 30 0
-26 -174.5 30 -29 -169 28 0
-22.5 -182 28.5 -27 -182 28.5 0
-27 -182 28.5 -33 -179.5 28.5 0
-33 -179.5 28.5 -36 -177 29 0
-27 -182 28.5 -33 -187.5 27.5 0
-17.5 -184.5 28 -17.5 -186 29.5 0
-17.5 -186 29.5 -14 -187.5 28.5 0
-14 -187.5 28.5 -9.5 -199.5 28.5 0
-9.5 -199.5 28.5 -10 -208 28.5 0
-10 -208 28.5 -7.5 -215.5 28.5 0
-9.5 -199.5 28.5 -2 -210 29 0
-2 -210 29 7.5 -208 28.5 0
7.5 -208 28.5 12.5 -206 28.5 0
12.5 -206 28.5 20.5 -199.5 28.5 0
20.5 -199.5 28.5 25.5 -195.5 29 0
-2 -210 29 2.5 -222.5 29 0
-17.5 -186 29.5 -20 -195 28 0
-20 -195 28 -21 -203.5 29 0
-21 -203.5 29 -30 -203 29 0
-30 -203 29 -38.5 -203 29 0
-38.5 -203 29 -46 -205 29 0
-46 -205 29 -52 -207 29 0
-52 -207 29 -59 -214 29 0
-59 -214 29 -67.5 -214 29.5 0
-21 -203.5 29 -18 -208.5 27 0
-18 -208.5 27 -12.5 -213.5 27 0
-12.5 -213.5 27 -9 -219 26.5 0
-9 -219 26.5 -12.5 -221.5 26.5 0
-12.5 -221.5 26.5 -15.5 -223.5 26.5 0
-15.5 -223.5 26.5 -18.5 -219.5 27 0
-18.5 -219.5 27 -26 -214.5 27 0
-26 -214.5 27 -39 -212.5 26.5 0
-26 -214.5 27 -22.5 -206.5 27.5 0
-15.5 -223.5 26.5 -19 -232 26 0
-9 -219 26.5 -5 -227.5 28 0
-5 -227.5 28 -10 -237.5 28.5 0
-10 -237.5 28.5 -7.5 -239.5 28.5 0
-7.5 -239.5 28.5 -2 -240.5 29.5 0
-2 -240.5 29.5 3.5 -245 29.5 0
3.5 -245 29.5 7 -249.5 29.5 0
-7.5 -239.5 28.5 -7.5 -248 29.5 0
-7.5 -248 29.5 0.5 -251.5 29.5 0
0.5 -251.5 29.5 8.5 -258 29 0
8.5 -258 29 8.5 -260.5 29 0
8.5 -260.5 29 11.5 -267.5 29 0
8.5 -260.5 29 13.5 -261.5 29 0
-7.5 -248 29.5 -9 -252.5 29.5 0
-9 -252.5 29.5 -5.5 -259.5 29.5 0
-5.5 -259.5 29.5 2.5 -262 31 0
2.5 -262 31 6.5 -277 30.5 0
-5.5 -259.5 29.5 -4.5 -265.5 30 0
-4.5 -265.5 30 -0.5 -282 30 0
-9 -252.5 29.5 -14.5 -259 29 0
-14.5 -259 29 -12 -264 29 0
-12 -264 29 -10 -267.5 29 0
-10 -267.5 29 -0.5 -269.5 29.5 0
-0.5 -269.5 29.5 5.5 -273 30.5 0
5.5 -273 30.5 11.5 -281 32.5 0
11.5 -281 32.5 22 -284 30 0
22 -284 30 36 -276.5 29.5 0
-10 -267.5 29 -9.5 -272.5 29.5 0
-9.5 -272.5 29.5 -4.5 -280 30 0
-4.5 -280 30 -3 -297.5 30.5 0
-3 -297.5 30.5 -8 -305.5 30 0
-14.5 -259 29 -8 -263 29 0
-8 -263 29 -2.5 -266.5 29 0
-10 -237.5 28.5 -14 -238.5 29 0
-14 -238.5 29 -12 -243.5 29 0
-12 -243.5 29 -14 -253 29 0
-14 -253 29 -12 -270 29 0
-14 -238.5 29 -15 -239.5 29.5 0
-15 -239.5 29.5 -19.5 -236.5 29.5 0
-19.5 -236.5 29.5 -22 -236 29.5 0
-22 -236 29.5 -17.5 -229.5 30 0
-17.5 -229.5 30 -15.5 -227.5 30 0
-15.5 -227.5 30 -15.5 -225.5 30 0
-15.5 -227.5 30 -11.5 -229.5 30 0
-22 -236 29.5 -25 -229 30 0
-15 -239.5 29.5 -16.5 -240 29 0
-16.5 -240 29 -16.5 -247.5 29 0
-16.5 -247.5 29 -17.5 -251.5 29 0
-17.5 -251.5 29 -26.5 -259.5 29 0
-26.5 -259.5 29 -34 -261.5 29 0
-16.5 -240 29 -20 -241.5 29 0
-20 -241.5 29 -25.5 -246 29 0
-25.5 -246 29 -32 -248.5 28 0
-32 -248.5 28 -35 -246 28 0
-35 -246 28 -42.5 -246 28 0
-42.5 -246 28 -53.5 -251.5 29 0
-32 -248.5 28 -35 -249.5 30.5 0
-5 -227.5 28 -1.5 -230 30.5 0
-1.5 -230 30.5 4.5 -230 30.5 0
4.5 -230 30.5 6.5 -226 31.5 0
6.5 -226 31.5 4.5 -220.5 31.5 0
4.5 -220.5 31.5 4.5 -219 29.5 0
4.5 -230 30.5 7.5 -230 29 0
7.5 -230 29 10.5 -228 29 0
10.5 -228 29 12.5 -224.5 29.5 0
12.5 -224.5 29.5 14 -221 30 0
14 -221 30 14 -217 30 0
14 -217 30 16 -211.5 30.5 0
16 -211.5 30.5 18.5 -208.5 30.5 0
18.5 -208.5 30.5 30 -206 31 0
7.5 -230 29 8.5 -230.5 30 0
8.5 -230.5 30 13 -230.5 30 0
13 -230.5 30 19 -232 29.5 0
19 -232 29.5 22 -230.5 29.5 0
22 -230.5 29.5 24.5 -228.5 29.5 0
24.5 -228.5 29.5 24.5 -223.5 30 0
24.5 -223.5 30 23.5 -221.5 30 0
23.5 -221.5 30 22.5 -219 30 0
22.5 -219 30 24.5 -217 30 0
24.5 -217 30 31 -216 30 0
31 -216 30 36.5 -219 28.5 0
8.5 -230.5 30 11.5 -238 28 0
11.5 -238 28 9.5 -242 29.5 0
9.5 -242 29.5 12 -250.5 29.5 0
12 -250.5 29.5 16 -254.5 29.5 0
11.5 -238 28 15.5 -240 29.5 0
15.5 -240 29.5 23.5 -239.5 30 0
23.5 -239.5 30 26.5 -234.5 30.5 0
26.5 -234.5 30.5 32 -232.5 30.5 0
32 -232.5 30.5 36.5 -236.5 30.5 0
23.5 -239.5 30 29.5 -239.5 30 0
29.5 -239.5 30 38 -239 30 0
38 -239 30 42.5 -234 30 0
42.5 -234 30 51.5 -232 30 0
38 -239 30 50 -242.5 30 0
15.5 -240 29.5 17.5 -244 30 0
17.5 -244 30 18.5 -253.5 29.5 0
18.5 -253.5 29.5 21.5 -257 30 0
17.5 -244 30 19.5 -245 31 0
19.5 -245 31 23.5 -242 31 0
23.5 -242 31 29 -244.5 29.5 0
29 -244.5 29.5 33.5 -241.5 30 0
29 -244.5 29.5 30.5 -250.5 30 0
30.5 -250.5 30 37 -253 30.5 0
37 -253 30.5 45.5 -252 32 0
19.5 -245 31 28.5 -249.5 31 0
-1.5 -230 30.5 0.5 -236 30.5 0
0.5 -236 30.5 5 -247 31 0
5 -247 31 10 -252 31 0
10 -252 31 13.5 -258 31 0
13.5 -258 31 17.5 -271 30.5 0
13.5 -258 31 21.5 -263.5 29.5 0
21.5 -263.5 29.5 23.5 -273.5 30 0
23.5 -273.5 30 20.5 -279 30 0
5 -247 31 6.5 -260 30.5 0
6.5 -260 30.5 9.5 -270.5 30.5 0
9.5 -270.5 30.5 15.5 -274 30 0
15.5 -274 30 23 -280.5 31 0
23 -280.5 31 27 -288 32 0
27 -288 32 27 -292.5 33 0
27 -292.5 33 18.5 -297.5 32.5 0
18.5 -297.5 32.5 12 -302.5 32 0
9.5 -270.5 30.5 6.5 -278.5 30.5 0
6.5 -278.5 30.5 -0.5 -285.5 30 0
-0.5 -285.5 30 1 -292 31 0
1 -292 31 3 -300 33.5 0
3 -300 33.5 -0.5 -306 34.5 0
-54.5 -207.5 26.5 -53.5 -212 26.5 0
-53.5 -212 26.5 -55.5 -217.5 26.5 0
-55.5 -217.5 26.5 -63.5 -221 26.5 0
-63.5 -221 26.5 -66.5 -225.5 26.5 0
-53.5 -212 26.5 -49.5 -214.5 27 0
-49.5 -214.5 27 -44 -225.5 27 0
-49.5 -214.5 27 -45 -216 26.5 0
-48.5 -165 26.5 -48.5 -167 26.5 0
-48.5 -167 26.5 -45.5 -167.5 27 0
-45.5 -167.5 27 -42.5 -170.5 27.5 0
-42.5 -170.5 27.5 -39 -169 26.5 0
-39 -169 26.5 -35 -169 26.5 0
-35 -169 26.5 -31.5 -170.5 26.5 0
-31.5 -170.5 26.5 -29.5 -174.5 26.5 0
-29.5 -174.5 26.5 -27.5 -179.5 26.5 0
-27.5 -179.5 26.5 -25 -182.5 26.5 0
-25 -182.5 26.5 -23.5 -187 26.5 0
-23.5 -187 26.5 -19.5 -187 26.5 0
-19.5 -187 26.5 -17 -191 26.5 0
-17 -191 26.5 -15.5 -194.5 26.5 0
-15.5 -194.5 26.5 -15 -197 26.5 0
-15 -197 26.5 -12.5 -202 26.5 0
-12.5 -202 26.5 -13.5 -207 27 0
-13.5 -207 27 -11.5 -212 27.5 0
-12.5 -202 26.5 -9 -206.5 26.5 0
-9 -206.5 26.5 -7.5 -210.5 26.5 0
-7.5 -210.5 26.5 -4.5 -211.5 28 0
-23.5 -187 26.5 -20 -190.5 26.5 0
-42.5 -170.5 27.5 -42.5 -176 27 0
-42.5 -176 27 -41.5 -181 26.5 0
-41.5 -181 26.5 -40.5 -184.5 26.5 0
-40.5 -184.5 26.5 -37.5 -190 26 0
-37.5 -190 26 -34 -196 26.5 0
-34 -196 26.5 -31 -196.5 27 0
-31 -196.5 27 -27 -199 27 0
-27 -199 27 -27 -202 27 0
-27 -202 27 -26 -208.5 28.5 0
-26 -208.5 28.5 -25.5 -210.5 27 0
-34 -196 26.5 -34 -201.5 26.5 0
-34 -201.5 26.5 -35.5 -205 26.5 0
-35.5 -205 26.5 -39.5 -209 28.5 0
-39.5 -209 28.5 -40.5 -217 28.5 0
-40.5 -217 28.5 -44 -220 28.5 0
-44 -220 28.5 -49 -223 28.5 0
-49 -223 28.5 -48 -227.5 27.5 0
-48 -227.5 27.5 -47 -232 27.5 0
-47 -232 27.5 -48 -241 27.5 0
-48 -241 27.5 -54 -246 27.5 0
-48 -241 27.5 -45 -245.5 27.5 0
-45 -245.5 27.5 -47 -250.5 27.5 0
-47 -232 27.5 -42 -238 27.5 0
-42 -238 27.5 -40.5 -240.5 28 0
-40.5 -240.5 28 -41 -248 28 0
-41 -248 28 -41 -251.5 28 0
-49 -223 28.5 -54 -225.5 29.5 0
-54 -225.5 29.5 -57 -228.5 29 0
-57 -228.5 29 -55.5 -237.5 30 0
-55.5 -237.5 30 -49.5 -245.5 29.5 0
-40.5 -217 28.5 -38 -218.5 28 0
-38 -218.5 28 -34.5 -223.5 28 0
-34.5 -223.5 28 -34 -227.5 28 0
-34 -227.5 28 -32.5 -232 28.5 0
-32.5 -232 28.5 -28 -236 28.5 0
-48.5 -167 26.5 -49 -179.5 27 0
-49 -179.5 27 -48.5 -182.5 26.5 0
-48.5 -182.5 26.5 -51 -183.5 27.5 0
-51 -183.5 27.5 -56 -188 27.5 0
-56 -188 27.5 -60 -193 27.5 0
-51 -183.5 27.5 -53 -183.5 27.5 0
-53 -183.5 27.5 -57 -186 27.5 0
-57 -186 27.5 -60.5 -188 27.5 0
-53 -183.5 27.5 -57.5 -180.5 27.5 0
-57.5 -180.5 27.5 -63 -183 27 0
-63 -183 27 -65.5 -182.5 27 0
-57.5 -180.5 27.5 -60 -177.5 28 0
-60 -177.5 28 -65.5 -178 28 0
-48.5 -182.5 26.5 -46.5 -190.5 26 0
-46.5 -190.5 26 -52 -192 26.5 0
-52 -192 26.5 -55 -196 26.5 0
-55 -196 26.5 -59 -198 26.5 0
-46.5 -190.5 26 -47 -197 27.5 0
-47 -197 27.5 -40.5 -195.5 27.5 0
-40.5 -195.5 27.5 -33 -192.5 28 0
-47 -197 27.5 -48 -200.5 27.5 0
-48 -200.5 27.5 -53.5 -202 26 0
-53.5 -202 26 -54 -199 26 0
-54 -199 26 -54 -194.5 26.5 0
-54 -194.5 26.5 -54.5 -191.5 26.5 0
-54 -199 26 -58 -204.5 25.5 0
-58 -204.5 25.5 -63.5 -201 26 0
-63.5 -201 26 -72 -197 25.5 0
-72 -197 25.5 -76 -197 25.5 0
-76 -197 25.5 -79 -195 25.5 0
-79 -195 25.5 -82.5 -191 25.5 0
-82.5 -191 25.5 -85.5 -185.5 25.5 0
-85.5 -185.5 25.5 -86.5 -184.5 26.5 0
-86.5 -184.5 26.5 -84 -181.5 27 0
-84 -181.5 27 -84 -175 27 0
-86.5 -184.5 26.5 -88 -183.5 26.5 0
-88 -183.5 26.5 -86.5 -181.5 27 0
-86.5 -181.5 27 -89.5 -178 27 0
-88 -183.5 26.5 -96.5 -181.5 26.5 0
-96.5 -181.5 26.5 -98.5 -179 27 0
-96.5 -181.5 26.5 -100.5 -183 26.5 0
-100.5 -183 26.5 -105 -182.5 27 0
-105 -182.5 27 -109.5 -179.5 27.5 0
-109.5 -179.5 27.5 -114 -177.5 27.5 0
-114 -177.5 27.5 -118 -180.5 27.5 0
-114 -177.5 27.5 -118 -171.5 27.5 0
-118 -171.5 27.5 -123.5 -171 27.5 0
-105 -182.5 27 -114 -186 27 0
-114 -186 27 -115.5 -183.5 27.5 0
-79 -195 25.5 -83.5 -197.5 25 0
-83.5 -197.5 25 -88 -202 26 0
-88 -202 26 -91.5 -207 26 0
-91.5 -207 26 -98 -208.5 26 0
-98 -208.5 26 -102 -212 26 0
-58 -204.5 25.5 -58.5 -209 26 0
-58.5 -209 26 -57.5 -214.5 26 0
-57.5 -214.5 26 -61 -217 26 0
-61 -217 26 -66 -219 26 0
-66 -219 26 -71 -219 26 0
-71 -219 26 -78.5 -217 26 0
-78.5 -217 26 -86.5 -219 27 0
-86.5 -219 27 -89 -222 27 0
-89 -222 27 -97.5 -220 27 0
-89 -222 27 -89.5 -231.5 27.5 0
-89.5 -231.5 27.5 -88.5 -236.5 28 0
-88.5 -236.5 28 -90 -239.5 28 0
-90 -239.5 28 -94 -237 27.5 0
-94 -237 27.5 -96.5 -235.5 27.5 0
-89.5 -231.5 27.5 -93.5 -235 27 0
-93.5 -235 27 -99.5 -244 26.5 0
-99.5 -244 26.5 -104.5 -245.5 26.5 0
-53.5 -202 26 -54.5 -207.5 26.5 0
-54.5 -207.5 26.5 -58.5 -207 26.5 0
-58.5 -207 26.5 -62 -206 26.5 0
-62 -206 26.5 -64.5 -201.5 27.5 0
-64.5 -201.5 27.5 -66.5 -196.5 28 0
-66.5 -196.5 28 -74.5 -193.5 28 0
-74.5 -193.5 28 -73.5 -195.5 28 0
-66.5 -196.5 28 -64.5 -191.5 28.5 0
-64.5 -191.5 28.5 -66.5 -190.5 28.5 0
-66.5 -190.5 28.5 -71 -192 28.5 0
-66.5 -190.5 28.5 -65 -187.5 28.5 0
-62 -206 26.5 -64.5 -212.5 26 0
-64.5 -212.5 26 -71 -212.5 26 0
-64.5 -212.5 26 -63.5 -220 26 0
-63.5 -220 26 -65.5 -223 26 0
-65.5 -223 26 -62.5 -225.5 26 0
-48 -200.5 27.5 -48.5 -197.5 27.5 0
18.5 -139.5 26.5 28 -151 26 0
28 -151 26 34 -161.5 25.5 0
34 -161.5 25.5 32 -168.5 28 0
32 -168.5 28 35 -172.5 28 0
35 -172.5 28 40 -180 29 0
40 -180 29 46 -180 29 0
46 -180 29 51 -185.5 29 0
40 -180 29 43.5 -193 30 0
43.5 -193 30 52.5 -197.5 28 0
52.5 -197.5 28 52 -208 28 0
52 -208 28 54 -214.5 28 0
54 -214.5 28 56.5 -224 30.5 0
56.5 -224 30.5 57.5 -228 31 0
43.5 -193 30 45 -198.5 31 0
45 -198.5 31 49.5 -204.5 29 0
49.5 -204.5 29 49.5 -206.5 29.5 0
32 -168.5 28 29 -172.5 27.5 0
29 -172.5 27.5 27 -177.5 27.5 0
27 -177.5 27.5 31.5 -180 27.5 0
31.5 -180 27.5 37 -179 28 0
31.5 -180 27.5 38.5 -189 27 0
38.5 -189 27 42.5 -194.5 28 0
38.5 -189 27 40 -196 29 0
40 -196 29 45.5 -203 29 0
45.5 -203 29 49.5 -215 29 0
27 -177.5 27.5 25.5 -180.5 28 0
25.5 -180.5 28 21 -180.5 27.5 0
21 -180.5 27.5 16.5 -185 27 0
16.5 -185 27 15.5 -190 28.5 0
25.5 -180.5 28 27.5 -186.5 28 0
27.5 -186.5 28 34 -190 28 0
34 -190 28 37 -190 28 0
34 -190 28 36.5 -194 28 0
36.5 -194 28 40.5 -206 28 0
40.5 -206 28 45 -209.5 28 0
40.5 -206 28 40 -212.5 28 0
40 -212.5 28 45.5 -219.5 28 0
27.5 -186.5 28 27.5 -191 28 0
27.5 -191 28 27.5 -194 28 0
27.5 -194 28 29 -198.5 28 0
29 -198.5 28 21 -216 28 0
29 -198.5 28 34 -210 28 0
34 -210 28 25.5 -215.5 28 0
34 -210 28 42.5 -223 28 0
34 -161.5 25.5 46 -170 28 0
46 -170 28 53 -178 28.5 0
53 -178 28.5 58 -173 28.5 0
58 -173 28.5 63 -175 28.5 0
63 -175 28.5 66.5 -182 28.5 0
66.5 -182 28.5 71 -186.5 28.5 0
63 -175 28.5 69 -176 28.5 0
69 -176 28.5 76 -180 28.5 0
76 -180 28.5 83.5 -180.5 28.5 0
83.5 -180.5 28.5 92.5 -176.5 28.5 0
69 -176 28.5 79 -173 28.5 0
79 -173 28.5 88.5 -172 28.5 0
88.5 -172 28.5 92.5 -170 28.5 0
92.5 -170 28.5 94 -164 28.5 0
94 -164 28.5 99.5 -164 28.5 0
92.5 -170 28.5 103.5 -169.5 28.5 0
90 -180.5 29 101 -177.5 28 0
101 -177.5 28 111.5 -171 28.5 0
58 -173 28.5 59 -167 28.5 0
59 -167 28.5 64 -165.5 28.5 0
64 -165.5 28.5 71.5 -169 28.5 0
71.5 -169 28.5 80.5 -169.5 28.5 0
64 -165.5 28.5 72 -161 28.5 0
72 -161 28.5 76 -151 28.5 0
76 -151 28.5 76 -141.5 28.5 0
76 -141.5 28.5 70 -135.5 28.5 0
76 -141.5 28.5 80.5 -141 28.5 0
72 -161 28.5 78.5 -165.5 28.5 0
78.5 -165.5 28.5 83.5 -166.5 28.5 0
83.5 -166.5 28.5 87 -161 28.5 0
87 -161 28.5 92.5 -157.5 28.5 0
92.5 -157.5 28.5 98.5 -153.5 28.5 0
92.5 -157.5 28.5 96.5 -146 28.5 0
59 -167 28.5 56.5 -159.5 28.5 0
56.5 -159.5 28.5 53 -162 28.5 0
53 -162 28.5 46 -162.5 28.5 0
46 -162.5 28.5 39.5 -161.5 28.5 0
46 -162.5 28.5 41.5 -157.5 28.5 0
41.5 -157.5 28.5 34 -155 28.5 0
41.5 -157.5 28.5 34.5 -151.5 28.5 0
56.5 -159.5 28.5 57 -159 28.5 0
57 -159 28.5 55 -152.5 28.5 0
55 -152.5 28.5 56 -147.5 28.5 0
56 -147.5 28.5 57 -143 28.5 0
56 -147.5 28.5 54 -144 28.5 0
57 -159 28.5 63.5 -147.5 28.5 0
53 -178 28.5 55.5 -182 28.5 0
55.5 -182 28.5 58 -188 28.5 0
58 -188 28.5 65 -190 28.5 0
65 -190 28.5 73.5 -188.5 28.5 0
73.5 -188.5 28.5 79.5 -186.5 28.5 0
79.5 -186.5 28.5 83 -184 28.5 0
83 -184 28.5 82 -182 28.5 0
83 -184 28.5 90 -180.5 29 0
90 -180.5 29 89.5 -174.5 29.5 0
89.5 -174.5 29.5 90 -171.5 28.5 0
90 -171.5 28.5 99.5 -170 28.5 0
79.5 -186.5 28.5 87 -187.5 28 0
87 -187.5 28 96.5 -194.5 28 0
96.5 -194.5 28 101 -203 28 0
87 -187.5 28 95.5 -183.5 28.5 0
95.5 -183.5 28.5 104 -183 28 0
104 -183 28 116 -177.5 28 0
116 -177.5 28 124.5 -180.5 28.5 0
104 -183 28 109.5 -186 28 0
109.5 -186 28 118 -183.5 27.5 0
73.5 -188.5 28.5 88 -200 28 0
88 -200 28 102 -207 27.5 0
102 -207 27.5 110.5 -198 28 0
110.5 -198 28 115.5 -192 28 0
115.5 -192 28 125.5 -185.5 28 0
125.5 -185.5 28 130.5 -186 28.5 0
110.5 -198 28 117 -195.5 28 0
117 -195.5 28 124 -198.5 28 0
124 -198.5 28 128 -190.5 28.5 0
102 -207 27.5 120.5 -205 27.5 0
120.5 -205 27.5 126 -201.5 28.5 0
65 -190 28.5 71 -194.5 28 0
71 -194.5 28 74.5 -201 28.5 0
74.5 -201 28.5 82.5 -205.5 29 0
82.5 -205.5 29 87 -203 29 0
87 -203 29 99.5 -213 28.5 0
99.5 -213 28.5 105 -211.5 28.5 0
105 -211.5 28.5 113 -210 28.5 0
113 -210 28.5 122.5 -214 28.5 0
99.5 -213 28.5 108.5 -213.5 29.5 0
82.5 -205.5 29 94 -214 28.5 0
94 -214 28.5 103 -218 28.5 0
103 -218 28.5 116 -216.5 28.5 0
116 -216.5 28.5 124.5 -225 29 0
124.5 -225 29 134.5 -220 29 0
124.5 -225 29 122.5 -238.5 29.5 0
122.5 -238.5 29.5 126.5 -244 30 0
103 -218 28.5 110.5 -225 29 0
110.5 -225 29 112.5 -240.5 29 0
112.5 -240.5 29 114 -250 29 0
114 -250 29 121 -255.5 29.5 0
74.5 -201 28.5 78 -218.5 27.5 0
78 -218.5 27.5 88 -229 29.5 0
58 -188 28.5 61 -198.5 28.5 0
61 -198.5 28.5 67 -204 29 0
67 -204 29 73.5 -213.5 29 0
73.5 -213.5 29 83 -213 30 0
83 -213 30 88 -218 28 0
88 -218 28 103.5 -225 27.5 0
103.5 -225 27.5 111 -219.5 28 0
111 -219.5 28 118.5 -223 29 0
103.5 -225 27.5 108.5 -237.5 28 0
108.5 -237.5 28 121.5 -245 27 0
121.5 -245 27 132.5 -248 27.5 0
88 -218 28 91 -224.5 28 0
91 -224.5 28 98.5 -229.5 29 0
98.5 -229.5 29 104.5 -240.5 29.5 0
104.5 -240.5 29.5 108.5 -245 29.5 0
108.5 -245 29.5 112.5 -252.5 30 0
112.5 -252.5 30 115 -257.5 30 0
115 -257.5 30 120.5 -260.5 30 0
115 -257.5 30 123.5 -269 30 0
104.5 -240.5 29.5 113 -259 29.5 0
113 -259 29.5 113.5 -271 29.5 0
91 -224.5 28 96 -240 29.5 0
96 -240 29.5 104.5 -253.5 30 0
104.5 -253.5 30 110.5 -260.5 30 0
73.5 -213.5 29 73 -219.5 29 0
73 -219.5 29 68 -227.5 29 0
68 -227.5 29 64 -234 29 0
64 -234 29 58 -235 29.5 0
58 -235 29.5 54.5 -230.5 29.5 0
54.5 -230.5 29.5 52.5 -227.5 30 0
52.5 -227.5 30 54 -218.5 30.5 0
52.5 -227.5 30 39.5 -224.5 30 0
58 -235 29.5 55.5 -234.5 29 0
55.5 -234.5 29 53.5 -233 29 0
53.5 -233 29 48.5 -232 29 0
55.5 -234.5 29 55 -237 28 0
55 -237 28 54 -246.5 27.5 0
54 -246.5 27.5 54 -254.5 28 0
54 -254.5 28 48.5 -256.5 28 0
48.5 -256.5 28 42.5 -259.5 28 0
54 -254.5 28 53 -261.5 28 0
53 -261.5 28 46.5 -264.5 28 0
46.5 -264.5 28 44.5 -270 29 0
44.5 -270 29 53 -281 29.5 0
55 -237 28 52 -239.5 28 0
52 -239.5 28 45.5 -253.5 28 0
45.5 -253.5 28 40.5 -264 28 0
40.5 -264 28 43.5 -274.5 29.5 0
43.5 -274.5 29.5 46.5 -283.5 29.5 0
46.5 -283.5 29.5 40.5 -288.5 29.5 0
40.5 -264 28 35.5 -263.5 29 0
35.5 -263.5 29 34 -278.5 28 0
34 -278.5 28 34.5 -285.5 29.5 0
34.5 -285.5 29.5 39 -286.5 29.5 0
34.5 -285.5 29.5 28.5 -295 29.5 0
64 -234 29 63.5 -241 29 0
63.5 -241 29 59 -243 29 0
59 -243 29 57.5 -258.5 28.5 0
57.5 -258.5 28.5 53.5 -266 28.5 0
53.5 -266 28.5 55 -275 29 0
55 -275 29 57.5 -280.5 30 0
57.5 -280.5 30 56.5 -286 30 0
55 -275 29 52.5 -276.5 29 0
53.5 -266 28.5 45.5 -276 28.5 0
45.5 -276 28.5 42.5 -284.5 28.5 0
63.5 -241 29 66.5 -251 28.5 0
66.5 -251 28.5 63 -256 28.5 0
63 -256 28.5 63.5 -264 29 0
63.5 -264 29 60.5 -277 29 0
63.5 -264 29 69 -269.5 29 0
69 -269.5 29 76 -274 31 0
73 -271.5 28.5 78 -279.5 29.5 0
66.5 -251 28.5 68.5 -257 28.5 0
68.5 -257 28.5 66.5 -272.5 28.5 0
66.5 -272.5 28.5 62 -277 28.5 0
68.5 -257 28.5 72 -261.5 28.5 0
72 -261.5 28.5 73 -271.5 28.5 0
73 -271.5 28.5 68 -277.5 28.5 0
72 -261.5 28.5 88 -279 30 0
73 -219.5 29 79.5 -228.5 30 0
79.5 -228.5 30 79.5 -232 30.5 0
79.5 -232 30.5 76 -231.5 31 0
76 -231.5 31 72.5 -231 31 0
72.5 -231 31 72.5 -240 28 0
72.5 -240 28 70.5 -254 27.5 0
79.5 -232 30.5 80.5 -238 29.5 0
80.5 -238 29.5 84 -241.5 29.5 0
84 -241.5 29.5 89.5 -254 29.5 0
89.5 -254 29.5 94.5 -261.5 30 0
94.5 -261.5 30 94 -279 30 0
80.5 -238 29.5 80.5 -242.5 28 0
80.5 -242.5 28 77.5 -245 28 0
77.5 -245 28 69.5 -242.5 28 0
69.5 -242.5 28 61 -240 27.5 0
77.5 -245 28 76.5 -251 28 0
76.5 -251 28 73 -254 28 0
73 -254 28 76 -260.5 28.5 0
76 -260.5 28.5 79.5 -265 28 0
79.5 -265 28 79.5 -270 29.5 0
79.5 -265 28 83.5 -268 28.5 0
76.5 -251 28 81 -259.5 29.5 0
81 -259.5 29.5 86 -271 29.5 0
80.5 -242.5 28 84.5 -252.5 29 0
84.5 -252.5 29 87 -263 30 0
87 -263 30 91.5 -269 30.5 0
91.5 -269 30.5 96.5 -267.5 30.5 0
84.5 -252.5 29 87.5 -258 28.5 0
87.5 -258 28.5 90.5 -263 28.5 0
90.5 -263 28.5 90.5 -272.5 28.5 0
90.5 -272.5 28.5 86 -275 28.5 0
90.5 -272.5 28.5 95.5 -276 28.5 0
87.5 -258 28.5 104.5 -264 29.5 0
104.5 -264 29.5 106 -266 30.5 0
106 -266 30.5 113.5 -266 31 0
113.5 -266 31 116 -264 31 0
106 -266 30.5 107 -278 32.5 0
79.5 -228.5 30 85.5 -233 29.5 0
85.5 -233 29.5 89.5 -236 29.5 0
89.5 -236 29.5 93.5 -246 30 0
93.5 -246 30 99.5 -254.5 31 0
99.5 -254.5 31 104.5 -254 31.5 0
104.5 -254 31.5 111.5 -251 31.5 0
85.5 -233 29.5 90 -246.5 31 0
90 -246.5 31 97.5 -259 29 0
97.5 -259 29 100.5 -276 29 0
13.3477 -92.0908 19.2246 2 -102.5 19 0
2 -102.5 19 0.5 -98 19 0
0.5 -98 19 -6 -94 19 0
-6 -94 19 -10 -90 19 0
-10 -90 19 -12 -86.5 19 0
-12 -86.5 19 -15 -82.5 19 0
-10 -90 19 -17 -88.5 19 0
-17 -88.5 19 -23.5 -85 19.5 0
-17 -88.5 19 -21.5 -91 19 0
2 -102.5 19 -2 -103.5 18.5 0
-2 -103.5 18.5 -14 -104.5 18.5 0
-14 -104.5 18.5 -18 -101.5 18.5 0
-18 -101.5 18.5 -21 -101 18.5 0
-21 -101 18.5 -22.5 -97 18.5 0
-22.5 -97 18.5 -22 -94.5 18.5 0
-22 -94.5 18.5 -22 -92 17.5 0
-22 -92 17.5 -23 -90 17.5 0
-23 -90 17.5 -23 -87 17.5 0
-23 -87 17.5 -21.5 -84 17.5 0
-21.5 -84 17.5 -19 -83 17.5 0
-19 -83 17.5 -16 -84.5 17.5 0
-22.5 -97 18.5 -25.5 -96 19.5 0
-25.5 -96 19.5 -29 -94.5 19.5 0
-29 -94.5 19.5 -33 -92.5 19.5 0
-33 -92.5 19.5 -30.5 -90 19.5 0
-30.5 -90 19.5 -27.5 -87.5 19.5 0
-27.5 -87.5 19.5 -22.5 -89.5 19.5 0
-27.5 -87.5 19.5 -25 -85.5 19.5 0
-25 -85.5 19.5 -23 -83.5 19.5 0
-33 -92.5 19.5 -34.5 -92.5 20.5 0
-34.5 -92.5 20.5 -35.5 -90.5 20.5 0
-35.5 -90.5 20.5 -34.5 -87.5 20.5 0
-34.5 -87.5 20.5 -34.5 -84 19.5 0
-34.5 -84 19.5 -34.5 -82.5 19.5 0
-34.5 -82.5 19.5 -33.5 -80 20.5 0
-33.5 -80 20.5 -34 -77.5 20.5 0
-34 -77.5 20.5 -35.5 -75.5 20.5 0
-35.5 -75.5 20.5 -37.5 -72 20.5 0
-37.5 -72 20.5 -34 -72.5 20.5 0
-34 -72.5 20.5 -28 -74.5 20.5 0
-28 -74.5 20.5 -21.5 -76 20.5 0
-28 -74.5 20.5 -22 -70 20 0
-37.5 -72 20.5 -38 -68.5 21 0
-38 -68.5 21 -38 -67 20 0
-38 -67 20 -34 -67 20.5 0
-34 -67 20.5 -29.5 -68 20.5 0
-29.5 -68 20.5 -23.5 -68 20.5 0
-38 -67 20 -40.5 -62.5 20 0
-40.5 -62.5 20 -41.5 -58 19.5 0
-41.5 -58 19.5 -42.5 -56.5 19.5 0
-42.5 -56.5 19.5 -38 -54 19.5 0
-42.5 -56.5 19.5 -44 -56 19.5 0
-44 -56 19.5 -47.5 -55.5 18 0
-47.5 -55.5 18 -51.5 -54 18 0
-51.5 -54 18 -53 -51 18 0
-53 -51 18 -58.5 -45 18.5 0
-44 -56 19.5 -47.5 -49 18.5 0
-47.5 -49 18.5 -46 -43.5 18.5 0
-46 -43.5 18.5 -39.5 -39 17.5 0
-47.5 -49 18.5 -51.5 -46.5 18.5 0
-51.5 -46.5 18.5 -54 -42 18.5 0
-34.5 -82.5 19.5 -35.5 -79.5 19.5 0
-35.5 -79.5 19.5 -37.5 -77 19.5 0
-37.5 -77 19.5 -38.5 -75.5 19.5 0
-38.5 -75.5 19.5 -36 -71 19.5 0
-38.5 -75.5 19.5 -40 -72 19.5 0
-40 -72 19.5 -40.5 -70.5 19.5 0
-40.5 -70.5 19.5 -46 -69 19.5 0
-46 -69 19.5 -49 -67.5 19.5 0
-49 -67.5 19.5 -53 -64 19.5 0
-53 -64 19.5 -56 -63 19.5 0
-40.5 -70.5 19.5 -41.5 -67.5 19.5 0
-41.5 -67.5 19.5 -44 -63 20 0
-44 -63 20 -47.5 -59.5 19.5 0
-47.5 -59.5 19.5 -55.5 -59.5 19 0
-55.5 -59.5 19 -60.5 -59 19.5 0
-55.5 -59.5 19 -55.5 -56.5 19.5 0
-47.5 -59.5 19.5 -47.5 -58 19.5 0
-47.5 -58 19.5 -50 -56 19.5 0
-50 -56 19.5 -54.5 -54 19.5 0
-54.5 -54 19.5 -58.5 -55 19 0
-58.5 -55 19 -62.5 -54 19.5 0
-54.5 -54 19.5 -58 -51 20.5 0
-58 -51 20.5 -61.5 -50 20.5 0
-61.5 -50 20.5 -64 -48 20.5 0
-64 -48 20.5 -66 -48 20.5 0
-66 -48 20.5 -69 -44.5 20 0
-64 -54.5 21 -63.5 -51 21 0
-63.5 -51 21 -64 -47 21 0
-64 -47 21 -66 -43.5 21 0
-35.5 -90.5 20.5 -40.5 -87 20.5 0
-40.5 -87 20.5 -44.5 -84 20.5 0
-44.5 -84 20.5 -46 -81.5 20.5 0
-46 -81.5 20.5 -47 -78 20.5 0
-47 -78 20.5 -43.5 -75 20.5 0
-43.5 -75 20.5 -42.5 -72 20.5 0
-42.5 -72 20.5 -44.5 -67.5 21 0
-44.5 -67.5 21 -46 -64 21 0
-46 -64 21 -48.5 -61 21 0
-47 -78 20.5 -52 -75.5 21.5 0
-52 -75.5 21.5 -57 -72.5 20.5 0
-57 -72.5 20.5 -63 -68 20.5 0
-63 -68 20.5 -65.5 -66 20.5 0
-65.5 -66 20.5 -67.5 -63 20.5 0
-67.5 -63 20.5 -69.5 -61 20.5 0
-69.5 -61 20.5 -70 -59.5 20.5 0
-70 -59.5 20.5 -70 -57 20.5 0
-70 -57 20.5 -72 -55 20.5 0
-72 -55 20.5 -73 -54 20.5 0
-72 -55 20.5 -71 -53 21.5 0
-63 -68 20.5 -62.5 -65 20.5 0
-62.5 -65 20.5 -60.5 -64 20.5 0
-60.5 -64 20.5 -60.5 -62.5 21 0
-60.5 -62.5 21 -58 -61.5 20.5 0
-58 -61.5 20.5 -56 -60.5 20.5 0
-60.5 -62.5 21 -62 -58.5 22.5 0
-62 -58.5 22.5 -64 -54.5 21 0
-64 -54.5 21 -67.5 -52.5 21 0
-67.5 -52.5 21 -72 -49 21 0
-72 -49 21 -73 -47.5 21 0
-73 -47.5 21 -73 -44.5 21 0
-62.5 -65 20.5 -63.5 -62.5 20.5 0
-44.5 -84 20.5 -50.5 -82.5 22 0
-50.5 -82.5 22 -54.5 -81 22.5 0
-54.5 -81 22.5 -60 -76.5 22 0
-60 -76.5 22 -64.5 -73.5 22 0
-64.5 -73.5 22 -64.5 -70.5 22 0
-54.5 -81 22.5 -59 -81 22.5 0
-59 -81 22.5 -63.5 -79.5 23 0
-63.5 -79.5 23 -67 -78 22 0
-67 -78 22 -70 -74.5 22 0
-70 -74.5 22 -70 -70 22 0
-70 -70 22 -68.5 -67 22 0
-68.5 -67 22 -65.5 -65 22 0
-65.5 -65 22 -60.5 -62.5 22 0
-60.5 -62.5 22 -55 -60.5 22 0
-70 -74.5 22 -75 -74.5 22 0
-75 -74.5 22 -79 -72.5 21 0
-79 -72.5 21 -81.5 -69.5 21 0
-81.5 -69.5 21 -82.5 -66.5 21 0
-82.5 -66.5 21 -84 -64 21 0
-84 -64 21 -83 -62 21 0
-83 -62 21 -82.5 -58 21 0
-82.5 -58 21 -81 -54 21 0
-81 -54 21 -81.5 -51 21 0
-81.5 -51 21 -83 -49 21 0
-80 -74 22 -78 -71 22 0
-78 -71 22 -79 -66 22 0
-67 -78 22 -70.5 -79.5 22 0
-70.5 -79.5 22 -78 -81 22 0
-78 -81 22 -81 -88 22 0
-78 -81 22 -81 -79 22 0
-81 -79 22 -87 -82.5 21.5 0
-87 -82.5 21.5 -94.5 -85 21.5 0
-81 -79 22 -83 -77 22 0
-83 -77 22 -80 -74 22 0
-80 -74 22 -82.5 -71.5 22 0
-82.5 -71.5 22 -86 -72 22 0
-86 -72 22 -90 -74.5 22 0
-90 -74.5 22 -94.5 -81 20.5 0
-83 -77 22 -88 -77 22 0
-84 -84 22.5 -88 -83 22.5 0
-34.5 -92.5 20.5 -40.5 -94 23 0
-40.5 -94 23 -46 -92 23 0
-46 -92 23 -51.5 -90 22.5 0
-51.5 -90 22.5 -54.5 -87 22.5 0
-54.5 -87 22.5 -58 -85.5 22.5 0
-58 -85.5 22.5 -62.5 -83.5 22.5 0
-62.5 -83.5 22.5 -65 -83.5 22.5 0
-65 -83.5 22.5 -64 -88 22.5 0
-64 -88 22.5 -60 -89.5 23 0
-65 -83.5 22.5 -68 -82.5 22.5 0
-68 -82.5 22.5 -71 -84 22.5 0
-71 -84 22.5 -73.5 -86.5 22.5 0
-71 -84 22.5 -77 -84.5 22.5 0
-77 -84.5 22.5 -81.5 -83 23 0
-51.5 -90 22.5 -56 -91 22.5 0
-56 -91 22.5 -62 -92 22.5 0
-62 -92 22.5 -67 -93.5 22.5 0
-67 -93.5 22.5 -69 -95 22.5 0
-69 -95 22.5 -70 -96 22.5 0
-69 -95 22.5 -72 -93.5 22.5 0
-72 -93.5 22.5 -75.5 -96.5 22.5 0
-71 -97 22.5 -74.5 -99 22.5 0
-74.5 -99 22.5 -78 -97.5 22.5 0
-78 -97.5 22.5 -83.5 -93.5 22.5 0
-83.5 -93.5 22.5 -83 -90.5 22.5 0
-83 -90.5 22.5 -84 -86 22.5 0
-84 -86 22.5 -84 -84 22.5 0
-84 -84 22.5 -83.5 -81 22.5 0
-83.5 -93.5 22.5 -87.5 -93.5 22.5 0
-87.5 -93.5 22.5 -92 -92 22.5 0
-92 -92 22.5 -96 -93 22.5 0
-92 -92 22.5 -93.5 -89.5 22.5 0
-93.5 -89.5 22.5 -92.5 -85 22.5 0
-74.5 -99 22.5 -74.5 -101.5 23.5 0
-74.5 -101.5 23.5 -75 -103 23.5 0
-51 -93 21.5 -54 -93 21.5 0
-54 -93 21.5 -60 -91 21.5 0
-60 -91 21.5 -65 -91.5 22 0
-60 -91 21.5 -62.5 -89.5 22 0
-21 -101 18.5 -23.5 -102.5 19 0
-23.5 -102.5 19 -27 -103 19 0
-27 -103 19 -36.5 -103.5 20 0
-36.5 -103.5 20 -34.5 -107 20.5 0
-34.5 -107 20.5 -34.5 -108.5 20.5 0
-34.5 -108.5 20.5 -34.5 -114 20.5 0
-34.5 -114 20.5 -36.5 -116.5 20.5 0
-36.5 -116.5 20.5 -38 -117 20.5 0
-38 -117 20.5 -40.5 -116.5 21 0
-36.5 -103.5 20 -38 -103 21 0
-38 -103 21 -39.5 -98.5 21 0
-39.5 -98.5 21 -40.5 -97 21 0
-40.5 -97 21 -44.5 -97.5 21 0
-44.5 -97.5 21 -50 -102 21 0
-40.5 -97 21 -41 -95 20 0
-38 -103 21 -42 -103 20 0
-42 -103 20 -43 -107.5 20 0
-42 -103 20 -45.5 -102.5 21.5 0
-45.5 -102.5 21.5 -49.5 -96.5 21.5 0
-49.5 -96.5 21.5 -51 -93 21.5 0
-51 -93 21.5 -51.5 -90.5 21.5 0
-51.5 -90.5 21.5 -52.5 -87 21.5 0
-45.5 -102.5 21.5 -50 -100.5 22.5 0
-50 -100.5 22.5 -53.5 -99.5 22.5 0
-53.5 -99.5 22.5 -57 -98.5 22.5 0
-57 -98.5 22.5 -62 -97.5 22.5 0
-62 -97.5 22.5 -63.5 -95 22.5 0
-63.5 -95 22.5 -65.5 -92 22.5 0
-65.5 -92 22.5 -67 -90 22.5 0
-67 -90 22.5 -68.5 -89.5 22.5 0
-68.5 -89.5 22.5 -67.5 -86.5 22.5 0
-67.5 -86.5 22.5 -68 -84 22.5 0
-68 -84 22.5 -66.5 -81 22.5 0
-66.5 -81 22.5 -65.5 -77 22 0
-65.5 -77 22 -63.5 -75 22 0
-63.5 -75 22 -61 -73.5 22 0
-61 -73.5 22 -59.5 -72 22 0
-59.5 -72 22 -57 -68.5 22 0
-68.5 -89.5 22.5 -72.5 -88.5 22 0
-72.5 -88.5 22 -77 -89 22 0
-77 -89 22 -81 -90 22 0
-81 -90 22 -85 -89.5 21.5 0
-85 -89.5 21.5 -87.5 -88 21.5 0
-87.5 -88 21.5 -89.5 -88.5 21.5 0
-89.5 -88.5 21.5 -92 -83 22.5 0
-89.5 -88.5 21.5 -92 -88.5 21.5 0
-92 -88.5 21.5 -94 -87.5 21.5 0
-94 -87.5 21.5 -93 -86 21.5 0
-62 -97.5 22.5 -66.5 -97 22.5 0
-66.5 -97 22.5 -67.5 -95 23 0
-66.5 -97 22.5 -70 -97 22.5 0
-70 -97 22.5 -71 -97 22.5 0
-71 -97 22.5 -73 -95.5 22.5 0
-73 -95.5 22.5 -76 -94.5 22.5 0
-76 -94.5 22.5 -79 -94 22.5 0
-79 -94 22.5 -81.5 -94 22.5 0
-66 -96 24 -69 -95 24 0
-69 -95 24 -67.5 -95.5 24 0
-63 -100 23.5 -67 -102.5 25 0
-67 -102.5 25 -71.5 -101.5 25 0
-71.5 -101.5 25 -76.5 -101.5 25 0
-14 -104.5 18.5 -17 -107 19 0
-17 -107 19 -22.5 -112 22 0
-22.5 -112 22 -20 -116 23 0
-20 -116 23 -16.5 -123 23 0
-16.5 -123 23 -16.5 -126.5 24 0
-16.5 -126.5 24 -16.5 -132 24 0
-16.5 -132 24 -21 -136 24 0
-21 -136 24 -25 -139 23.5 0
-25 -139 23.5 -26.5 -140.5 23.5 0
-22.5 -112 22 -30 -115 23 0
-30 -115 23 -34 -112 23.5 0
-34 -112 23.5 -38.5 -109.5 24 0
-38.5 -109.5 24 -43 -108.5 24 0
-43 -108.5 24 -47.5 -106 23.5 0
-47.5 -106 23.5 -52 -108 23.5 0
-47.5 -106 23.5 -51 -104.5 23.5 0
-51 -104.5 23.5 -54 -103 23.5 0
-54 -103 23.5 -57.5 -100 23.5 0
-57.5 -100 23.5 -63 -100 23.5 0
-63 -100 23.5 -66 -97.5 24 0
-66 -97.5 24 -66 -96 24 0
-66 -96 24 -66.5 -91.5 24 0
-66.5 -91.5 24 -66.5 -89.5 24 0
-54 -103 23.5 -63.5 -107.5 24 0
-62.5 -105.5 24 -65.5 -105.5 23.5 0
-65.5 -105.5 23.5 -70.5 -103 23.5 0
-43 -108.5 24 -46 -111 24.5 0
-46 -111 24.5 -53 -109 24.5 0
-53 -109 24.5 -57 -106 24.5 0
-57 -106 24.5 -58.5 -102.5 24.5 0
-57 -106 24.5 -59.5 -107.5 24.5 0
-46 -111 24.5 -49 -113 23.5 0
-49 -113 23.5 -55.5 -116 24 0
-55.5 -116 24 -63.5 -120 24 0
-63.5 -120 24 -72.5 -123.5 24 0
-72.5 -123.5 24 -78.5 -124.5 24 0
-60.5 -117.5 24 -69.5 -113.5 24.5 0
-69.5 -113.5 24.5 -74 -107 24.5 0
-74 -107 24.5 -74 -103 24.5 0
-69.5 -113.5 24.5 -72.5 -115 24.5 0
-72.5 -115 24.5 -78.5 -116.5 24.5 0
-78.5 -116.5 24.5 -83 -116 24.5 0
-83 -116 24.5 -87 -114 24.5 0
-87 -114 24.5 -88 -110 25 0
-88 -110 25 -92 -109 25 0
-92 -109 25 -94 -107.5 25 0
-94 -107.5 25 -96.5 -106.5 25 0
-96.5 -106.5 25 -99 -107 25 0
-99 -107 25 -98.5 -107.5 25 0
-87 -114 24.5 -91 -113.5 24.5 0
-91 -113.5 24.5 -93.5 -112 24.5 0
-93.5 -112 24.5 -96.5 -110.5 24.5 0
-96.5 -110.5 24.5 -100.5 -111 24.5 0
-100.5 -111 24.5 -107 -112 24.5 0
-103 -112.5 25 -106.5 -108.5 24.5 0
-67.5 -121.5 24 -72 -121.5 23.5 0
-72 -121.5 23.5 -73 -118.5 24 0
-73 -118.5 24 -74.5 -117 24 0
-72 -121.5 23.5 -75.5 -121.5 24 0
-75.5 -121.5 24 -78 -118.5 24 0
-78 -118.5 24 -80 -115.5 24 0
-80 -115.5 24 -78 -111 24 0
-80 -115.5 24 -82.5 -114 24 0
-82.5 -114 24 -85 -112 24 0
-75.5 -121.5 24 -81 -120 24 0
-81 -120 24 -82.5 -117.5 24 0
-81 -120 24 -88.5 -118.5 25.5 0
-88.5 -118.5 25.5 -85.5 -113.5 25.5 0
-88.5 -118.5 25.5 -92 -118 25.5 0
-53 -109 24.5 -56 -109.5 25 0
-30 -115 23 -33.5 -120 23 0
-33.5 -120 23 -37.5 -122.5 23 0
-37.5 -122.5 23 -42 -119.5 24 0
-42 -119.5 24 -43.5 -116 24 0
-43.5 -116 24 -49 -111.5 24 0
-49 -111.5 24 -58 -112 24 0
-58 -112 24 -61 -114.5 24 0
-58 -112 24 -62 -110.5 24 0
-62 -110.5 24 -67.5 -108.5 24 0
-62 -110.5 24 -62.5 -105.5 24 0
-62.5 -105.5 24 -62 -102.5 24 0
-42 -119.5 24 -50 -119 25 0
-50 -119 25 -60.5 -117.5 24 0
-60.5 -117.5 24 -64 -115.5 24.5 0
-64 -115.5 24.5 -67 -117.5 24 0
-67 -117.5 24 -70.5 -117.5 24 0
-70.5 -117.5 24 -73 -116.5 24 0
-73 -116.5 24 -74 -115 24 0
-74 -115 24 -75.5 -109.5 24 0
-75.5 -109.5 24 -76 -107 24 0
-76 -107 24 -74 -102.5 24 0
-74 -102.5 24 -71 -98.5 24 0
-76 -107 24 -79 -104.5 24 0
-79 -104.5 24 -84.5 -101 23.5 0
-84.5 -101 23.5 -84.5 -98 23.5 0
-84.5 -98 23.5 -85.5 -97 23.5 0
-85.5 -97 23.5 -90.5 -95.5 23.5 0
-90.5 -95.5 23.5 -97 -92.5 23.5 0
-90.5 -95.5 23.5 -95.5 -98 22.5 0
-84.5 -101 23.5 -89 -102 23.5 0
-89 -102 23.5 -91.5 -102 23.5 0
-91.5 -102 23.5 -98 -98.5 23.5 0
-98 -98.5 23.5 -105 -94 23.5 0
-91.5 -102 23.5 -92.5 -105 23.5 0
-92.5 -105 23.5 -97 -106.5 23.5 0
-97 -106.5 23.5 -101.5 -107.5 24 0
-101.5 -107.5 24 -106.5 -106.5 23 0
-106.5 -106.5 23 -109.5 -106.5 23 0
-64 -115.5 24.5 -65 -111.5 23.5 0
-65 -111.5 23.5 -65 -107.5 23.5 0
-37.5 -122.5 23 -39 -127.5 20.5 0
-39 -127.5 20.5 -42 -128 20.5 0
-42 -128 20.5 -45.5 -124.5 23.5 0
-45.5 -124.5 23.5 -50 -123.5 23.5 0
-50 -123.5 23.5 -57 -124 24 0
-57 -124 24 -61 -123.5 24 0
-61 -123.5 24 -65.5 -123 24 0
-65.5 -123 24 -67.5 -121.5 24 0
-67.5 -121.5 24 -69.5 -119 24 0
-57 -124 24 -60 -127 24 0
-60 -127 24 -63.5 -132.5 25.5 0
-42 -128 20.5 -46 -128.5 23.5 0
-46 -128.5 23.5 -50 -129.5 23.5 0
-50 -129.5 23.5 -54 -131.5 23 0
-54 -131.5 23 -57 -129.5 23 0
-57 -129.5 23 -59 -127.5 23 0
-59 -127.5 23 -65 -131.5 23 0
-59 -127.5 23 -67.5 -128 23 0
-54 -131.5 23 -61.5 -137 24 0
-61.5 -137 24 -68.5 -135.5 24 0
-68.5 -135.5 24 -75 -135.5 24 0
-75 -135.5 24 -78.5 -133 24.5 0
-78.5 -133 24.5 -80.5 -131.5 25 0
-80.5 -131.5 25 -78.5 -127.5 25 0
-78.5 -127.5 25 -71.5 -125.5 25 0
-71.5 -125.5 25 -67 -123.5 25 0
-67 -123.5 25 -64.5 -122 25 0
-64.5 -122 25 -62 -121 25 0
-78.5 -127.5 25 -83 -125.5 25 0
-83 -125.5 25 -85.5 -122 25 0
-85.5 -122 25 -89.5 -121.5 25 0
-89.5 -121.5 25 -95 -120 25 0
-95 -120 25 -99 -116.5 25 0
-99 -116.5 25 -103 -112.5 25 0
-103 -112.5 25 -101.5 -105.5 25 0
-95 -120 25 -97.5 -123.5 25 0
-97.5 -123.5 25 -100.5 -130 25 0
-100.5 -130 25 -103 -132 25 0
-103 -132 25 -110 -132 25 0
-83 -125.5 25 -86 -125.5 25 0
-86 -125.5 25 -87.5 -128 25.5 0
-87.5 -128 25.5 -91.5 -130.5 25 0
-91.5 -130.5 25 -97.5 -132 25 0
-97.5 -132 25 -99.5 -130.5 25 0
-86 -125.5 25 -91.5 -126.5 25 0
-91.5 -126.5 25 -94 -123.5 24 0
-94 -123.5 24 -98.5 -120 24.5 0
-98.5 -120 24.5 -101 -117.5 25 0
-101 -117.5 25 -99.5 -113 24.5 0
-91.5 -126.5 25 -96 -129 25 0
-96 -129 25 -100 -128.5 25 0
-100 -128.5 25 -106 -131.5 24.5 0
-106 -131.5 24.5 -110 -133 25 0
-110 -133 25 -114.5 -135 25 0
-114.5 -135 25 -121.5 -137.5 25 0
-101 -117.5 25 -104 -115.5 25 0
-104 -115.5 25 -109 -114 25 0
-109 -114 25 -115 -114.5 25 0
-80.5 -131.5 25 -82.5 -131 25 0
-82.5 -131 25 -86.5 -129 25.5 0
-82.5 -131 25 -86.5 -135 25 0
-86.5 -135 25 -88 -138.5 25 0
-88 -138.5 25 -84.5 -142 25 0
-75 -135.5 24 -81 -136.5 24 0
-81 -136.5 24 -83.5 -136.5 24 0
-61.5 -137 24 -62.5 -139 24 0
-62.5 -139 24 -64 -142.5 24 0
-64 -142.5 24 -63 -145 25.5 0
-63 -145 25.5 -65 -147 25.5 0
-65 -147 25.5 -67.5 -149 25.5 0
-67.5 -149 25.5 -71.5 -149 26 0
-71.5 -149 26 -74.5 -148 26 0
-74.5 -148 26 -79 -148 26 0
-79 -148 26 -82.5 -147.5 26 0
-63 -145 25.5 -63.5 -150 25.5 0
-63.5 -150 25.5 -65.5 -153.5 25.5 0
-65.5 -153.5 25.5 -69.5 -153.5 25.5 0
-69.5 -153.5 25.5 -76.5 -154.5 26 0
-76.5 -154.5 26 -78.5 -153.5 26 0
-64 -142.5 24 -69 -143.5 25.5 0
-69 -143.5 25.5 -72.5 -145.5 25.5 0
-72.5 -145.5 25.5 -76.5 -146 26 0
-76.5 -146 26 -81 -145 26 0
-81 -145 26 -83 -143 26 0
-83 -143 26 -87 -142 25.5 0
-87 -142 25.5 -90 -142 25.5 0
-90 -142 25.5 -92 -141 25.5 0
-92 -141 25.5 -95.5 -138.5 26 0
-95.5 -138.5 26 -99 -135 26 0
-99 -135 26 -103.5 -130 27 0
-103.5 -130 27 -107 -124.5 27 0
-107 -124.5 27 -111.5 -116.5 26 0
-90 -142 25.5 -97 -144 26 0
-97 -144 26 -102 -145.5 26 0
-102 -145.5 26 -107.5 -145.5 25 0
-107.5 -145.5 25 -110 -144 25 0
-110 -144 25 -108.5 -142 25 0
-110 -144 25 -113 -144.5 25 0
-113 -144.5 25 -116 -143 25 0
-116 -143 25 -119.5 -140.5 25 0
-119.5 -140.5 25 -125.5 -141.5 25 0
-102 -145.5 26 -106 -149 25 0
-106 -149 25 -110 -151 25.5 0
-110 -151 25.5 -113.5 -148.5 25.5 0
-110 -151 25.5 -113 -152.5 24.5 0
-113 -152.5 24.5 -115.5 -156 24 0
-115.5 -156 24 -115 -162 24.5 0
-39 -127.5 20.5 -39 -134 24 0
-39 -134 24 -40 -138 25.5 0
-40 -138 25.5 -36 -140 25.5 0
-36 -140 25.5 -32.5 -145 25.5 0
-32.5 -145 25.5 -28 -145 25.5 0
-28 -145 25.5 -25 -145 25.5 0
-32.5 -145 25.5 -33.5 -149 26 0
-33.5 -149 26 -34.5 -153 26 0
-34.5 -153 26 -36 -157 26 0
-36 -157 26 -37.5 -160.5 26 0
-37.5 -160.5 26 -39 -162.5 26 0
-39 -162.5 26 -39.5 -163.5 25.5 0
-39.5 -163.5 25.5 -37.5 -164 26.5 0
-37.5 -164 26.5 -34 -164 25.5 0
-39.5 -163.5 25.5 -43 -166.5 26 0
-43 -166.5 26 -45 -169.5 26 0
-45 -169.5 26 -47 -173.5 26 0
-47 -173.5 26 -46.5 -178.5 26 0
-46.5 -178.5 26 -45 -182 26 0
-45 -182 26 -45.5 -185.5 26 0
-45.5 -185.5 26 -43 -188.5 26 0
-43 -188.5 26 -41.5 -191.5 26 0
-40 -138 25.5 -46 -150 25.5 0
-46 -150 25.5 -49.5 -162 25.5 0
-49.5 -162 25.5 -60.5 -164.5 25.5 0
-60.5 -164.5 25.5 -65 -164.5 25.5 0
-65 -164.5 25.5 -64.5 -167.5 25 0
-64.5 -167.5 25 -63 -171 26.5 0
-63 -171 26.5 -62 -175.5 26.5 0
-62 -175.5 26.5 -61.5 -180 26 0
-61.5 -180 26 -62.5 -186 26 0
-65 -164.5 25.5 -68.5 -163.5 25.5 0
-68.5 -163.5 25.5 -71.5 -162.5 25.5 0
-71.5 -162.5 25.5 -74 -160 25.5 0
-74 -160 25.5 -78.5 -157 26 0
-78.5 -157 26 -83.5 -155 26 0
-83.5 -155 26 -86.5 -151 26 0
-86.5 -151 26 -90 -146 26 0
-90 -146 26 -88 -144 26 0
-90 -146 26 -98.5 -146.5 26 0
-83.5 -155 26 -89 -157.5 27 0
-89 -157.5 27 -95 -157.5 25 0
-95 -157.5 25 -99.5 -153.5 24 0
-99.5 -153.5 24 -103 -150 23.5 0
-71.5 -162.5 25.5 -77 -165 25.5 0
-77 -165 25.5 -82.5 -160.5 25.5 0
-82.5 -160.5 25.5 -88 -164.5 25 0
-88 -164.5 25 -92.5 -165.5 25 0
-92.5 -165.5 25 -95.5 -163 25 0
-95.5 -163 25 -98.5 -161 25 0
-98.5 -161 25 -102.5 -161.5 25 0
-102.5 -161.5 25 -104.5 -157.5 25 0
-104.5 -157.5 25 -108 -156.5 25 0
-108 -156.5 25 -109 -159 25 0
-109 -159 25 -111 -160.5 25.5 0
-111 -160.5 25.5 -115 -162 25.5 0
-108 -156.5 25 -112 -155 25 0
-112 -155 25 -118.5 -152.5 25 0
-102.5 -161.5 25 -108 -164.5 24.5 0
-108 -164.5 24.5 -112.5 -162.5 24.5 0
-108 -164.5 24.5 -111 -168.5 25 0
-111 -168.5 25 -113.5 -171 25 0
-92.5 -165.5 25 -95 -170 26 0
-95 -170 26 -99 -173 25.5 0
-99 -173 25.5 -102.5 -174 25.5 0
-102.5 -174 25.5 -105 -174 25.5 0
-105 -174 25.5 -108 -169.5 26 0
-105 -174 25.5 -107.5 -177 25.5 0
-107.5 -177 25.5 -108.5 -180.5 25.5 0
-88 -164.5 25 -89 -169 25 0
-89 -169 25 -91 -176 25.5 0
-91 -176 25.5 -91.5 -185 26 0
-91.5 -185 26 -90 -190.5 26 0
-90 -190.5 26 -92 -197.5 27 0
-92 -197.5 27 -97 -201.5 26.5 0
-97 -201.5 26.5 -103.5 -204.5 26.5 0
-77 -165 25.5 -76.5 -171 27 0
-76.5 -171 27 -75.5 -174.5 28 0
-75.5 -174.5 28 -71 -181 30.5 0
-75.5 -174.5 28 -77 -182.5 26 0
-77 -182.5 26 -77 -187 26 0
-77 -187 26 -73.5 -191 26 0
-73.5 -191 26 -71 -195.5 26 0
-71 -195.5 26 -70.5 -200 26 0
-77 -187 26 -81.5 -191 26.5 0
-81.5 -191 26.5 -81 -193 26.5 0
-81 -193 26.5 -87 -193 26.5 0
-81 -193 26.5 -82 -197 26 0
-49.5 -162 25.5 -48.5 -165 26.5 0
-48.5 -165 26.5 -54.5 -166 26.5 0
-54.5 -166 26.5 -58 -162.5 26.5 0
-58 -162.5 26.5 -62.5 -158.5 26 0
-62.5 -158.5 26 -66 -155 27 0
-54.5 -166 26.5 -57 -168 26.5 0
-57 -168 26.5 -62 -168 27 0
-62 -168 27 -67.5 -167 27 0
-67.5 -167 27 -71.5 -165 27 0
-71.5 -165 27 -76 -161 27 0
15.5 -88 16 20 -89.5 18 0
20 -89.5 18 19 -96 17 0
19 -96 17 18.5 -101.5 17.5 0
18.5 -101.5 17.5 20.5 -102.5 18 0
20.5 -102.5 18 23.5 -103 18 0
23.5 -103 18 22.5 -105.5 18 0
23.5 -103 18 25.5 -102.5 18 0
18.5 -101.5 17.5 17.5 -103 17.5 0
17.5 -103 17.5 20.5 -106.5 16.5 0
20.5 -106.5 16.5 24 -109 17 0
20.5 -106.5 16.5 15.5 -111.5 16.5 0
15.5 -111.5 16.5 13.5 -113 17 0
13.5 -113 17 9.5 -117.5 17 0
15.5 -111.5 16.5 16.5 -114.5 16.5 0
16.5 -114.5 16.5 21.5 -116 17 0
21.5 -116 17 23.5 -116 16.5 0
17.5 -103 17.5 12 -105 16.5 0
12 -105 16.5 7 -109 16.5 0
7 -109 16.5 6.5 -110.5 17.5 0
6.5 -110.5 17.5 3.5 -108.5 18 0
3.5 -108.5 18 -0.5 -109.5 18 0
-0.5 -109.5 18 -5 -110 18 0
-5 -110 18 -9.5 -109.5 17.5 0
-9.5 -109.5 17.5 -15 -109.5 17.5 0
-15 -109.5 17.5 -17.5 -112 17.5 0
-0.5 -109.5 18 -3 -118 18.5 0
-3 -118 18.5 -6 -120.5 18.5 0
-6 -120.5 18.5 -10 -122.5 19 0
-10 -122.5 19 -12.5 -122.5 19 0
-10 -122.5 19 -9 -127 17.5 0
-9 -127 17.5 -11 -131.5 17.5 0
6.5 -110.5 17.5 4 -115.5 17.5 0
4 -115.5 17.5 7 -121.5 17.5 0
7 -121.5 17.5 9.5 -125 18 0
9.5 -125 18 11 -127.5 18 0
11 -127.5 18 13 -133 18 0
13 -133 18 13.5 -139.5 18 0
13.5 -139.5 18 9 -141.5 18 0
9 -141.5 18 6 -144 18 0
6 -144 18 5 -144 18 0
11 -127.5 18 8.5 -130 18 0
8.5 -130 18 8 -133 18 0
8 -133 18 7 -135.5 18 0
7 -135.5 18 2.5 -137.5 18 0
2.5 -137.5 18 -1 -139.5 18 0
-1 -139.5 18 -5 -141.5 18 0
-5 -141.5 18 -6.5 -145 18 0
-6.5 -145 18 -5 -149 18.5 0
-5 -149 18.5 -5 -152 18.5 0
7 -135.5 18 9 -138.5 18 0
20 -89.5 18 23.5 -91 17.5 0
23.5 -91 17.5 27.5 -95.5 17 0
27.5 -95.5 17 27 -99 17 0
27 -99 17 27 -104 17 0
27 -104 17 27 -106 17.5 0
27 -106 17.5 24.5 -108.5 17.5 0
24.5 -108.5 17.5 25.5 -114.5 17.5 0
25.5 -114.5 17.5 25.5 -117.5 17.5 0
25.5 -117.5 17.5 22.5 -119 17.5 0
22.5 -119 17.5 22.5 -121 17.5 0
22.5 -121 17.5 21 -123.5 17.5 0
25.5 -117.5 17.5 28.5 -119.5 17.5 0
28.5 -119.5 17.5 29.5 -123 18 0
29.5 -123 18 30.5 -127.5 19 0
30.5 -127.5 19 30.5 -131.5 18 0
27 -106 17.5 29.5 -108.5 17.5 0
29.5 -108.5 17.5 35.5 -112.5 18.5 0
27.5 -95.5 17 32 -96.5 17 0
32 -96.5 17 34.5 -93 17 0
34.5 -93 17 38 -91 17 0
38 -91 17 39 -87.5 17 0
39 -87.5 17 38 -85 17.5 0
38 -85 17.5 35 -83 17.5 0
35 -83 17.5 34 -79.5 18 0
34 -79.5 18 34 -75 18 0
34 -75 18 35.5 -71 18 0
35.5 -71 18 37 -68 17 0
37 -68 17 35.5 -64.5 17 0
35.5 -64.5 17 35.5 -61 17 0
35.5 -61 17 33.5 -59 17 0
33.5 -59 17 33.5 -56.5 17 0
35.5 -61 17 39 -59 17 0
39 -59 17 44 -57.5 17 0
44 -57.5 17 46 -56 17 0
37 -68 17 42.5 -67.5 18 0
42.5 -67.5 18 46 -71 18.5 0
46 -71 18.5 51 -72 15 0
51 -72 15 56 -70.5 15 0
42.5 -67.5 18 46.5 -66.5 16 0
46.5 -66.5 16 50.5 -66 16 0
50.5 -66 16 55.5 -64.5 16 0
55.5 -64.5 16 57.5 -62.5 16 0
38 -85 17.5 39 -86 18 0
39 -87.5 17 40 -87.5 17 0
32 -96.5 17 35 -98.5 15 0
35 -98.5 15 35 -100 17 0
35 -100 17 34 -109 16.5 0
35 -100 17 39 -103.5 17.5 0
39 -103.5 17.5 39 -104 17.5 0
35 -98.5 15 37 -98 15 0
37 -98 15 33.5 -89 15 0
37 -98 15 41 -97.5 14 0
41 -97.5 14 42 -94.5 14 0
42 -94.5 14 42 -90 14.5 0
42 -90 14.5 39.5 -87.5 14.5 0
42 -90 14.5 46.5 -86 15 0
46.5 -86 15 48.5 -84.5 15 0
46.5 -86 15 51.5 -87 17 0
51.5 -87 17 51.5 -90 17 0
51.5 -90 17 53 -91 17 0
51.5 -87 17 55.5 -86.5 17 0
55.5 -86.5 17 57.5 -87.5 17 0
57.5 -87.5 17 62.5 -89 17 0
57.5 -87.5 17 63 -93.5 17 0
41 -97.5 14 42.5 -98.5 17 0
42.5 -98.5 17 45.5 -97.5 16.5 0
45.5 -97.5 16.5 48.5 -97.5 16.5 0
48.5 -97.5 16.5 52.5 -95 16.5 0
52.5 -95 16.5 55.5 -94 16.5 0
55.5 -94 16.5 58 -95 16.5 0
58 -95 16.5 62 -95 16.5 0
48.5 -97.5 16.5 50.5 -100 16.5 0
50.5 -100 16.5 54.5 -100.5 17 0
54.5 -100.5 17 58 -101 17.5 0
58 -101 17.5 63.5 -99 17.5 0
42.5 -98.5 17 44 -103 17 0
44 -103 17 47 -105.5 17 0
47 -105.5 17 50 -108 19 0
50 -108 19 54 -109.5 19.5 0
54 -109.5 19.5 57 -110 19.5 0
57 -110 19.5 56 -116 19 0
56 -116 19 55.5 -120 19.5 0
55.5 -120 19.5 56 -123.5 19 0
56 -123.5 19 58.5 -127.5 19 0
57 -110 19.5 60.5 -108.5 19.5 0
60.5 -108.5 19.5 64.5 -108.5 19.5 0
64.5 -108.5 19.5 66.5 -106 19.5 0
66.5 -106 19.5 68.5 -103.5 19.5 0
68.5 -103.5 19.5 70.5 -99.5 19 0
70.5 -99.5 19 71 -97.5 19 0
71 -97.5 19 70 -92.5 19 0
70 -92.5 19 67.5 -88 19 0
67.5 -88 19 65 -85 19.5 0
65 -85 19.5 63.5 -84.5 19.5 0
65 -85 19.5 65.5 -82 19.5 0
71 -97.5 19 77 -96.5 19.5 0
77 -96.5 19.5 80 -95 19.5 0
80 -95 19.5 84.5 -101 19.5 0
80 -95 19.5 80.5 -93 19.5 0
80.5 -93 19.5 81.5 -90 19.5 0
81.5 -90 19.5 80 -85.5 19.5 0
80 -85.5 19.5 80 -83 19.5 0
80 -83 19.5 80.5 -77 19.5 0
80 -83 19.5 77 -80.5 19.5 0
77 -80.5 19.5 74 -78 19.5 0
74 -78 19.5 68 -76.5 19.5 0
66.5 -106 19.5 74 -105.5 19.5 0
74 -105.5 19.5 77.5 -104 20 0
77.5 -104 20 83 -103.5 20 0
83 -103.5 20 86 -104.5 20 0
86 -104.5 20 90 -104.5 20 0
90 -104.5 20 93 -102.5 17.5 0
93 -102.5 17.5 97.5 -108.5 18.5 0
93 -102.5 17.5 96.5 -100.5 18 0
96.5 -100.5 18 99 -102 18 0
99 -102 18 102.5 -103.5 19.5 0
102.5 -103.5 19.5 108 -103.5 19.5 0
108 -103.5 19.5 112 -103 19.5 0
112 -103 19.5 116 -101.5 20 0
116 -101.5 20 119 -101 20 0
119 -101 20 121.5 -101 20 0
74 -105.5 19.5 76 -108 19.5 0
76 -108 19.5 80.5 -108.5 19.5 0
80.5 -108.5 19.5 83.5 -109.5 19.5 0
83.5 -109.5 19.5 83.5 -111 19 0
83.5 -109.5 19.5 85.5 -108.5 19.5 0
92.5 -106.5 18 101 -108 18 0
101 -108 18 105.5 -110.5 18.5 0
105.5 -110.5 18.5 108.5 -111.5 19 0
108.5 -111.5 19 112 -111.5 19 0
112 -111.5 19 119.5 -111 22 0
64.5 -108.5 19.5 65.5 -112.5 20 0
65.5 -112.5 20 68 -114.5 20 0
68 -114.5 20 67 -117.5 19.5 0
67 -117.5 19.5 66 -123.5 20.5 0
66 -123.5 20.5 65 -128.5 20.5 0
65 -128.5 20.5 65.5 -132 20.5 0
65.5 -132 20.5 66.5 -133.5 20.5 0
67 -117.5 19.5 68.5 -121.5 20.5 0
68.5 -121.5 20.5 69.5 -125.5 20.5 0
69.5 -125.5 20.5 72 -131 20.5 0
68 -114.5 20 73.5 -115.5 20 0
73.5 -115.5 20 76.5 -116 20 0
76.5 -116 20 78 -121 20.5 0
78 -121 20.5 81.5 -124.5 20.5 0
81.5 -124.5 20.5 85 -127.5 20.5 0
85 -127.5 20.5 87 -130.5 21 0
87 -130.5 21 90 -131 21 0
90 -131 21 94 -131 21 0
94 -131 21 96.5 -132 21.5 0
96.5 -132 21.5 99.5 -132 21.5 0
99.5 -132 21.5 101.5 -133.5 21.5 0
101.5 -133.5 21.5 104.5 -134 21.5 0
104.5 -134 21.5 108 -136.5 21.5 0
108 -136.5 21.5 111.5 -139 21.5 0
111.5 -139 21.5 116 -140 21.5 0
116 -140 21.5 121.5 -142.5 22 0
87 -130.5 21 86.5 -131.5 21 0
86.5 -131.5 21 80 -127.5 20.5 0
86.5 -131.5 21 88 -134.5 21.5 0
88 -134.5 21.5 87.5 -137 21.5 0
87.5 -137 21.5 86 -139 21 0
86 -139 21 85 -141.5 20.5 0
85 -141.5 20.5 82.5 -143.5 20.5 0
76.5 -116 20 81.5 -114.5 17.5 0
81.5 -114.5 17.5 85.5 -111.5 17.5 0
85.5 -111.5 17.5 89.5 -108.5 18 0
89.5 -108.5 18 92.5 -106.5 18 0
92.5 -106.5 18 94.5 -105 18.5 0
81.5 -114.5 17.5 87.5 -114 21 0
87.5 -114 21 92 -111 21 0
92 -111 21 96 -108 21 0
96 -108 21 98.5 -105 21 0
98.5 -105 21 100.5 -100.5 21 0
100.5 -100.5 21 104 -100.5 21 0
104 -100.5 21 109 -101.5 21 0
87.5 -114 21 91 -117.5 21 0
91 -117.5 21 95.5 -119 21.5 0
95.5 -119 21.5 101 -120 21 0
101 -120 21 104 -123 21 0
104 -123 21 107 -123 20.5 0
107 -123 20.5 108.5 -122 20.5 0
107 -123 20.5 110 -124.5 21 0
17 -85 15.5 12 -83.5 15.5 0
12 -83.5 15.5 6 -81.5 15.5 0
6 -81.5 15.5 6 -79 15.5 0
6 -79 15.5 13.5 -79.5 15.5 0
6 -79 15.5 5.5 -77.5 15.5 0
5.5 -77.5 15.5 2.5 -78 15.5 0
2.5 -78 15.5 0 -73.5 15.5 0
5.5 -77.5 15.5 6 -75 15.5 0
6 -75 15.5 4 -71 15.5 0
4 -71 15.5 5.5 -65 16 0
5.5 -65 16 4 -59 16 0
4 -59 16 -0.5 -57.5 14 0
-0.5 -57.5 14 -5 -52.5 14.5 0
-5 -52.5 14.5 -6.5 -49.5 14.5 0
-6.5 -49.5 14.5 -11 -45.5 14 0
-11 -45.5 14 -15.5 -43 14.5 0
-15.5 -43 14.5 -20 -41 13.5 0
-20 -41 13.5 -21.5 -39 13 0
-21.5 -39 13 -21.5 -34.5 13 0
-20 -41 13.5 -24.5 -42 13.5 0
-24.5 -42 13.5 -29 -42 13.5 0
-29 -42 13.5 -37 -42 13.5 0
4 -59 16 4.5 -56 16 0
4.5 -56 16 2.5 -50.5 13.5 0
2.5 -50.5 13.5 4 -49 13.5 0
4 -49 13.5 7.5 -47.5 13.5 0
7.5 -47.5 13.5 11 -49.5 13.5 0
11 -49.5 13.5 14.5 -52.5 13.5 0
14.5 -52.5 13.5 16 -54 14 0
16 -54 14 19 -50 14 0
16 -54 14 18 -55.5 14 0
18 -55.5 14 21.5 -55.5 14 0
21.5 -55.5 14 24.5 -55 14 0
24.5 -55 14 26 -54 14 0
26 -54 14 26.5 -52 14 0
26.5 -52 14 25 -49.5 14.5 0
18 -55.5 14 20 -57 14 0
20 -57 14 23.5 -57.5 14 0
23.5 -57.5 14 27 -57.5 14 0
2.5 -50.5 13.5 0.5 -48 13.5 0
0.5 -48 13.5 3 -46.5 13.5 0
0.5 -48 13.5 -0.5 -46.5 13.5 0
-0.5 -46.5 13.5 1 -45 13.5 0
1 -45 13.5 1 -43.5 13.5 0
1 -43.5 13.5 -2 -41 13.5 0
-2 -41 13.5 -5.5 -37.5 13.5 0
-0.5 -46.5 13.5 -2.5 -45 14 0
-2.5 -45 14 -2.5 -43 14 0
-2.5 -43 14 -6 -41 14 0
-2.5 -45 14 -5.5 -44.5 14 0
-5.5 -44.5 14 -8.5 -43 14 0
-8.5 -43 14 -12.5 -41.5 14 0
-12.5 -41.5 14 -12.5 -40 14 0
-12.5 -41.5 14 -13.5 -42 13.5 0
4 -71 15.5 -2.5 -70.5 15.5 0
-2.5 -70.5 15.5 -6 -70.5 15.5 0
-6 -70.5 15.5 -8 -73.5 15.5 0
-8 -73.5 15.5 -10.5 -77.5 15.5 0
-10.5 -77.5 15.5 -8 -79 15.5 0
-6 -70.5 15.5 -9.5 -67.5 15.5 0
-9.5 -67.5 15.5 -13 -64 16 0
-13 -64 16 -16.5 -60.5 16.5 0
-16.5 -60.5 16.5 -18 -54.5 16.5 0
-18 -54.5 16.5 -19 -48.5 14.5 0
-19 -48.5 14.5 -19.5 -46.5 14.5 0
-19.5 -46.5 14.5 -19.5 -43.5 14.5 0
-19.5 -43.5 14.5 -17 -40.5 14.5 0
-17 -40.5 14.5 -14.5 -38 15 0
-14.5 -38 15 -13.5 -36 15 0
-13.5 -36 15 -14 -34.5 11.5 0
-14 -34.5 11.5 -12 -32 12 0
-14 -34.5 11.5 -15.5 -31.5 11.5 0
-19.5 -46.5 14.5 -25 -45 14.5 0
-25 -45 14.5 -29 -44 14.5 0
-29 -44 14.5 -30.5 -43 14.5 0
-30.5 -43 14.5 -35 -41.5 14.5 0
-35 -41.5 14.5 -36.5 -41.5 14.5 0
-25 -45 14.5 -28.5 -48.5 14.5 0
-28.5 -48.5 14.5 -35 -52.5 14.5 0
6 -81.5 15.5 1.5 -83 17 0
1.5 -83 17 -2 -83 17 0
-2 -83 17 -8 -82.5 17 0
-8 -82.5 17 -11.5 -81.5 17.5 0
-11.5 -81.5 17.5 -14.5 -80 17.5 0
-14.5 -80 17.5 -17 -78 18.5 0
-17 -78 18.5 -17 -74 17 0
-17 -74 17 -18 -70.5 17 0
-18 -70.5 17 -17.5 -68 17 0
-17.5 -68 17 -21.5 -65 17 0
-21.5 -65 17 -24 -63.5 17 0
-24 -63.5 17 -19.5 -61 17 0
-24 -63.5 17 -30.5 -60 17 0
-30.5 -60 17 -33 -59.5 17 0
-30.5 -60 17 -30.5 -52 17.5 0
-17.5 -68 17 -17 -68 17 0
-17 -78 18.5 -20.5 -80 17 0
-20.5 -80 17 -22.5 -85.5 17 0
-22.5 -85.5 17 -21.5 -89 17 0
-20.5 -80 17 -24.5 -80.5 17 0
-24.5 -80.5 17 -31 -81.5 16.5 0
-31 -81.5 16.5 -36.5 -82.5 16.5 0
-36.5 -82.5 16.5 -40.5 -80.5 16.5 0
21.5 -74 8.5 30.5 -74 7.5 0
30.5 -74 7.5 36.5 -74.5 7 0
36.5 -74.5 7 37 -71 7.5 0
37 -71 7.5 38.5 -68.5 7.5 0
38.5 -68.5 7.5 39 -63.5 7.5 0
39 -63.5 7.5 38.5 -58 8 0
38.5 -58 8 36.5 -56 8 0
36.5 -56 8 36.5 -53.5 8 0
36.5 -53.5 8 37.5 -50.5 8 0
38.5 -58 8 42 -56.5 8 0
42 -56.5 8 45.5 -55 8 0
45.5 -55 8 48 -53.5 8 0
48 -53.5 8 49 -51.5 8 0
49 -51.5 8 49.5 -49.5 8 0
39 -63.5 7.5 41 -65 7.5 0
41 -65 7.5 42.5 -64 7.5 0
42.5 -64 7.5 47 -64 7.5 0
47 -64 7.5 52 -63.5 7.5 0
52 -63.5 7.5 55.5 -61.5 7 0
55.5 -61.5 7 59 -60 7 0
59 -60 7 63 -57 8 0
63 -57 8 64.5 -55 8 0
64.5 -55 8 64.5 -51 8 0
65 -48.5 9.5 67 -45.5 8.5 0
67 -45.5 8.5 63 -41.5 9 0
63 -41.5 9 65 -36.5 9 0
67 -45.5 8.5 70.5 -43.5 9 0
70.5 -43.5 9 76 -43.5 9 0
76 -43.5 9 80 -44 9 0
80 -44 9 83 -45 9 0
83 -45 9 88 -44 9 0
65 -56.5 9.5 67.5 -56 9.5 0
67.5 -56 9.5 72.5 -52 9.5 0
72.5 -52 9.5 72 -48.5 8.5 0
72 -48.5 8.5 73 -44.5 8.5 0
73 -44.5 8.5 73 -42.5 8.5 0
73 -42.5 8.5 70.5 -39 8.5 0
70.5 -39 8.5 67 -36 8.5 0
67 -36 8.5 66.5 -33 8.5 0
66.5 -33 8.5 63.5 -28.5 8.5 0
66.5 -33 8.5 69.5 -26 8.5 0
73 -42.5 8.5 74.5 -39.5 8.5 0
74.5 -39.5 8.5 77.5 -37.5 8.5 0
77.5 -37.5 8.5 80.5 -36 7 0
72.5 -52 9.5 74 -53.5 9.5 0
74 -53.5 9.5 78.5 -53.5 9.5 0
78.5 -53.5 9.5 82.5 -53.5 9.5 0
36.5 -74.5 7 38 -75.5 7 0
38 -75.5 7 37 -77 9 0
37 -77 9 39 -81 9 0
39 -81 9 41 -82.5 9 0
38 -75.5 7 38.5 -76 7.5 0
38.5 -76 7.5 40.5 -73.5 7 0
40.5 -73.5 7 42.5 -71.5 7 0
42.5 -71.5 7 44 -70 8 0
44 -70 8 44 -68 8.5 0
44 -68 8.5 43.5 -65.5 8.5 0
43.5 -65.5 8.5 43 -60.5 8.5 0
43 -60.5 8.5 42 -58.5 8.5 0
42 -58.5 8.5 38 -54 8.5 0
42 -58.5 8.5 45 -56 8 0
45 -56 8 48 -54 8 0
44 -70 8 46 -70 7.5 0
46 -70 7.5 49.5 -68 7.5 0
49.5 -68 7.5 52.5 -65.5 7.5 0
52.5 -65.5 7.5 54.5 -65 7.5 0
54.5 -65 7.5 57 -65 7 0
38.5 -76 7.5 43.5 -78.5 9 0
43.5 -78.5 9 47.5 -79 9 0
47.5 -79 9 51.5 -78.5 9 0
51.5 -78.5 9 55 -78.5 9 0
55 -78.5 9 57.5 -76.5 9 0
57.5 -76.5 9 60.5 -74 9 0
60.5 -74 9 63.5 -72 8.5 0
63.5 -72 8.5 64 -66 9.5 0
64 -66 9.5 67 -66 10.5 0
67 -66 10.5 69 -68.5 10.5 0
69 -68.5 10.5 67.5 -70.5 10.5 0
69 -68.5 10.5 70.5 -68 10.5 0
70.5 -68 10.5 73.5 -68 11 0
73.5 -68 11 76 -65.5 11 0
76 -65.5 11 79.5 -63.5 9.5 0
79.5 -63.5 9.5 83.5 -65 10 0
83.5 -65 10 87 -66.5 11 0
79.5 -63.5 9.5 83.5 -63 9.5 0
83.5 -63 9.5 88.5 -64 9.5 0
88.5 -64 9.5 92.5 -65 9.5 0
92.5 -65 9.5 96.5 -65 9.5 0
96.5 -65 9.5 98 -62.5 10.5 0
98 -62.5 10.5 99 -57 11 0
99 -57 11 100 -55 10 0
100 -55 10 97 -51.5 10 0
76 -65.5 11 76 -63 11 0
76 -63 11 77.5 -60.5 11 0
77.5 -60.5 11 78.5 -56.5 11 0
78.5 -56.5 11 78 -53.5 12 0
78 -53.5 12 74 -51.5 12 0
78 -53.5 12 78 -47 8 0
78 -47 8 76 -45 8 0
76 -45 8 81 -43 8 0
81 -43 8 84.5 -41.5 8 0
84.5 -41.5 8 88.5 -38.5 8 0
76 -45 8 74 -42 7.5 0
74 -42 7.5 72.5 -41 7.5 0
73.5 -68 11 75.5 -69.5 11 0
64 -66 9.5 63.5 -62.5 9.5 0
63.5 -62.5 9.5 67.5 -62 9.5 0
67.5 -62 9.5 72 -60.5 9.5 0
72 -60.5 9.5 75.5 -60.5 9.5 0
75.5 -60.5 9.5 79 -59.5 9.5 0
79 -59.5 9.5 84.5 -59.5 9.5 0
84.5 -59.5 9.5 89 -58.5 10.5 0
89 -58.5 10.5 93.5 -57 11.5 0
93.5 -57 11.5 97 -56 11 0
97 -56 11 101.5 -53.5 11 0
84.5 -59.5 9.5 87.5 -56.5 9.5 0
87.5 -56.5 9.5 90.5 -53.5 9.5 0
90.5 -53.5 9.5 95 -53.5 9.5 0
95 -53.5 9.5 99 -53.5 9.5 0
99 -53.5 9.5 106.5 -55 10 0
106.5 -55 10 108.5 -55 10 0
63.5 -62.5 9.5 65 -58.5 9.5 0
65 -58.5 9.5 65 -56.5 9.5 0
65 -56.5 9.5 65 -54 9.5 0
65 -54 9.5 65 -48.5 9.5 0
65 -48.5 9.5 60.5 -47 9.5 0
60.5 -47 9.5 58 -50.5 9.5 0
58 -50.5 9.5 56.5 -51.5 9.5 0
56.5 -51.5 9.5 54 -52.5 9.5 0
54 -52.5 9.5 52 -52.5 9.5 0
56.5 -51.5 9.5 55.5 -50 9.5 0
55.5 -50 9.5 53 -49.5 9.5 0
53 -49.5 9.5 51 -52 9.5 0
60.5 -47 9.5 58.5 -44 9 0
58.5 -44 9 56.5 -42.5 9 0
58.5 -44 9 60 -42.5 8.5 0
60 -42.5 8.5 57.5 -37 7 0
60 -42.5 8.5 62 -41.5 8.5 0
62 -41.5 8.5 59 -35 8.5 0
62 -41.5 8.5 63 -40 8.5 0
63.5 -72 8.5 65.5 -72 8 0
65.5 -72 8 65.5 -73 9 0
65.5 -73 9 68 -70 9 0
68 -70 9 71.5 -69 9 0
71.5 -69 9 74 -70.5 9 0
65.5 -73 9 72.5 -74 10.5 0
72.5 -74 10.5 77.5 -72 10.5 0
77.5 -72 10.5 81.5 -71 10.5 0
81.5 -71 10.5 85.5 -71.5 10 0
85.5 -71.5 10 90.5 -70.5 10 0
90.5 -70.5 10 93.5 -71.5 11.5 0
93.5 -71.5 11.5 99 -71 11.5 0
93.5 -71.5 11.5 96 -75.5 13 0
96 -75.5 13 95 -79 12.5 0
72.5 -74 10.5 77.5 -76 12.5 0
77.5 -76 12.5 82.5 -77 12.5 0
82.5 -77 12.5 86.5 -77.5 12.5 0
86.5 -77.5 12.5 89.5 -75.5 12.5 0
89.5 -75.5 12.5 92.5 -76 11.5 0
86.5 -77.5 12.5 88 -79.5 12.5 0
88 -79.5 12.5 90.5 -79.5 12.5 0
90.5 -79.5 12.5 92 -82.5 12.5 0
77.5 -76 12.5 82 -81.5 12 0
55 -78.5 9 55 -81 9 0
55 -81 9 56.5 -83 10.5 0
56.5 -83 10.5 61 -85 10.5 0
61 -85 10.5 64 -85 10 0
64 -85 10 68 -84.5 10 0
68 -84.5 10 72.5 -83.5 10 0
72.5 -83.5 10 79 -84.5 11.5 0
79 -84.5 11.5 83 -86.5 11.5 0
83 -86.5 11.5 87 -86.5 11.5 0
87 -86.5 11.5 90.5 -89 13 0
90.5 -89 13 92 -94.5 12.5 0
92 -94.5 12.5 94.5 -98.5 12.5 0
94.5 -98.5 12.5 94.5 -101 12.5 0
87 -86.5 11.5 93.5 -85.5 11.5 0
93.5 -85.5 11.5 96 -89.5 12 0
96 -89.5 12 99 -93 12 0
99 -93 12 102.5 -93.5 12 0
102.5 -93.5 12 103 -95 12.5 0
102.5 -93.5 12 104.5 -92.5 12 0
104.5 -92.5 12 105 -91 12.5 0
104.5 -92.5 12 109.5 -94.5 12 0
109.5 -94.5 12 112.5 -94.5 12 0
112.5 -94.5 12 114 -94.5 11.5 0
114 -94.5 11.5 117.5 -92 12 0
117.5 -92 12 120 -90 12 0
93.5 -85.5 11.5 99 -82 12.5 0
99 -82 12.5 104 -84 12.5 0
104 -84 12.5 105.5 -87 13 0
105.5 -87 13 108.5 -89 13 0
108.5 -89 13 108.5 -91.5 13.5 0
108.5 -91.5 13.5 111 -95 14.5 0
111 -95 14.5 114 -95 14.5 0
114 -95 14.5 116.5 -93 14.5 0
116.5 -93 14.5 116.5 -90.5 15 0
108.5 -89 13 111.5 -89.5 14 0
111.5 -89.5 14 114.5 -91.5 14.5 0
114.5 -91.5 14.5 115.5 -92.5 14.5 0
114.5 -91.5 14.5 120 -92 14 0
104 -84 12.5 107 -81.5 13.5 0
107 -81.5 13.5 111.5 -81 13.5 0
111.5 -81 13.5 117 -82 14 0
117 -82 14 119 -79 14 0
119 -79 14 117.5 -77 14 0
119 -79 14 123 -77.5 14.5 0
123 -77.5 14.5 125.5 -76.5 14.5 0
125.5 -76.5 14.5 129.5 -78 14.5 0
117 -82 14 119 -85 14 0
119 -85 14 120.5 -86.5 13.5 0
120.5 -86.5 13.5 119.5 -88 13.5 0
120.5 -86.5 13.5 126 -88 13 0
99 -82 12.5 99 -79.5 13 0
99 -79.5 13 100 -77 13 0
100 -77 13 101.5 -74 13 0
101.5 -74 13 101.5 -72 13 0
101.5 -72 13 97.5 -68.5 14 0
97.5 -68.5 14 94.5 -66.5 14 0
94.5 -66.5 14 96.5 -63 14 0
94.5 -66.5 14 89.5 -66.5 14 0
89.5 -66.5 14 87 -64.5 14 0
101.5 -72 13 103 -69.5 13 0
103 -69.5 13 101 -64.5 13.5 0
101 -64.5 13.5 98.5 -61 14 0
98.5 -61 14 92.5 -60 14 0
98.5 -61 14 100 -57.5 14 0
100 -57.5 14 102 -55.5 14 0
102 -55.5 14 106 -56 14 0
101.5 -74 13 106.5 -72 13.5 0
106.5 -72 13.5 114.5 -69 13.5 0
114.5 -69 13.5 118.5 -72 14 0
118.5 -72 14 121.5 -71.5 15.5 0
121.5 -71.5 15.5 124 -70.5 15.5 0
114.5 -69 13.5 116.5 -67 14 0
116.5 -67 14 118 -64 14 0
118 -64 14 118 -61.5 14 0
118 -61.5 14 114.5 -57.5 14 0
114.5 -57.5 14 116.5 -55.5 14 0
114.5 -57.5 14 111.5 -54.5 14 0
111.5 -54.5 14 109 -52 14 0
109 -52 14 108 -50.5 14 0
108 -50.5 14 108.5 -48.5 14 0
108.5 -48.5 14 109 -47 14 0
109 -47 14 112.5 -45.5 14 0
112.5 -45.5 14 115.5 -45.5 14 0
118 -61.5 14 118.5 -59 14 0
118.5 -59 14 121.5 -54 14 0
20 -68 7.5 25.5 -67.5 8 0
25.5 -67.5 8 27.5 -67.5 8 0
27.5 -67.5 8 31 -64.5 6.5 0
31 -64.5 6.5 32.5 -61.5 6.5 0
32.5 -61.5 6.5 32 -55.5 6.5 0
32 -55.5 6.5 30.5 -53 6.5 0
30.5 -53 6.5 28.5 -52 6.5 0
28.5 -52 6.5 28.5 -51.5 6.5 0
28.5 -51.5 6.5 27 -52 6 0
27 -52 6 25.5 -52 6 0
25.5 -52 6 23 -52 7.5 0
23 -52 7.5 20.5 -52 7.5 0
28.5 -51.5 6.5 29.5 -51 6.5 0
29.5 -51 6.5 30 -50 6.5 0
30 -50 6.5 29 -49.5 7 0
29 -49.5 7 26.5 -48 7 0
29 -49.5 7 29.5 -48 7 0
29.5 -48 7 29 -46 7 0
29 -46 7 26.5 -46.5 7 0
26.5 -46.5 7 24.5 -46.5 7 0
24.5 -46.5 7 23 -46.5 7 0
23 -46.5 7 19.5 -44.5 7 0
19.5 -44.5 7 18.5 -42 7 0
18.5 -42 7 16.5 -38.5 7 0
29 -46 7 29 -44.5 6 0
29 -44.5 6 27 -43.5 6.5 0
27 -43.5 6.5 26 -45 6.5 0
27 -43.5 6.5 24 -42.5 7 0
24 -42.5 7 23.5 -41.5 7 0
23.5 -41.5 7 20.5 -40 7 0
20.5 -40 7 18 -37 6 0
18 -37 6 16.5 -34.5 6 0
23.5 -41.5 7 27 -41.5 7 0
27 -41.5 7 29 -40.5 7 0
29 -40.5 7 30.5 -38 7 0
30.5 -38 7 29.5 -37 7 0
29 -44.5 6 30.5 -43.5 6 0
30.5 -43.5 6 31.5 -40.5 6.5 0
31.5 -40.5 6.5 32.5 -33 6.5 0
30.5 -53 6.5 29 -54 6.5 0
29 -54 6.5 26 -54.5 6.5 0
26 -54.5 6.5 23.5 -54.5 6.5 0
23.5 -54.5 6.5 23.5 -53 6.5 0
23.5 -53 6.5 20 -51.5 6.5 0
23.5 -54.5 6.5 21.5 -54.5 6.5 0
21.5 -54.5 6.5 18 -51.5 6.5 0
18 -51.5 6.5 15.5 -47.5 6.5 0
32 -55.5 6.5 33 -54 6.5 0
33 -54 6.5 34.5 -51.5 6.5 0
34.5 -51.5 6.5 36.5 -49 6.5 0
36.5 -49 6.5 38.5 -48 6.5 0
38.5 -48 6.5 36 -41 6.5 0
36 -41 6.5 34 -32.5 7 0
34 -32.5 7 33 -28 6 0
38.5 -48 6.5 42.5 -48 5.5 0
42.5 -48 5.5 45.5 -46.5 5.5 0
45.5 -46.5 5.5 48 -44 6.5 0
48 -44 6.5 50 -41 6.5 0
50 -41 6.5 54 -36.5 6 0
33 -54 6.5 35.5 -52.5 6.5 0
35.5 -52.5 6.5 38 -52 6.5 0
38 -52 6.5 42.5 -50 6.5 0
42.5 -50 6.5 46.5 -49.5 6.5 0
46.5 -49.5 6.5 48 -48 6.5 0
48 -48 6.5 50 -45.5 6.5 0
