4 -3.5 0.5 7 -7 0.5 0
7 -7 0.5 9.5 -9 0.5 0
9.5 -9 0.5 11.5 -12 1.5 0
11.5 -12 1.5 8.27297 -4.47026 1.5 0
8.27297 -4.47026 1.5 13 -15.5 1.5 0
13 -15.5 1.5 38.5 -19.5 6.5 0
38.5 -19.5 6.5 44 -17 6.5 0
44 -17 6.5 48.5 -17 6.5 0
48.5 -17 6.5 52 -17 6.5 0
52 -17 6.5 54.5 -16 6.5 0
54.5 -16 6.5 57.5 -13.5 6.5 0
57.5 -13.5 6.5 58 -11 6.5 0
58 -11 6.5 60 -9.5 6.5 0
60 -9.5 6.5 60 -6.5 6 0
60 -6.5 6 60.5 -2 6 0
60 -6.5 6 62.5 -5 6 0
62.5 -5 6 65 -4 6 0
65 -4 6 68.5 -3 6 0
68.5 -3 6 69 -3 6 0
69 -3 6 73 0 6 0
73 0 6 78.5 3 6 0
69 -3 6 71.5 -3.5 8.5 0
60 -9.5 6.5 66 -11.5 7.5 0
66 -11.5 7.5 68.5 -13.5 7 0
68.5 -13.5 7 67.5 -17.5 7.5 0
67.5 -17.5 7.5 68 -19.5 7 0
68 -19.5 7 66 -21.5 7 0
66 -21.5 7 64 -20 7 0
64 -20 7 61 -20 7 0
61 -20 7 55 -20.5 7 0
55 -20.5 7 50.5 -20 7 0
66 -21.5 7 67 -23 6 0
67 -23 6 72 -24 7 0
72 -24 7 74 -23 7 0
74 -23 7 78.5 -20 7 0
80.5 -19.5 7.5 84.5 -14 9 0
84.5 -14 9 87.5 -11.5 9.5 0
87.5 -11.5 9.5 91.5 -8 9.5 0
91.5 -8 9.5 92 -5 9.5 0
92 -5 9.5 86.5 -3.5 9.5 0
92 -5 9.5 93.5 -3.5 9.5 0
93.5 -3.5 9.5 92.5 0.5 6.5 0
92.5 0.5 6.5 92 5 6.5 0
92 5 6.5 88.5 8 6.5 0
88.5 8 6.5 90 13.5 6.5 0
90 13.5 6.5 90 16.5 6.5 0
90 16.5 6.5 90 19 6.5 0
90 19 6.5 90 23.5 7 0
90 23.5 7 92.5 25 7 0
92.5 25 7 95.5 27.5 7 0
92.5 25 7 95 24 7 0
95 24 7 96 22.5 7 0
92 5 6.5 91.5 9 5.5 0
91.5 9 5.5 99 14 7 0
99 14 7 95.5 17.5 7 0
95.5 17.5 7 99 20.5 7 0
99 14 7 100 16 7 0
100 16 7 103.5 18.5 7 0
103.5 18.5 7 101 24 7 0
93.5 -3.5 9.5 98.5 -0.5 8 0
98.5 -0.5 8 101 2 8 0
101 2 8 105 4 7.5 0
105 4 7.5 108.5 5.5 7.5 0
108.5 5.5 7.5 108 8 7.5 0
108 8 7.5 105.5 9 7.5 0
105.5 9 7.5 107 12 7.5 0
107 12 7.5 107 16 7.5 0
107 16 7.5 105.5 17.5 7.5 0
108 8 7.5 109.5 9.5 6 0
109.5 9.5 6 114 13 6 0
114 13 6 115 13.5 6 0
115 13.5 6 116.5 17 6 0
115 13.5 6 119 14 7 0
105 4 7.5 111 4.5 7.5 0
111 4.5 7.5 111 3 7.5 0
111 3 7.5 117 4 8 0
111 4.5 7.5 115 6 7.5 0
115 6 7.5 124.5 5 7.5 0
124.5 5 7.5 128 7 7.5 0
128 7 7.5 131 7.5 7.5 0
131 7.5 7.5 134.5 6 7 0
131 7.5 7.5 133.5 9.5 7.5 0
133.5 9.5 7.5 141.5 6.5 7 0
98.5 -0.5 8 97 -5 8 0
38.5 -19.5 6.5 40.5 -24 3.5 0
40.5 -24 3.5 44.5 -26.5 5 0
44.5 -26.5 5 46.5 -28.5 5 0
46.5 -28.5 5 49 -31 5 0
49 -31 5 52.5 -34 6 0
52.5 -34 6 57.5 -31 6 0
57.5 -31 6 62 -28.5 6 0
62 -28.5 6 65 -27.5 6 0
65 -27.5 6 68 -24 9 0
68 -24 9 71.5 -20 9 0
71.5 -20 9 75.5 -16.5 9 0
75.5 -16.5 9 76.5 -11.5 8.5 0
76.5 -11.5 8.5 68 -6 9 0
68 -6 9 63 -3.5 9 0
68 -6 9 68.5 -1 9 0
68.5 -1 9 72.5 3.5 9 0
72.5 3.5 9 72 6.5 9 0
72 6.5 9 70 6.5 9 0
70 6.5 9 66.5 5 9 0
66.5 5 9 64.5 2 9 0
70 6.5 9 68.5 9.5 10 0
69 11 7.5 71.5 11 7.5 0
71.5 11 7.5 74.5 11 7.5 0
74.5 11 7.5 74.5 15.5 7.5 0
74.5 11 7.5 77.5 12 7.5 0
77.5 12 7.5 82 12 7.5 0
82 12 7.5 84 10.5 7.5 0
82 12 7.5 84 14.5 7.5 0
84 14.5 7.5 82 17 7.5 0
84 14.5 7.5 87.5 15.5 7 0
76.5 -11.5 8.5 73 -5.5 11.5 0
75.5 -16.5 9 80 -13 10 0
80 -13 10 81 -10.5 10 0
81 -10.5 10 80.5 -6.5 10 0
80.5 -6.5 10 79.5 -2.5 10 0
80.5 -6.5 10 83 -2.5 10 0
81 -10.5 10 85.5 -10.5 13.5 0
65 -27.5 6 68 -29 7 0
68 -29 7 74 -28.5 7 0
74 -28.5 7 77.5 -24.5 7.5 0
77.5 -24.5 7.5 80.5 -19.5 7.5 0
80.5 -19.5 7.5 79.5 -16.5 7.5 0
74 -28.5 7 78 -31 7.5 0
78 -31 7.5 81.5 -29.5 7.5 0
81.5 -29.5 7.5 85 -30.5 7.5 0
85 -30.5 7.5 83 -34.5 7.5 0
83 -34.5 7.5 76 -33 7.5 0
76 -33 7.5 75 -32.5 8 0
83 -34.5 7.5 80 -32 7.5 0
81.5 -29.5 7.5 85 -26.5 7.5 0
85 -26.5 7.5 89 -22 8 0
89 -22 8 93.5 -23.5 8 0
93.5 -23.5 8 95.5 -25 8 0
95.5 -25 8 95 -29 8 0
95.5 -25 8 102 -25.5 8 0
89 -22 8 92 -19.5 8.5 0
92 -19.5 8.5 101.5 -18 9 0
101.5 -18 9 104 -13 9 0
104 -13 9 104 -10 9 0
104 -10 9 102 -8.5 9 0
102 -8.5 9 97.5 -6 8.5 0
102 -8.5 9 104 -3.5 9 0
104 -3.5 9 108 -2.5 9 0
108 -2.5 9 111.5 -1.5 9 0
111.5 -1.5 9 113 0 9 0
113 0 9 111 0.5 9 0
113 0 9 117 -1 9 0
117 -1 9 120.5 0.5 9.5 0
120.5 0.5 9.5 127 -0.5 9.5 0
127 -0.5 9.5 132 -2 9.5 0
101.5 -18 9 105 -18 9 0
105 -18 9 111.5 -13.5 9 0
111.5 -13.5 9 116 -11.5 9.5 0
116 -11.5 9.5 120 -9.5 10 0
116 -11.5 9.5 120 -11.5 10.5 0
120 -11.5 10.5 122.5 -7.5 9.5 0
122.5 -7.5 9.5 122.5 -3 9.5 0
105 -18 9 106 -19.5 8.5 0
106 -19.5 8.5 103.5 -23.5 9 0
106 -19.5 8.5 111 -22.5 8.5 0
93 -30.5 8.5 92.5 -26 8.5 0
92.5 -26 8.5 93.5 -23.5 8.5 0
93.5 -23.5 8.5 92.5 -22 8.5 0
93.5 -23.5 8.5 99 -23.5 8.5 0
99 -23.5 8.5 106 -25 8.5 0
106 -25 8.5 109.5 -20.5 8.5 0
109.5 -20.5 8.5 112.5 -15.5 8 0
106 -25 8.5 113.5 -24.5 8.5 0
113.5 -24.5 8.5 118 -20.5 8.5 0
113.5 -24.5 8.5 119 -28 8 0
78 -31 7.5 84.5 -35 7.5 0
52.5 -34 6 52 -38.5 7.5 0
52 -38.5 7.5 44.5 -38.5 6.5 0
44.5 -38.5 6.5 40.5 -41.5 5.5 0
40.5 -41.5 5.5 36.5 -40 5.5 0
36.5 -40 5.5 36 -39.5 5.5 0
36 -39.5 5.5 32 -35 5.5 0
36 -39.5 5.5 30.5 -37.5 5.5 0
44.5 -38.5 6.5 42 -35.5 7 0
42 -35.5 7 38 -36.5 7 0
42 -35.5 7 38.5 -31.5 7 0
52 -38.5 7.5 52 -42.5 7.5 0
52 -42.5 7.5 48.5 -43 7.5 0
48.5 -43 7.5 48 -47 7.5 0
48 -47 7.5 46.5 -48 7.5 0
46.5 -48 7.5 42.5 -45.5 7.5 0
42.5 -45.5 7.5 39 -43 7.5 0
39 -43 7.5 31.5 -43.5 7.5 0
31.5 -43.5 7.5 28 -42 7.5 0
46.5 -48 7.5 40.5 -51.5 7.5 0
40.5 -51.5 7.5 37 -49.5 7.5 0
37 -49.5 7.5 35 -47 7.5 0
35 -47 7.5 32.5 -47.5 6.5 0
32.5 -47.5 6.5 29.5 -46 6.5 0
32.5 -47.5 6.5 30.5 -48.5 6.5 0
30.5 -48.5 6.5 27 -49.5 6.5 0
30.5 -48.5 6.5 31.5 -51.5 6.5 0
40.5 -51.5 7.5 37 -53.5 7.5 0
37 -53.5 7.5 35 -55.5 7.5 0
35 -55.5 7.5 39.5 -57.5 7.5 0
39.5 -57.5 7.5 39.5 -60.5 7.5 0
39.5 -57.5 7.5 41.5 -57.5 7.5 0
35 -55.5 7.5 35 -58.5 7.5 0
35 -58.5 7.5 27 -58.5 7.5 0
35 -58.5 7.5 33.5 -62 7.5 0
52 -42.5 7.5 56.5 -47.5 6 0
56.5 -47.5 6 60 -51 6 0
60 -51 6 64.5 -53 7.5 0
64.5 -53 7.5 67.5 -50.5 8 0
67.5 -50.5 8 69.5 -44 8 0
69.5 -44 8 68.5 -42 8 0
68.5 -42 8 66.5 -38.5 8 0
66.5 -38.5 8 66 -32 8 0
66 -32 8 63 -31 8 0
66 -32 8 66.5 -29 8 0
66.5 -38.5 8 63 -36 8 0
63 -36 8 63 -34.5 8 0
63 -34.5 8 63 -31.5 8 0
63 -34.5 8 60 -33.5 8 0
59 -34.5 8 55.5 -34.5 8 0
68.5 -42 8 64 -43 8 0
64 -43 8 63.5 -40 8 0
64 -43 8 62.5 -43 8 0
62.5 -43 8 62 -38.5 8 0
62 -38.5 8 59 -34.5 8 0
59 -34.5 8 59.5 -32.5 8 0
62.5 -43 8 60.5 -45 8 0
60.5 -45 8 57 -42 8 0
69.5 -44 8 65.5 -43.5 6.5 0
65.5 -43.5 6.5 63 -46.5 6.5 0
64.5 -53 7.5 68 -55.5 7.5 0
68 -55.5 7.5 78 -47.5 7.5 0
78 -47.5 7.5 81.5 -42.5 7.5 0
81.5 -42.5 7.5 78 -42.5 7.5 0
78 -42.5 7.5 71 -43.5 7.5 0
71 -43.5 7.5 71.5 -46 7.5 0
78 -42.5 7.5 83.5 -40 7 0
83.5 -40 7 85.5 -35.5 7.5 0
81.5 -42.5 7.5 84.5 -42.5 7.5 0
78 -47.5 7.5 85.5 -47 7.5 0
85.5 -47 7.5 84 -44.5 8 0
85.5 -47 7.5 89 -46.5 8 0
89 -46.5 8 95 -43 7.5 0
95 -43 7.5 95.5 -37 8 0
95.5 -37 8 88 -40.5 7.5 0
95.5 -37 8 94.5 -35 8.5 0
94.5 -35 8.5 93 -30.5 8.5 0
93 -30.5 8.5 87 -32.5 8 0
94.5 -35 8.5 103 -29.5 9 0
103 -29.5 9 111 -28 9 0
111 -28 9 113.5 -26 8.5 0
103 -29.5 9 109.5 -32 11 0
109.5 -32 11 114.5 -29.5 10.5 0
109.5 -32 11 119.5 -30.5 11 0
95 -43 7.5 99 -43 6.5 0
99 -43 6.5 102 -38.5 5 0
102 -38.5 5 107 -32 5.5 0
102 -38.5 5 107 -36.5 6 0
107 -36.5 6 101 -32.5 6 0
107 -36.5 6 108.5 -37 6 0
99 -43 6.5 102 -43 6.5 0
102 -43 6.5 109 -46 6.5 0
109 -46 6.5 112.5 -40.5 7 0
112.5 -40.5 7 115.5 -34.5 8 0
115.5 -34.5 8 121 -32.5 8 0
112.5 -40.5 7 121.5 -36 7 0
121.5 -36 7 122 -30 7 0
121.5 -36 7 126 -36 6.5 0
109 -46 6.5 109 -46 8.5 0
102 -43 6.5 102.5 -48.5 11 0
102.5 -48.5 11 97.5 -49.5 11 0
97.5 -49.5 11 90.5 -48.5 11 0
89 -46.5 8 89 -48.5 8 0
68 -55.5 7.5 71.5 -56.5 7 0
71.5 -56.5 7 81 -53 10 0
81 -53 10 79.5 -48 10 0
81 -53 10 87.5 -55.5 10 0
87.5 -55.5 10 91.5 -51 10 0
91.5 -51 10 101.5 -53 9.5 0
101.5 -53 9.5 109 -49.5 9.5 0
109 -49.5 9.5 111 -45 9.5 0
109 -49.5 9.5 114.5 -48.5 9.5 0
114.5 -48.5 9.5 119.5 -43 9.5 0
119.5 -43 9.5 124 -37.5 9.5 0
124 -37.5 9.5 124 -33.5 9.5 0
124 -33.5 9.5 122 -25 9.5 0
122 -25 9.5 120.5 -25 9.5 0
122 -25 9.5 122 -18.5 10 0
124 -33.5 9.5 126 -28 9.5 0
126 -28 9.5 128.5 -23.5 10 0
119.5 -43 9.5 129 -37 10 0
129 -37 10 136 -28.5 10 0
136 -28.5 10 136.5 -19.5 10 0
136 -28.5 10 144 -26.5 10 0
144 -26.5 10 148 -27.5 10 0
129 -37 10 141 -33.5 10 0
141 -33.5 10 150.5 -29.5 10 0
141 -33.5 10 148.5 -36.5 8.5 0
148.5 -36.5 8.5 164 -39 10 0
114.5 -48.5 9.5 129 -47.5 11 0
129 -47.5 11 140.5 -49.5 10.5 0
129 -47.5 11 147 -43.5 11 0
101.5 -53 9.5 106 -58.5 11 0
106 -58.5 11 122.5 -54.5 11 0
122.5 -54.5 11 123 -49.5 10 0
122.5 -54.5 11 127 -57.5 11 0
127 -57.5 11 136 -57.5 11 0
136 -57.5 11 138 -57.5 9.5 0
138 -57.5 9.5 144 -53 9.5 0
144 -53 9.5 149.5 -52.5 10 0
149.5 -52.5 10 149 -58.5 10 0
149.5 -52.5 10 155.5 -54 10 0
138 -57.5 9.5 138 -58.5 9.5 0
127 -57.5 11 127 -60 9 0
106 -58.5 11 113 -60.5 10 0
113 -60.5 10 116 -66 10.5 0
113 -60.5 10 124.5 -63.5 10 0
124.5 -63.5 10 132 -62.5 10 0
132 -62.5 10 140.5 -61 10.5 0
132 -62.5 10 138.5 -66.5 10 0
138.5 -66.5 10 148 -65.5 10 0
148 -65.5 10 157 -67.5 10.5 0
157 -67.5 10.5 157 -71 10.5 0
157 -67.5 10.5 160.5 -68 10.5 0
124.5 -63.5 10 129.5 -70 10 0
129.5 -70 10 134.5 -72 10.5 0
134.5 -72 10.5 138.5 -72 10.5 0
138.5 -72 10.5 149.5 -87.5 10.5 0
138.5 -72 10.5 143 -72 10.5 0
143 -72 10.5 145 -74 11 0
145 -74 11 152.5 -74.5 12 0
145 -74 11 151 -80.5 10.5 0
117.5 -66.5 9.5 122.5 -68 9.5 0
87.5 -55.5 10 96.5 -65.5 11 0
96.5 -65.5 11 109.5 -71.5 10.5 0
109.5 -71.5 10.5 120 -75.5 10.5 0
120 -75.5 10.5 123 -80.5 9 0
123 -80.5 9 126.5 -82 11 0
126.5 -82 11 128.5 -89 11 0
128.5 -89 11 131.5 -87.5 12 0
131.5 -87.5 12 131.5 -81 11.5 0
131.5 -81 11.5 126 -76 11.5 0
126 -76 11.5 124 -74 11.5 0
124 -74 11.5 128.5 -72 11.5 0
124 -74 11.5 117 -70 11 0
128.5 -89 11 130.5 -90 11.5 0
130.5 -90 11.5 135 -90 13 0
130.5 -90 11.5 127 -94 12 0
127 -94 12 130.5 -97.5 12 0
130.5 -97.5 12 137 -94 11.5 0
137 -94 11.5 137.5 -89.5 11.5 0
137.5 -89.5 11.5 138 -85 11.5 0
138 -85 11.5 139.5 -76 12 0
138 -85 11.5 142 -80.5 11.5 0
137.5 -89.5 11.5 143.5 -90 11 0
143.5 -90 11 146 -84 10.5 0
143.5 -90 11 148 -91.5 12 0
148 -91.5 12 154.5 -83.5 12 0
148 -91.5 12 157.5 -97 12 0
137 -94 11.5 143 -95 11.5 0
143 -95 11.5 149.5 -99 11.5 0
149.5 -99 11.5 148 -94 11.5 0
149.5 -99 11.5 151.5 -99.5 11.5 0
151.5 -99.5 11.5 152 -107 11.5 0
151.5 -99.5 11.5 160.5 -104.5 11.5 0
130.5 -97.5 12 134 -106.5 12 0
134 -106.5 12 134 -111.5 11.5 0
123 -80.5 9 119.5 -95.5 10 0
119.5 -95.5 10 116 -97 10 0
116 -97 10 112.5 -87 11 0
112.5 -87 11 104 -90 11 0
104 -90 11 95 -88.5 11 0
95 -88.5 11 89 -81 11 0
89 -81 11 88.5 -75 11 0
88.5 -75 11 81 -64.5 11 0
112.5 -87 11 113.5 -83 11 0
113.5 -83 11 113.5 -79 10.5 0
113.5 -79 10.5 111.5 -78 11 0
113.5 -79 10.5 119 -80.5 10.5 0
113.5 -83 11 109.5 -83.5 11 0
119.5 -95.5 10 120 -98.5 11 0
120 -98.5 11 116 -105.5 11.5 0
116 -105.5 11.5 110 -118.5 11 0
116 -105.5 11.5 116.5 -120 11.5 0
116.5 -120 11.5 113.5 -130 11 0
113.5 -130 11 112.5 -136 11 0
112.5 -136 11 101 -137 11.5 0
101 -137 11.5 94.5 -145 11.5 0
112.5 -136 11 112 -141 11 0
112 -141 11 108.5 -145 11.5 0
112 -141 11 114 -146 11 0
116.5 -120 11.5 118 -138 12 0
120 -98.5 11 120 -108 13 0
120 -108 13 120 -116 13 0
120 -116 13 121 -120 13 0
121 -120 13 119 -123 12.5 0
119 -123 12.5 118 -128.5 12.5 0
118 -128.5 12.5 121 -133 13 0
121 -133 13 121 -140 12.5 0
121 -140 12.5 119.5 -145.5 12.5 0
119.5 -145.5 12.5 123.5 -151 9.5 0
123.5 -151 9.5 128.5 -162 10 0
128.5 -162 10 132 -171 10 0
132 -171 10 136.5 -171.5 10 0
136.5 -171.5 10 137 -176.5 10 0
132 -171 10 132.5 -173 10 0
132.5 -173 10 136 -175.5 10 0
132.5 -173 10 131.5 -177 8.5 0
131.5 -177 8.5 125.5 -179.5 8.5 0
125.5 -179.5 8.5 124 -183 8.5 0
124 -183 8.5 122.5 -187.5 9 0
122.5 -187.5 9 122.5 -190 9 0
124 -183 8.5 128.5 -192.5 9.5 0
123.5 -151 9.5 123.5 -158.5 10.5 0
123.5 -158.5 10.5 123 -161.5 9.5 0
123 -161.5 9.5 120.5 -161.5 9.5 0
120.5 -161.5 9.5 120 -160 9.5 0
120.5 -161.5 9.5 117 -167 9 0
117 -167 9 120 -171.5 9 0
117 -167 9 114.5 -171 9 0
114.5 -171 9 115 -178.5 10.5 0
115 -178.5 10.5 115 -190 8.5 0
115 -190 8.5 115 -192 8.5 0
115 -190 8.5 119 -192 8.5 0
123 -161.5 9.5 125 -166.5 10 0
125 -166.5 10 119 -175.5 10.5 0
119 -175.5 10.5 115 -186 10.5 0
125 -166.5 10 128 -170.5 9 0
128 -170.5 9 124 -174 9 0
124 -174 9 121 -182 9.5 0
119 -160 11 122.5 -165 11 0
122.5 -165 11 125 -167 11 0
117.5 -160 11 115.5 -164 10.5 0
121 -120 13 123.5 -125 12 0
123.5 -125 12 130.5 -123.5 12 0
130.5 -123.5 12 135 -121 12 0
135 -121 12 133.5 -118 12 0
133.5 -118 12 135 -113 12 0
133.5 -118 12 128 -113.5 12 0
128 -113.5 12 129 -105.5 12 0
129 -105.5 12 127.5 -98.5 12 0
135 -121 12 139 -113.5 11 0
139 -113.5 11 139 -101.5 11.5 0
139 -101.5 11.5 137.5 -95.5 11.5 0
139 -101.5 11.5 141 -100.5 11.5 0
141 -100.5 11.5 141 -98 12 0
130.5 -123.5 12 136 -124.5 12 0
136 -124.5 12 139 -120 12.5 0
139 -120 12.5 143.5 -114.5 12.5 0
143.5 -114.5 12.5 143 -100 14 0
143.5 -114.5 12.5 144.5 -115 12 0
144.5 -115 12 149 -116.5 13 0
144.5 -115 12 149.5 -114 12 0
136 -124.5 12 149 -119 11 0
149 -119 11 152.5 -118 12 0
152.5 -118 12 152.5 -115 12.5 0
152.5 -115 12.5 151.5 -114 12.5 0
152.5 -115 12.5 155.5 -112.5 12.5 0
152.5 -118 12 158.5 -116 12 0
123.5 -125 12 129 -127 11.5 0
129 -127 11.5 133 -128.5 11 0
133 -128.5 11 131 -133.5 11 0
131 -133.5 11 137.5 -137.5 11 0
137.5 -137.5 11 141.5 -142.5 11 0
141.5 -142.5 11 147.5 -144 11 0
147.5 -144 11 152 -147 11 0
152 -147 11 156 -149.5 11 0
156 -149.5 11 160.5 -156.5 11 0
147.5 -144 11 151.5 -141.5 11 0
151.5 -141.5 11 152 -139 11 0
151.5 -141.5 11 153.5 -145.5 11 0
153.5 -145.5 11 159 -149 11 0
159 -149 11 160 -151 11 0
160 -151 11 160 -148 11 0
160 -151 11 160 -153.5 11 0
160 -153.5 11 164.5 -160 11 0
133 -128.5 11 142.5 -126.5 12.5 0
142.5 -126.5 12.5 150 -123.5 12.5 0
150 -123.5 12.5 156.5 -119.5 13 0
156.5 -119.5 13 160.5 -116.5 13 0
160.5 -116.5 13 165.5 -109.5 13.5 0
165.5 -109.5 13.5 168 -112 13.5 0
168 -112 13.5 173 -112 13 0
173 -112 13 179 -108.5 12.5 0
179 -108.5 12.5 185 -114 13 0
185 -114 13 189 -112.5 12.5 0
189 -112.5 12.5 190 -112.5 12.5 0
179 -108.5 12.5 184 -106 12.5 0
184 -106 12.5 179.5 -102.5 12.5 0
184 -106 12.5 187 -106.5 12.5 0
168 -112 13.5 167 -119 12 0
167 -119 12 170 -123 12 0
170 -123 12 175.5 -124 12 0
175.5 -124 12 183 -124 12 0
183 -124 12 186 -127.5 12 0
150 -123.5 12.5 160 -121.5 11.5 0
160 -121.5 11.5 168 -125 11.5 0
168 -125 11.5 171.5 -125.5 11.5 0
168 -125 11.5 169.5 -122.5 11.5 0
142.5 -126.5 12.5 153 -130.5 12 0
153 -130.5 12 161 -129 14 0
161 -129 14 167.5 -132.5 14 0
167.5 -132.5 14 170.5 -135.5 13.5 0
170.5 -135.5 13.5 174 -134.5 13.5 0
174 -134.5 13.5 176.5 -129.5 14 0
176.5 -129.5 14 180 -118.5 15 0
153 -130.5 12 161.5 -137.5 12 0
161.5 -137.5 12 169 -144.5 12.5 0
169 -144.5 12.5 168.5 -153 13 0
168.5 -153 13 175 -155.5 13.5 0
175 -155.5 13.5 186 -154 11 0
186 -154 11 201 -153 11 0
88.5 -78 9.5 95 -77 11.5 0
95 -77 11.5 100 -86 13 0
100 -86 13 97.5 -97.5 12 0
95 -77 11.5 101 -76.5 12 0
101 -76.5 12 109.5 -73.5 14 0
109.5 -73.5 14 114.5 -67.5 9.5 0
114.5 -67.5 9.5 117.5 -66.5 9.5 0
117.5 -66.5 9.5 121 -64 10.5 0
71.5 -56.5 7 72.5 -62 10 0
72.5 -62 10 79.5 -68 10 0
79.5 -68 10 84 -66 12 0
84 -66 12 91.5 -74 13 0
84 -66 12 92.5 -72.5 12 0
92.5 -72.5 12 98.5 -81 11.5 0
98.5 -81 11.5 102 -81 11.5 0
102 -81 11.5 107.5 -78.5 11.5 0
102 -81 11.5 105 -83.5 11.5 0
98.5 -81 11.5 98.5 -87.5 11.5 0
98.5 -87.5 11.5 98.5 -95 11.5 0
98.5 -95 11.5 99 -99 11.5 0
99 -99 11.5 101.5 -101.5 11.5 0
101.5 -101.5 11.5 106 -107.5 11 0
106 -107.5 11 110 -113 11 0
110 -113 11 105.5 -120 11 0
105.5 -120 11 104.5 -126.5 11 0
104.5 -126.5 11 109 -130.5 12 0
105.5 -120 11 101 -127.5 11.5 0
79.5 -68 10 80.5 -70 10 0
80.5 -70 10 88.5 -78 9.5 0
88.5 -78 9.5 85.5 -85 11.5 0
85.5 -85 11.5 87.5 -89.5 11 0
87.5 -89.5 11 90 -91.5 11 0
90 -91.5 11 90.5 -96 12.5 0
90 -91.5 11 96.5 -97 11 0
80.5 -70 10 80.5 -78 12 0
80.5 -78 12 78.5 -86 12 0
78.5 -86 12 73.5 -85.5 12 0
73.5 -85.5 12 70.5 -89.5 12 0
70.5 -89.5 12 64 -91.5 12 0
64 -91.5 12 55.5 -95.5 12 0
55.5 -95.5 12 54 -97.5 11.5 0
73.5 -85.5 12 71.5 -84 12 0
71.5 -84 12 63 -83 12.5 0
63 -83 12.5 59 -86 12.5 0
71.5 -84 12 68 -70.5 13 0
78.5 -86 12 80 -90.5 12 0
80 -90.5 12 78 -99 11.5 0
78 -99 11.5 71.5 -101 12.5 0
71.5 -101 12.5 74 -108.5 12.5 0
74 -108.5 12.5 78.5 -110 12 0
71.5 -101 12.5 65 -102 12 0
65 -102 12 63.5 -101.5 12 0
63.5 -101.5 12 63.5 -107 12 0
63.5 -107 12 58.5 -121 12.5 0
63.5 -107 12 70 -116 13 0
70 -116 13 63.5 -130 13 0
63.5 -101.5 12 57 -99.5 13.5 0
57 -99.5 13.5 50.5 -112.5 13.5 0
50.5 -112.5 13.5 43.5 -115.5 13.5 0
57 -99.5 13.5 49.5 -98 13 0
49.5 -98 13 46.5 -103 13 0
46.5 -103 13 44.5 -105 13 0
44.5 -105 13 39 -102.5 13 0
46.5 -103 13 46 -111.5 13 0
49.5 -98 13 45 -96.5 13 0
45 -96.5 13 39.5 -94 13 0
45 -96.5 13 40 -99.5 13 0
78 -99 11.5 83.5 -107 11.5 0
83.5 -107 11.5 87.5 -111 11.5 0
87.5 -111 11.5 90 -111.5 11.5 0
90 -111.5 11.5 96 -109 11.5 0
96 -109 11.5 101.5 -107 12 0
96 -109 11.5 99 -112.5 11.5 0
99 -112.5 11.5 102.5 -112.5 11.5 0
102.5 -112.5 11.5 106.5 -121.5 12 0
106.5 -121.5 12 104 -127 12 0
90 -111.5 11.5 93.5 -117 12.5 0
93.5 -117 12.5 94 -123 12.5 0
94 -123 12.5 92 -126 12.5 0
92 -126 12.5 102.5 -132 12.5 0
102.5 -132 12.5 107 -130.5 12 0
102.5 -132 12.5 106 -135 13 0
106 -135 13 107 -138 13 0
92 -126 12.5 86.5 -130 12 0
86.5 -130 12 80.5 -136 12 0
80.5 -136 12 79 -142 12 0
79 -142 12 78.5 -148 11.5 0
78.5 -148 11.5 75.5 -152 11.5 0
75.5 -152 11.5 73 -155.5 11.5 0
73 -155.5 11.5 69 -154 10.5 0
69 -154 10.5 60.5 -150 10.5 0
60.5 -150 10.5 55 -143.5 10.5 0
55 -143.5 10.5 50 -147 10.5 0
50 -147 10.5 50 -149.5 11 0
55 -143.5 10.5 50 -141 11.5 0
69 -154 10.5 63 -160 10.5 0
63 -160 10.5 61 -161 11 0
75.5 -152 11.5 78 -158 12 0
78 -158 12 69.5 -163 12 0
69.5 -163 12 67.5 -161.5 12.5 0
67.5 -161.5 12.5 67.5 -158.5 10 0
67.5 -161.5 12.5 63.5 -162 10.5 0
69.5 -163 12 69.5 -168.5 13 0
69.5 -168.5 13 65 -171 11 0
65 -171 11 62.5 -173.5 11 0
78 -158 12 79.5 -164.5 12 0
79.5 -164.5 12 71 -170.5 12 0
71 -170.5 12 67 -177 10 0
67 -177 10 63.5 -178.5 10 0
67 -177 10 69.5 -178 10 0
78.5 -148 11.5 81 -149 11.5 0
81 -149 11.5 87 -149 11.5 0
87 -149 11.5 88.5 -146.5 11.5 0
88.5 -146.5 11.5 95.5 -149.5 12 0
88.5 -146.5 11.5 85.5 -142 11.5 0
85.5 -142 11.5 82.5 -142 11.5 0
85.5 -142 11.5 86.5 -139 12 0
86.5 -139 12 87 -133 12.5 0
86.5 -139 12 93 -133.5 12.5 0
87 -149 11.5 91.5 -153.5 13 0
91.5 -153.5 13 104 -150 13 0
104 -150 13 109 -154 12.5 0
104 -150 13 106.5 -146 13.5 0
91.5 -153.5 13 93.5 -156 12.5 0
93.5 -156 12.5 103 -158 12 0
103 -158 12 104 -160.5 12 0
104 -160.5 12 100 -168.5 11.5 0
100 -168.5 11.5 101 -173.5 11.5 0
101 -173.5 11.5 103 -177.5 11.5 0
103 -177.5 11.5 104 -178.5 10.5 0
104 -178.5 10.5 107.5 -174 10.5 0
107.5 -174 10.5 106 -172 10.5 0
107.5 -174 10.5 108 -173 10.5 0
104 -178.5 10.5 105 -185.5 10.5 0
104 -160.5 12 110 -169 11 0
110 -169 11 110.5 -167 11 0
110.5 -167 11 106.5 -161 11.5 0
110 -169 11 111.5 -171.5 11 0
111.5 -171.5 11 113 -169.5 10.5 0
111.5 -171.5 11 111.5 -177.5 12 0
111.5 -177.5 12 110.5 -186.5 12 0
103 -158 12 112 -158 12 0
112 -158 12 114 -155.5 12 0
114 -155.5 12 112 -152 12 0
112 -152 12 110 -149 11.5 0
112 -152 12 114 -149.5 12 0
114 -149.5 12 114 -148 12 0
114 -149.5 12 116.5 -148.5 12.5 0
114 -155.5 12 116.5 -152.5 10.5 0
116.5 -152.5 10.5 116.5 -150 11 0
116.5 -152.5 10.5 119 -153.5 11.5 0
112 -158 12 117.5 -160 11 0
117.5 -160 11 119 -160 11 0
119 -160 11 121 -156 11 0
93.5 -156 12.5 97.5 -164 12 0
97.5 -164 12 99.5 -167 12 0
99.5 -167 12 106 -170 12 0
106 -170 12 108.5 -176.5 12.5 0
108.5 -176.5 12.5 108 -182 12.5 0
108 -182 12.5 106 -187 11.5 0
106 -187 11.5 110 -192 9.5 0
110 -192 9.5 113 -194.5 10.5 0
113 -194.5 10.5 115 -194.5 10.5 0
113 -194.5 10.5 112.5 -204 12.5 0
110 -192 9.5 106.5 -202 9 0
106.5 -202 9 112 -215.5 9.5 0
106.5 -202 9 101.5 -202 6.5 0
101.5 -202 6.5 102.5 -206.5 6 0
102.5 -206.5 6 106.5 -209 7 0
106.5 -209 7 106.5 -216 7 0
106.5 -216 7 110 -216.5 6.5 0
106.5 -216 7 107.5 -217.5 7.5 0
102.5 -206.5 6 103.5 -217 6 0
101.5 -202 6.5 96 -200 6.5 0
81 -149 11.5 81 -155.5 12.5 0
81 -155.5 12.5 88.5 -167.5 11.5 0
88.5 -167.5 11.5 92 -171.5 12 0
92 -171.5 12 91 -174.5 12 0
91 -174.5 12 87.5 -178.5 11.5 0
87.5 -178.5 11.5 84.5 -182 11 0
84.5 -182 11 70.5 -189 11 0
70.5 -189 11 67.5 -190 11 0
84.5 -182 11 86.5 -187 11 0
86.5 -187 11 89 -197.5 12.5 0
89 -197.5 12.5 92 -199.5 11.5 0
91 -174.5 12 91 -185.5 11 0
91 -185.5 11 84.5 -192 11 0
84.5 -192 11 84.5 -199.5 11.5 0
84.5 -199.5 11.5 92 -207.5 9.5 0
91 -185.5 11 93 -195 13 0
93 -195 13 94 -201.5 15.5 0
94 -201.5 15.5 93.5 -208.5 8.5 0
93.5 -208.5 8.5 99 -211 8.5 0
94 -201.5 15.5 96.5 -204 7 0
93.5 -208.5 8.5 90 -210 8.5 0
88.5 -167.5 11.5 82.5 -172.5 11.5 0
82.5 -172.5 11.5 74.5 -176.5 11.5 0
74.5 -176.5 11.5 76 -193 10.5 0
76 -193 10.5 81.5 -205 14 0
76 -193 10.5 71 -201.5 11 0
74.5 -176.5 11.5 68 -184 11.5 0
68 -184 11.5 64.5 -201 12.5 0
71 -43.5 7.5 74 -41 7.5 0
74 -41 7.5 71.5 -35.5 7.5 0
71.5 -35.5 7.5 70.5 -32 7.5 0
74 -41 7.5 78.5 -41 7.5 0
78.5 -41 7.5 80.5 -38 7 0
80.5 -38 7 73 -32.5 7.5 0
80.5 -38 7 83 -35.5 7 0
39 -43 7.5 39 -40 7.5 0
39 -40 7.5 39 -38 7.5 0
8.27297 -4.47026 1.5 17 -13.5 1.5 0
17 -13.5 1.5 19.5 -10.5 1.5 0
19.5 -10.5 1.5 21.5 -8.5 1.5 0
21.5 -8.5 1.5 23 -9 1.5 0
23 -9 1.5 27 -6.5 1.5 0
21.5 -8.5 1.5 21.5 -6.5 1.5 0
21.5 -6.5 1.5 21.5 -5 1.5 0
21.5 -5 1.5 17.5 -3.5 1.5 0
17.5 -3.5 1.5 15.5 -3.5 3 0
15.5 -3.5 3 14 -3.5 3 0
14 -3.5 3 12 -3.5 3 0
12 -3.5 3 10 -4 1 0
10 -4 1 9.5 -4 1 0
17 -13.5 1.5 22.5 -16 1.5 0
22.5 -16 1.5 29.5 -19 1.5 0
29.5 -19 1.5 37.5 -20 2.5 0
37.5 -20 2.5 40.5 -15.5 2.5 0
40.5 -15.5 2.5 42 -14.5 2.5 0
42 -14.5 2.5 45 -15 2.5 0
45 -15 2.5 49 -15.5 2.5 0
49 -15.5 2.5 51 -13.5 2.5 0
51 -13.5 2.5 52 -11 2.5 0
52 -11 2.5 55.5 -8 2.5 0
55.5 -8 2.5 57.5 -4 2.5 0
42 -14.5 2.5 44 -13 2.5 0
44 -13 2.5 48 -13 2.5 0
48 -13 2.5 51.5 -13 2.5 0
51.5 -13 2.5 54 -13 2.5 0
54 -13 2.5 53 -9.5 2.5 0
53 -9.5 2.5 52 -7.5 2.5 0
52 -7.5 2.5 49.5 -7.5 2.5 0
49.5 -7.5 2.5 48.5 -6 2.5 0
48.5 -6 2.5 47 -5 3 0
47 -5 3 44.5 -4 3 0
44.5 -4 3 41.5 -4 3 0
41.5 -4 3 39.5 -4 3 0
39.5 -4 3 39 -3 3 0
39 -3 3 36 -1.5 3 0
36 -1.5 3 34 -1 3 0
34 -1 3 31.5 -1 3 0
31.5 -1 3 28 1 3 0
28 1 3 27 3 3 0
27 3 3 27 6 3 0
27 6 3 27 8 3 0
27 8 3 26 10.5 2.5 0
31.5 -1 3 28.5 -1.5 3 0
28.5 -1.5 3 23.5 -2.5 3 0
23.5 -2.5 3 20.5 -2 3 0
20.5 -2 3 17.5 -1 3 0
17.5 -1 3 16 0 3 0
47 -5 3 49 -3 3 0
49 -3 3 49.5 0.5 3 0
49.5 0.5 3 52.5 3.5 3 0
52.5 3.5 3 53.5 6 3 0
53.5 6 3 54.5 8.5 3 0
54.5 8.5 3 56 12.5 3 0
56 12.5 3 58 14 3 0
58 14 3 58 17 3 0
58 17 3 59.5 19 3 0
58 14 3 61 14.5 3 0
61 14.5 3 61.5 14 3 0
61.5 14 3 63.5 13 3 0
61.5 14 3 64.5 17 3 0
52 -7.5 2.5 56.5 -3.5 4.5 0
56.5 -3.5 4.5 59 -1 4.5 0
59 -1 4.5 61 0.5 4.5 0
61 0.5 4.5 59 4.5 4.5 0
59 4.5 4.5 59 6 4.5 0
59 6 4.5 54 7.5 4.5 0
54 7.5 4.5 51 7.5 4.5 0
51 7.5 4.5 47.5 8 4.5 0
47.5 8 4.5 47 10 3.5 0
47 10 3.5 48 15 3.5 0
48 15 3.5 48 17 3.5 0
48 17 3.5 50.5 20 3.5 0
50.5 20 3.5 52 21.5 3.5 0
52 21.5 3.5 52 25 3.5 0
52 25 3.5 50 28.5 3.5 0
61 0.5 4.5 61.5 2.5 4 0
61.5 2.5 4 60.5 7 4 0
60.5 7 4 58 10.5 4 0
58 10.5 4 55.5 14.5 4 0
55.5 14.5 4 52.5 17.5 4 0
52.5 17.5 4 51.5 18.5 4 0
61.5 2.5 4 64.5 5.5 4 0
64.5 5.5 4 66.5 9 7.5 0
66.5 9 7.5 69 11 7.5 0
69 11 7.5 67 14.5 7.5 0
11.5 -12 1.5 13 -15.5 1 0
13 -15.5 1 12 -22.5 0.5 0
12 -22.5 0.5 13.5 -33 -1 0
13.5 -33 -1 7 -40 -1 0
13.5 -33 -1 13.5 -39.5 1 0
13.5 -39.5 1 19 -39 1 0
19 -39 1 23.5 -43 1 0
23.5 -43 1 26 -41.5 1 0
26 -41.5 1 28.5 -40 1.5 0
26 -41.5 1 24 -35 1 0
24 -35 1 24 -25 1.5 0
24 -35 1 21.5 -30.5 1 0
21.5 -30.5 1 20 -24.5 1 0
23.5 -43 1 24.5 -47.5 1 0
24.5 -47.5 1 28.5 -50.5 0 0
28.5 -50.5 0 29.5 -54 1 0
29.5 -54 1 31 -60.5 1.5 0
31 -60.5 1.5 35 -63 1.5 0
35 -63 1.5 35 -65.5 1 0
35 -65.5 1 34.5 -70 1 0
35 -65.5 1 40.5 -67.5 1 0
35 -63 1.5 41 -61 2.5 0
41 -61 2.5 43.5 -67 2.5 0
43.5 -67 2.5 42 -71 2.5 0
43.5 -67 2.5 48.5 -67.5 2.5 0
48.5 -67.5 2.5 52.5 -66.5 3 0
52.5 -66.5 3 57 -71 3 0
52.5 -66.5 3 54.5 -62 3 0
41 -61 2.5 43 -59.5 2.5 0
43 -59.5 2.5 46.5 -57.5 2.5 0
46.5 -57.5 2.5 53 -56.5 2.5 0
53 -56.5 2.5 57.5 -56.5 2.5 0
57.5 -56.5 2.5 57 -48.5 2.5 0
57.5 -56.5 2.5 64 -57.5 2.5 0
64 -57.5 2.5 72.5 -57.5 1.5 0
72.5 -57.5 1.5 81 -57.5 2 0
81 -57.5 2 82 -63 2 0
81 -57.5 2 87.5 -57.5 2 0
87.5 -57.5 2 99 -56 2 0
99 -56 2 113.5 -54.5 2 0
113.5 -54.5 2 123 -53 1.5 0
123 -53 1.5 123.5 -43 2 0
123 -53 1.5 127.5 -55.5 1.5 0
127.5 -55.5 1.5 131.5 -54 1.5 0
64 -57.5 2.5 69 -63 2.5 0
69 -63 2.5 70 -67 2.5 0
70 -67 2.5 70.5 -69 1.5 0
69 -63 2.5 76.5 -64.5 2.5 0
76.5 -64.5 2.5 86 -64 3.5 0
86 -64 3.5 92 -68 5 0
92 -68 5 95 -70 5.5 0
24.5 -47.5 1 21 -53 -1.5 0
21 -53 -1.5 20.5 -68 -1.5 0
20.5 -68 -1.5 15.5 -68.5 -1.5 0
15.5 -68.5 -1.5 11.5 -71 -1.5 0
11.5 -71 -1.5 11.5 -71.5 -1.5 0
11.5 -71.5 -1.5 9 -75.5 -1.5 0
9 -75.5 -1.5 -0.5 -72.5 -1.5 0
-0.5 -72.5 -1.5 -6.5 -71 -1.5 0
-6.5 -71 -1.5 -12.5 -69.5 -1.5 0
-0.5 -72.5 -1.5 -2.5 -77 -1.5 0
-2.5 -77 -1.5 -6.5 -78 -1.5 0
-2.5 -77 -1.5 -0.5 -82.5 -1 0
-0.5 -82.5 -1 3.5 -84 0 0
3.5 -84 0 6.5 -98 0.5 0
11.5 -71.5 -1.5 7 -72 -1.5 0
7 -72 -1.5 4 -66.5 -1.5 0
20.5 -68 -1.5 23.5 -73 -1 0
23.5 -73 -1 17 -75.5 -1.5 0
17 -75.5 -1.5 13 -79 -1.5 0
13 -79 -1.5 0 -82.5 -1.5 0
0 -82.5 -1.5 -4 -82.5 -1.5 0
-4 -82.5 -1.5 -4.5 -80.5 -1.5 0
13 -79 -1.5 16.5 -81.5 -1 0
16.5 -81.5 -1 25 -82.5 -0.5 0
16.5 -81.5 -1 16.5 -89 -0.5 0
16.5 -89 -0.5 14.5 -95.5 -0.5 0
23.5 -73 -1 26 -78 -0.5 0
26 -78 -0.5 32.5 -83.5 0 0
32.5 -83.5 0 37 -80 0 0
37 -80 0 40.5 -75.5 0.5 0
40.5 -75.5 0.5 44.5 -72 0.5 0
44.5 -72 0.5 43.5 -69 0.5 0
44.5 -72 0.5 49 -73 1 0
49 -73 1 54 -76.5 1.5 0
54 -76.5 1.5 51.5 -80 1.5 0
51.5 -80 1.5 49 -77.5 1.5 0
51.5 -80 1.5 60.5 -78.5 2 0
32.5 -83.5 0 35.5 -88 -0.5 0
35.5 -88 -0.5 37 -95 -0.5 0
37 -95 -0.5 41.5 -97 -0.5 0
41.5 -97 -0.5 51 -95.5 0 0
37 -95 -0.5 35.5 -103 -0.5 0
35.5 -103 -0.5 34 -114 0.5 0
34 -114 0.5 44.5 -117.5 -1.5 0
44.5 -117.5 -1.5 50 -115 -0.5 0
50 -115 -0.5 52 -112.5 -1.5 0
50 -115 -0.5 54.5 -115.5 1 0
54.5 -115.5 1 53 -119 1 0
53 -119 1 48.5 -122.5 0.5 0
53 -119 1 57 -123 1 0
54.5 -115.5 1 59 -115.5 1 0
59 -115.5 1 67 -116.5 1.5 0
67 -116.5 1.5 74.5 -116.5 1.5 0
67 -116.5 1.5 82.5 -110 3 0
44.5 -117.5 -1.5 45.5 -123 -1 0
45.5 -123 -1 54 -128.5 1 0
54 -128.5 1 48 -132.5 1 0
54 -128.5 1 61 -135.5 3 0
34 -114 0.5 30 -119 -1 0
30 -119 -1 26.5 -123 -1 0
26.5 -123 -1 22 -126.5 -1.5 0
22 -126.5 -1.5 19 -132.5 -1.5 0
19 -132.5 -1.5 22 -136 -1.5 0
22 -136 -1.5 29 -137.5 -0.5 0
29 -137.5 -0.5 32.5 -135.5 -0.5 0
32.5 -135.5 -0.5 38 -137.5 0 0
38 -137.5 0 42 -139 0 0
42 -139 0 45 -140 0 0
42 -139 0 44 -135.5 0.5 0
44 -135.5 0.5 44 -130.5 0.5 0
29 -137.5 -0.5 32.5 -139.5 0.5 0
32.5 -139.5 0.5 40 -143 1 0
40 -143 1 45 -149 3 0
45 -149 3 44.5 -149 -1 0
44.5 -149 -1 57.5 -150.5 0 0
44.5 -149 -1 48 -154 -1.5 0
48 -154 -1.5 53.5 -152 -1 0
48 -154 -1.5 53.5 -163.5 -1 0
53.5 -163.5 -1 56 -165 -1 0
56 -165 -1 59 -164 -1 0
56 -165 -1 58 -169 -0.5 0
58 -169 -0.5 60 -171.5 -0.5 0
60 -171.5 -0.5 63.5 -177.5 0 0
60 -171.5 -0.5 59 -174.5 -0.5 0
58 -169 -0.5 55.5 -171.5 -0.5 0
40 -143 1 41.5 -151.5 2.5 0
41.5 -151.5 2.5 48 -157 4 0
32.5 -139.5 0.5 36 -148 -1.5 0
36 -148 -1.5 36.5 -152.5 -4 0
36.5 -152.5 -4 39.5 -156 -3.5 0
39.5 -156 -3.5 43.5 -157.5 -3.5 0
43.5 -157.5 -3.5 48.5 -162.5 -3 0
48.5 -162.5 -3 51.5 -169.5 -2 0
51.5 -169.5 -2 54.5 -172 -2 0
54.5 -172 -2 57.5 -176 -3 0
57.5 -176 -3 62.5 -180 -3 0
62.5 -180 -3 62.5 -192.5 -3 0
62.5 -180 -3 66.5 -182.5 -3 0
66.5 -182.5 -3 68.5 -190.5 -2.5 0
68.5 -190.5 -2.5 66.5 -198 -2.5 0
66.5 -198 -2.5 68 -206 -5 0
66.5 -198 -2.5 63 -202.5 -2.5 0
51.5 -169.5 -2 50.5 -172.5 -3.5 0
50.5 -172.5 -3.5 53.5 -182 -2.5 0
53.5 -182 -2.5 53.5 -187 -2.5 0
39.5 -156 -3.5 39.5 -161 -3 0
39.5 -161 -3 46 -171.5 -3 0
46 -171.5 -3 51.5 -177 -2 0
51.5 -177 -2 55 -187.5 -2.5 0
55 -187.5 -2.5 57 -191 -2.5 0
57 -191 -2.5 60 -198 -2.5 0
57 -191 -2.5 53.5 -198 -3 0
53.5 -198 -3 54.5 -203 -3 0
54.5 -203 -3 55 -204 -3 0
46 -171.5 -3 47 -181 -2.5 0
47 -181 -2.5 49 -191 -2.5 0
49 -191 -2.5 53.5 -193 -2 0
49 -191 -2.5 51 -212.5 -2.5 0
36.5 -152.5 -4 33 -161 -4.5 0
33 -161 -4.5 36.5 -169.5 -3 0
36.5 -169.5 -3 41 -179 -4 0
41 -179 -4 40.5 -186 -3 0
40.5 -186 -3 45 -194 -3 0
45 -194 -3 51 -200.5 -2.5 0
45 -194 -3 49 -209 -0.5 0
40.5 -186 -3 39.5 -192 -3.5 0
39.5 -192 -3.5 42 -197.5 -3.5 0
42 -197.5 -3.5 39 -204 -3.5 0
39.5 -192 -3.5 36.5 -194.5 -3.5 0
36.5 -194.5 -3.5 31.5 -200 -4 0
31.5 -200 -4 26 -198.5 -3.5 0
36.5 -169.5 -3 35.5 -180 -4 0
35.5 -180 -4 35.5 -181.5 -4 0
35.5 -181.5 -4 28.5 -180.5 -4 0
35.5 -181.5 -4 30.5 -189 -4.5 0
30.5 -189 -4.5 25 -189 -4.5 0
30.5 -189 -4.5 31 -194.5 -3.5 0
22 -136 -1.5 20 -144.5 -2.5 0
20 -144.5 -2.5 25 -149.5 -2.5 0
25 -149.5 -2.5 29.5 -152 -2 0
29.5 -152 -2 32 -156 -2 0
29.5 -152 -2 28.5 -157.5 -2 0
25 -149.5 -2.5 25.5 -154.5 -3 0
25.5 -154.5 -3 24 -156.5 -3 0
24 -156.5 -3 24 -162 -3 0
24 -156.5 -3 14.5 -163 -4 0
-5.5 -84 0.5 -7 -92.5 -0.5 0
-7 -92.5 -0.5 -5 -101 0 0
-5 -101 0 0 -103.5 -1.5 0
0 -103.5 -1.5 10 -105.5 0 0
10 -105.5 0 5.5 -113.5 1 0
10 -105.5 0 12.5 -107 0 0
12.5 -107 0 13 -115.5 0 0
12.5 -107 0 19 -105 0.5 0
19 -105 0.5 25 -108 0.5 0
25 -108 0.5 25.5 -113 1 0
25.5 -113 1 20.5 -117 1 0
20.5 -117 1 16 -117 1 0
-7 -92.5 -0.5 -13 -104 0 0
-13 -104 0 -14 -110 0 0
-14 -110 0 -10 -115 1.5 0
-10 -115 1.5 -5.5 -119 1 0
-5.5 -119 1 -1 -121 1.5 0
-1 -121 1.5 6.5 -120 1.5 0
6.5 -120 1.5 10 -118 1.5 0
10 -118 1.5 5 -115 2 0
5 -115 2 2 -109 2 0
10 -118 1.5 14.5 -118 1.5 0
-1 -121 1.5 -2 -126 1 0
-2 -126 1 -3.5 -133 1 0
-3.5 -133 1 -1.5 -137 1 0
-1.5 -137 1 2.5 -140.5 1.5 0
2.5 -140.5 1.5 6.5 -140.5 1 0
-5.5 -119 1 -6 -119.5 -2.5 0
-6 -119.5 -2.5 -12 -117.5 -2.5 0
-12 -117.5 -2.5 -12 -120.5 -2.5 0
-12 -120.5 -2.5 -9.5 -123.5 -2.5 0
-9.5 -123.5 -2.5 -9 -127 -3 0
-12 -120.5 -2.5 -12 -122.5 -2.5 0
-12 -122.5 -2.5 -12 -127 -2 0
-12 -122.5 -2.5 -19 -125.5 -3 0
-19 -125.5 -3 -22.5 -133 -2 0
-22.5 -133 -2 -26.5 -137.5 -2.5 0
-19 -125.5 -3 -27.5 -125 -3 0
-27.5 -125 -3 -31.5 -128 -3 0
-6 -119.5 -2.5 -5 -125 -2.5 0
-5 -125 -2.5 -6.5 -131 -3 0
-6.5 -131 -3 -8.5 -131 -3 0
-8.5 -131 -3 -9.5 -135 -3.5 0
-9.5 -135 -3.5 -11.5 -133.5 -3.5 0
-9.5 -135 -3.5 -9.5 -138.5 -3.5 0
-9.5 -138.5 -3.5 -12.5 -137.5 -3.5 0
-6.5 -131 -3 -8.5 -139.5 -2.5 0
-8.5 -139.5 -2.5 -9 -144 -2.5 0
-9 -144 -2.5 -4.5 -148.5 -6.5 0
-4.5 -148.5 -6.5 1.5 -150.5 -6.5 0
1.5 -150.5 -6.5 5 -151.5 -6.5 0
5 -151.5 -6.5 6.5 -154.5 -6 0
5 -151.5 -6.5 8.5 -150.5 -6.5 0
8.5 -150.5 -6.5 13 -154 -6 0
13 -154 -6 11 -166 -6 0
13 -154 -6 13.5 -154.5 -6 0
13.5 -154.5 -6 15 -157.5 -5 0
13.5 -154.5 -6 19.5 -154.5 -5.5 0
-4.5 -148.5 -6.5 -4.5 -152 -6.5 0
-4.5 -152 -6.5 4 -155 -6 0
4 -155 -6 9.5 -161.5 -4.5 0
-9 -144 -2.5 -9.5 -149.5 -5.5 0
-9.5 -149.5 -5.5 -4.5 -158 -5.5 0
-4.5 -158 -5.5 -0.5 -159.5 -5 0
-0.5 -159.5 -5 4.5 -158.5 -5 0
4.5 -158.5 -5 6 -162 -6 0
6 -162 -6 4.5 -167.5 -6 0
4.5 -167.5 -6 9.5 -173.5 -5.5 0
9.5 -173.5 -5.5 13.5 -175.5 -5 0
13.5 -175.5 -5 15 -178 -5 0
13.5 -175.5 -5 13 -176.5 -5.5 0
13 -176.5 -5.5 10.5 -178.5 -5.5 0
9.5 -173.5 -5.5 13.5 -180 -8 0
13.5 -180 -8 19 -184 -7.5 0
19 -184 -7.5 23 -188 -7 0
23 -188 -7 24 -193.5 -6.5 0
24 -193.5 -6.5 29 -196 -6.5 0
29 -196 -6.5 32.5 -200 -6.5 0
24 -193.5 -6.5 24 -196.5 -5.5 0
24 -196.5 -5.5 24 -199.5 -8 0
19 -184 -7.5 21.5 -190.5 -8 0
21.5 -190.5 -8 21.5 -197.5 -8 0
21.5 -197.5 -8 25 -205.5 -8.5 0
21.5 -197.5 -8 16.5 -202 -7 0
16.5 -202 -7 17 -207.5 -7.5 0
17 -207.5 -7.5 21.5 -213 -7.5 0
13.5 -180 -8 13.5 -186.5 -9 0
13.5 -186.5 -9 17.5 -196 -8.5 0
13.5 -186.5 -9 8 -195 -9 0
4.5 -167.5 -6 6 -179 -9 0
6 -179 -9 8 -183 -8.5 0
8 -183 -8.5 5.5 -188.5 -8.5 0
5.5 -188.5 -8.5 2.5 -192.5 -8.5 0
-4.5 -158 -5.5 -3.5 -161 -6.5 0
-3.5 -161 -6.5 -3.5 -165.5 -5 0
-3.5 -165.5 -5 -1 -169 -4.5 0
-1 -169 -4.5 3 -170.5 -4.5 0
-1 -169 -4.5 2 -173.5 -4.5 0
-3.5 -161 -6.5 -8 -161 -6.5 0
-8 -161 -6.5 -9.5 -166 -6.5 0
-9.5 -166 -6.5 -4.5 -173.5 -6.5 0
-4.5 -173.5 -6.5 -2.5 -174 -5.5 0
-2.5 -174 -5.5 1 -175 -6 0
-2.5 -174 -5.5 -1 -177 -4 0
-1 -177 -4 4 -182 -6.5 0
-1 -177 -4 1 -184.5 -4 0
-9.5 -149.5 -5.5 -11 -154 -5.5 0
-11 -154 -5.5 -10.5 -158.5 -5.5 0
-10.5 -158.5 -5.5 -15.5 -160.5 -6 0
-15.5 -160.5 -6 -14 -163.5 -6 0
-11 -154 -5.5 -17.5 -161 -5.5 0
-17.5 -161 -5.5 -18 -167 -5.5 0
-18 -167 -5.5 -17 -173 -5.5 0
-17 -173 -5.5 -17 -175 -5.5 0
-17 -175 -5.5 -7.5 -178.5 -5 0
-17 -175 -5.5 -19 -180.5 -5 0
-19 -180.5 -5 -14.5 -183 -5 0
-14.5 -183 -5 -12.5 -191 -5 0
-12.5 -191 -5 -10 -195.5 -4.5 0
-10 -195.5 -4.5 -11.5 -199.5 -5 0
-11.5 -199.5 -5 -14.5 -201.5 -5 0
-11.5 -199.5 -5 -9.5 -202 -4.5 0
-10 -195.5 -4.5 -5 -198.5 -4.5 0
-5 -198.5 -4.5 -3 -198.5 -4 0
-3 -198.5 -4 0.5 -203.5 -4 0
-3 -198.5 -4 -0.5 -197.5 -4 0
-0.5 -197.5 -4 4.5 -200 -3.5 0
-0.5 -197.5 -4 -1.5 -196 -4 0
-6 -199.5 -7 -6 -203 -7 0
-6 -203 -7 -8.5 -205 -7 0
-14.5 -183 -5 -9 -185 -5.5 0
-9 -185 -5.5 -8 -187.5 -3.5 0
-8 -187.5 -3.5 -10.5 -187.5 -3.5 0
-8 -187.5 -3.5 -8 -190.5 -3.5 0
-8 -190.5 -3.5 -14 -195 -3.5 0
-8 -190.5 -3.5 -2 -194.5 -3.5 0
-19 -180.5 -5 -25 -183 -6.5 0
-25 -183 -6.5 -20 -186.5 -6.5 0
-20 -186.5 -6.5 -16 -187 -6.5 0
-16 -187 -6.5 -10.5 -193.5 -6.5 0
-25 -183 -6.5 -31.5 -185.5 -6.5 0
-31.5 -185.5 -6.5 -37.5 -185 -6.5 0
-37.5 -185 -6.5 -44 -188.5 -6.5 0
-44 -188.5 -6.5 -44 -193 -6 0
-37.5 -185 -6.5 -42 -182.5 -6.5 0
-17.5 -164.5 -3.5 -14.5 -168 -3.5 0
-17.5 -177.5 -4 -17.5 -182 -4 0
13.5 -39.5 1 12 -41.5 1 0
12 -41.5 1 1.5 -43 1 0
1.5 -43 1 -6 -46 0 0
-6 -46 0 0 -46 0.5 0
-6 -46 0 -19.5 -47.5 -1 0
-19.5 -47.5 -1 -24.5 -46 0 0
-24.5 -46 0 -24 -39 0.5 0
-24 -39 0.5 -22 -26.5 1.5 0
-22 -26.5 1.5 -30 -27 1.5 0
-30 -27 1.5 -35.5 -23 2.5 0
-22 -26.5 1.5 -27.5 -22.5 2 0
-27.5 -22.5 2 -29.5 -21 2 0
-29.5 -21 2 -24 -15 2 0
-27.5 -22.5 2 -16.5 -18 2 0
-24 -39 0.5 -10 -31.5 1 0
-10 -31.5 1 -15.5 -27.5 1.5 0
-15.5 -27.5 1.5 -11 -20 1.5 0
-10 -31.5 1 -2.5 -28 1 0
-2.5 -28 1 -5.5 -26.5 1 0
-2.5 -28 1 5 -26 1 0
5 -26 1 4.5 -20.5 1.5 0
-24.5 -46 0 -27.5 -46 0 0
-27.5 -46 0 -33 -46 0 0
-33 -46 0 -36 -39 0 0
-27.5 -46 0 -28.5 -48 0 0
-28.5 -48 0 -40.5 -50.5 0 0
-28.5 -48 0 -28.5 -49 0 0
-28.5 -49 0 -28 -52.5 0 0
-28.5 -49 0 -42 -56.5 0 0
12 -41.5 1 8 -46.5 -0.5 0
8 -46.5 -0.5 10 -50.5 -0.5 0
10 -50.5 -0.5 12 -51.5 -0.5 0
12 -51.5 -0.5 16 -49.5 0 0
8 -46.5 -0.5 2.5 -50 -0.5 0
2.5 -50 -0.5 -9 -54 2.5 0
-9 -54 2.5 -13 -50 3 0
-13 -50 3 -17 -48.5 3 0
-17 -48.5 3 -23.5 -48 3 0
-23.5 -48 3 -24 -41.5 3.5 0
-24 -41.5 3.5 -17.5 -36.5 4 0
-13 -50 3 -20.5 -53 3 0
-20.5 -53 3 -25.5 -55.5 2 0
-9 -54 2.5 -15 -60.5 2.5 0
-15 -60.5 2.5 -17.5 -64 2.5 0
-17.5 -64 2.5 -25.5 -63 1.5 0
-25.5 -63 1.5 -25 -58 2 0
-25.5 -63 1.5 -30.5 -61.5 1.5 0
-30.5 -61.5 1.5 -36.5 -65.5 1.5 0
-36.5 -65.5 1.5 -38.5 -67.5 2 0
-38.5 -67.5 2 -39 -75 2 0
-39 -75 2 -46.5 -79.5 1.5 0
-46.5 -79.5 1.5 -48.5 -76.5 1.5 0
-48.5 -76.5 1.5 -63.5 -81 1.5 0
-46.5 -79.5 1.5 -55 -90.5 0 0
-38.5 -67.5 2 -42 -69.5 1.5 0
-42 -69.5 1.5 -44.5 -66.5 1.5 0
-42 -69.5 1.5 -45.5 -73.5 1.5 0
-45.5 -73.5 1.5 -51 -74 1.5 0
-51 -74 1.5 -53 -77.5 1.5 0
-53 -77.5 1.5 -63 -81 1.5 0
-51 -74 1.5 -53.5 -73 1.5 0
-53.5 -73 1.5 -55 -66 2 0
-55 -66 2 -54.5 -61 1.5 0
-54.5 -61 1.5 -57.5 -52 2 0
-57.5 -52 2 -55.5 -50.5 2 0
-55.5 -50.5 2 -48.5 -54.5 3 0
-55.5 -50.5 2 -52.5 -46 2.5 0
-55 -66 2 -60 -62 2.5 0
-60 -62 2.5 -63.5 -58.5 3 0
-63.5 -58.5 3 -78 -62 4 0
-63.5 -58.5 3 -65 -55 3 0
-53.5 -73 1.5 -60.5 -73 2.5 0
-60.5 -73 2.5 -66.5 -65 3 0
-66.5 -65 3 -73 -67 3 0
-60.5 -73 2.5 -65.5 -74 2.5 0
-65.5 -74 2.5 -70 -77 2.5 0
-70 -77 2.5 -79 -74.5 2.5 0
-65.5 -74 2.5 -70.5 -72 2.5 0
-70.5 -72 2.5 -83.5 -80 1.5 0
-17.5 -64 2.5 -14.5 -75 0 0
-14.5 -75 0 -9 -79.5 -0.5 0
-9 -79.5 -0.5 -5.5 -84 0.5 0
-5.5 -84 0.5 4 -83 1.5 0
-14.5 -75 0 -14.5 -80 0 0
-14.5 -80 0 -21 -79.5 0 0
-21 -79.5 0 -24 -77 0.5 0
-24 -77 0.5 -28 -72 0.5 0
-28 -72 0.5 -28 -66.5 1 0
-28 -72 0.5 -31 -68.5 1 0
-31 -68.5 1 -34 -69.5 1 0
-24 -77 0.5 -33.5 -79.5 0 0
-33.5 -79.5 0 -37 -81.5 0 0
-37 -81.5 0 -43.5 -80 0 0
-43.5 -80 0 -49.5 -76.5 0 0
-37 -81.5 0 -44 -93 3 0
-21 -79.5 0 -27 -89.5 -0.5 0
-27 -89.5 -0.5 -34 -93 -0.5 0
-34 -93 -0.5 -48.5 -100 -0.5 0
-14.5 -80 0 -12.5 -86.5 0.5 0
-12.5 -86.5 0.5 -17 -92.5 0.5 0
-17 -92.5 0.5 -24.5 -95.5 0.5 0
-24.5 -95.5 0.5 -20.5 -103 -2.5 0
-20.5 -103 -2.5 -15 -100.5 -2 0
-15 -100.5 -2 -18 -110 -2 0
-18 -110 -2 -15.5 -119 -2 0
-20.5 -103 -2.5 -23.5 -107.5 -2 0
-23.5 -107.5 -2 -23 -115 0 0
-23 -115 0 -19.5 -121.5 -0.5 0
-19.5 -121.5 -0.5 -19 -125 0.5 0
-19.5 -121.5 -0.5 -26.5 -118 -0.5 0
-23.5 -107.5 -2 -29.5 -118 -1 0
-29.5 -118 -1 -29.5 -121.5 -1 0
-19.5 -126 3 -18.5 -123 3 0
-24.5 -95.5 0.5 -31.5 -99 0.5 0
-31.5 -99 0.5 -35 -96.5 1 0
-35 -96.5 1 -41 -101 1 0
-41 -101 1 -42 -98.5 2 0
-41 -101 1 -49 -107.5 1 0
-49 -107.5 1 -53 -105 1 0
-53 -105 1 -54.5 -108.5 1 0
-31.5 -99 0.5 -38.5 -110 0 0
-38.5 -110 0 -35.5 -113 0 0
-35.5 -113 0 -31.5 -115 1 0
-31.5 -115 1 -27 -117 2 0
-35.5 -113 0 -35 -124 0.5 0
-35 -124 0.5 -32.5 -126.5 0.5 0
-38.5 -110 0 -43 -117.5 0.5 0
-43 -117.5 0.5 -42 -127 1.5 0
-42 -127 1.5 -47 -135 0 0
-47 -135 0 -46.5 -141 -1 0
-46.5 -141 -1 -52 -153 -2 0
-46.5 -141 -1 -42 -147.5 -1 0
-42 -147.5 -1 -43 -153 -1 0
-43 -153 -1 -47.5 -154 -1 0
-47.5 -154 -1 -49.5 -157 -1.5 0
-42 -127 1.5 -38.5 -133.5 2 0
-38.5 -133.5 2 -32.5 -131.5 1.5 0
-32.5 -131.5 1.5 -25 -132 2 0
-25 -132 2 -19.5 -129 2.5 0
-19.5 -129 2.5 -19.5 -126 3 0
-19.5 -126 3 -25 -125.5 3.5 0
-25 -125.5 3.5 -29 -122 3.5 0
-38.5 -133.5 2 -36 -144 -1 0
-36 -144 -1 -21.5 -145 -1 0
-36 -144 -1 -35 -145.5 -3 0
-35 -145.5 -3 -32 -149 -2.5 0
-32 -149 -2.5 -32 -156 -2.5 0
-32 -149 -2.5 -29 -151.5 -2.5 0
-29 -151.5 -2.5 -22 -151.5 -0.5 0
-22 -151.5 -0.5 -17.5 -148 -1 0
-17.5 -148 -1 -17.5 -144.5 -1 0
-17.5 -144.5 -1 -20.5 -140 -1 0
-20.5 -140 -1 -21.5 -136 -1 0
-21.5 -136 -1 -18 -133 -1 0
-17.5 -144.5 -1 -15.5 -140.5 -2 0
-15.5 -140.5 -2 -17 -136 -2 0
-17 -136 -2 -15 -132.5 -2 0
-22 -151.5 -0.5 -17.5 -154.5 -4 0
-17.5 -154.5 -4 -16 -158 -4 0
-17.5 -154.5 -4 -14 -153 -4 0
-29 -151.5 -2.5 -29.5 -154 -2.5 0
-29.5 -154 -2.5 -23.5 -157.5 -1.5 0
-23.5 -157.5 -1.5 -21 -158.5 -1.5 0
-21 -158.5 -1.5 -17.5 -157.5 -1.5 0
-21 -158.5 -1.5 -17.5 -159.5 -1 0
-17.5 -159.5 -1 -11 -165.5 -1 0
-17.5 -159.5 -1 -19.5 -162 -0.5 0
-19.5 -162 -0.5 -17.5 -164.5 -3.5 0
-17.5 -164.5 -3.5 -12 -167.5 -3.5 0
-12 -167.5 -3.5 -7 -173 -3.5 0
-7 -173 -3.5 -4.5 -180 -3.5 0
-4.5 -180 -3.5 -1 -184 -3 0
-4.5 -180 -3.5 2 -181 -3.5 0
-3 -186 -3.5 0.5 -187.5 -6.5 0
-35 -145.5 -3 -37 -149 -3 0
-37 -149 -3 -38 -157 -3.5 0
-38 -157 -3.5 -43.5 -163.5 -4 0
-43.5 -163.5 -4 -47 -167.5 -4 0
-47 -167.5 -4 -48.5 -172 -4.5 0
-43.5 -163.5 -4 -41.5 -165.5 -4 0
-41.5 -165.5 -4 -36 -169 -4 0
-36 -169 -4 -31.5 -173 -4 0
-31.5 -173 -4 -31.5 -175.5 -5.5 0
-41.5 -165.5 -4 -41.5 -172 -4.5 0
-41.5 -172 -4.5 -35.5 -176.5 -3 0
-35.5 -176.5 -3 -35.5 -178.5 -2.5 0
-35.5 -178.5 -2.5 -30.5 -180.5 -1 0
-35.5 -178.5 -2.5 -45.5 -182 -1 0
-38 -157 -3.5 -34.5 -161.5 -3.5 0
-34.5 -161.5 -3.5 -31.5 -162.5 -5.5 0
-31.5 -162.5 -5.5 -25.5 -165.5 -5.5 0
-25.5 -165.5 -5.5 -20.5 -171.5 -5 0
-20.5 -171.5 -5 -17 -175.5 -5 0
-17 -175.5 -5 -12 -178 -5 0
-12 -178 -5 -7 -183 -4.5 0
-7 -183 -4.5 -3 -186 -3.5 0
-3 -186 -3.5 -3.5 -190 -3.5 0
-34.5 -161.5 -3.5 -33.5 -167 -4 0
-33.5 -167 -4 -29.5 -171 -5 0
-29.5 -171 -5 -27.5 -172.5 -4.5 0
-27.5 -172.5 -4.5 -27.5 -167 -4 0
-27.5 -172.5 -4.5 -25 -174 -4 0
-25 -174 -4 -26 -178.5 -4 0
-26 -178.5 -4 -25 -185 -4 0
-25 -174 -4 -21.5 -175 -4.5 0
-21.5 -175 -4.5 -17.5 -177.5 -4 0
-17.5 -177.5 -4 -11.5 -180.5 -3 0
-11.5 -180.5 -3 -6.5 -184.5 -3 0
-6.5 -184.5 -3 -4 -190 -2 0
-4 -190 -2 -2.5 -192 -7.5 0
-2.5 -192 -7.5 1 -193.5 -8 0
1 -193.5 -8 4 -195.5 -7 0
4 -195.5 -7 7.5 -196 -7 0
7.5 -196 -7 10 -197 -6.5 0
10 -197 -6.5 15.5 -197 -7 0
10 -197 -6.5 12 -203.5 -5.5 0
12 -203.5 -5.5 15.5 -209.5 -5 0
-2.5 -192 -7.5 -2.5 -196.5 -7.5 0
-2.5 -196.5 -7.5 -6 -199.5 -7 0
-6 -199.5 -7 -8 -197.5 -7 0
