0
30.2426
49.6478
3.80789
6.45012
4.48529
13.4241
2.0854
14.3423
2.03907
7.3997
3.88444
14.8928
3.286
14.7936
3.07007
8.3281
2.5
3.23512
6.51709
15.3401
3.66
3.14506
10.3187
3.49794
4.25611
19.8733
3.70255
9.21569
12.8413
4.05408
1.67765
1.80278
13.0049
3.69038
6.52913
5.23249
2.92438
21.1287
4.5326
3.67539
1.90234
4.30638
8.84876
2.02869
1.672
10.0724
7.32681
7.85573
2.32332
12.1851
2.31758
15.5551
22.9405
7.97041
13.2319
2.94399
8.51469
3.76269
3.00148
4.44618
13.9761
5.23249
2.38304
3.44158
5.59017
4.32391
2.75572
11.7786
8.05509
9.91073
3.8625
13.5392
4.39891
10.6774
5.33646
20.2783
5.33057
6.01984
4.63729
9.12019
6.84159
10.6116
8.08941
11.0467
11.7967
7.56432
9.36391
4.272
8.58885
4.12311
20.8474
6.72738
8.14737
5.66824
12.7424
4.67702
4.50321
7.1271
5.18052
8.44082
6.25089
5.07204
89.9821
6.67
18.0847
25.3329
7.72504
10.3642
6.58353
19.4727
8.35754
4.01976
19.9257
15.7543
3.79854
9.11882
12.953
19.3469
17.8616
5.74318
22.2713
3.58364
16.1888
1.4857
4.68236
9.56042
6.77157
32.197
13.7295
8.12942
11.0344
3.70482
28.0311
6.27579
19.2638
5.24485
8.94427
7.83546
20.0195
18.3098
8.72551
12.1328
16.4236
6.1236
6.60628
21.385
4.08385
8.62389
7.22008
4.25432
13.5125
6.08231
8.05817
8.41375
7.25185
8.18682
11.7102
14.3349
5.12361
10.5895
12.8742
12.8408
4.65072
11.6162
26.3375
10.8477
11.0638
11.3679
17.5255
11.6603
10.1724
19.8636
18.4202
8.34664
20.8779
8.45282
44.4173
13.7044
23.9324
17.7709
9.28591
19.2016
18.7856
28.3812
5.73308
23.2676
7.37267
11.488
13.8836
37.5043
29.0624
16.4273
23.6717
10.2475
6.31247
32.5322
11.0256
9.18784
8.65722
13.1109
6.75415
57.5877
7.32743
25.6854
8.66368
16.3239
10.4723
29.4415
8.87101
20.6804
13.731
13.0019
14.4668
9.34277
30.519
13.933
11.1245
19.9487
13.124
9.94235
13.7397
13.0713
16.4161
11.284
10.3208
10.7761
15.1959
4.77866
10.4031
8.96413
6.64184
7.8387
8.29145
28.803
18.1156
12.1264
6.51798
15.0418
8.03085
17.1669
5.60968
4.49555
16.6056
6.68839
12.7029
9.80021
10.1857
5.94933
6.34949
4.87025
25.9179
8.64658
18.2
10.8444
11.8566
12.5294
10.1827
8.60466
13.301
9.21044
14.0305
9.17497
14.8126
12.6598
6.35541
7.09865
6.64525
4.73193
6.05521
13.2406
7.725
5.54761
19.9311
6.40385
8.23711
6.76634
6.29312
9.21297
2.47746
13.5391
4.24199
3.67859
4.77244
7.98402
2.82843
3.30388
9.59678
5.30074
2.59915
41.8167
12.7979
9.03208
1.6216
7.72373
3.00426
3.50698
5.53492
3.00148
12.8339
6.48605
7.17388
7.07709
4.52769
9.03653
6.12581
7.07107
1.19817
4.95962
2.33
5.36549
2.23607
7.23992
2.40741
11.5203
1.80278
2.06039
51.3098
3.18399
4.28714
2.38933
7.16904
3.2816
2.59509
16.9727
3.78803
6.34804
3.33434
16.4364
11.6377
1.71432
11.5754
2.06155
4.63778
12.5926
2.13497
9.6086
2.39282
5.98341
8.79823
3.23438
16.5077
2.31398
3.74418
8.87379
3.70255
6.33228
3.23694
11.1059
6.57536
6.48528
4.37659
5.73102
2.60555
5.19066
2.01137
5.08312
9.59989
3.09821
3.286
3.69681
8.95114
2.03089
2.86667
14.4172
2.52169
2.87383
11.1012
4.52769
7.56641
2.1349
1.664
4.89989
2.69032
3.8625
2.95108
2.83452
4.70933
6.48605
2.38304
4.05572
9.51759
16.0196
8.01616
3.00426
8.00181
13.2287
3.70255
3.83595
8.79871
3.4335
5.0475
1.672
8.96489
5.06874
2.60726
26.7061
2.37394
3.38013
7.56048
1.17
5.66039
3.62108
5.38454
1.32231
6.00371
3.7421
14.6125
3.26974
2.22686
4.95626
2.60726
4.92443
2.11311
1.77138
6.95382
4.85341
2.50577
5.95689
2.40185
6.30256
2.17205
4.50728
3.29462
5.01283
3.83377
3.3541
2.03907
1.87115
2.17
1.5096
1.94124
5.52225
0.218209
1.26317
1.42088
3.01091
15.9081
32.2023
3.34631
11.5098
3.22008
4.72766
2.17665
7.2045
3.43431
13.301
3.75293
8.73149
4.17612
17.3401
4.50321
5.83933
3.50413
5.63791
13.1748
3.8625
11.4135
3.4335
4.82777
3.6967
2.07157
