-49.3608 54.4892 0.777483
-48.0787 54.4892 1.25707
-48.0787 57.0534 1.3914
-46.7966 40.3861 0.885912
-46.7966 41.6682 1.26559
-46.7966 42.9503 1.26559
-46.7966 44.2324 1.26559
-46.7966 45.5145 1.39215
-46.7966 46.7966 1.26559
-46.7966 48.0787 1.26559
-46.7966 49.3608 1.26559
-46.7966 50.6429 1.26559
-46.7966 51.925 1.26559
-46.7966 53.2071 1.26559
-46.7966 54.4892 2.62738
-46.7966 55.7713 1.26559
-46.7966 57.0534 3.25436
-45.5145 12.1799 0.506236
-45.5145 13.462 1.26559
-45.5145 14.7441 1.26559
-45.5145 16.0262 1.26559
-45.5145 17.3083 1.39215
-45.5145 18.5904 1.26559
-45.5145 19.8725 1.26559
-45.5145 21.1546 1.26559
-45.5145 22.4367 1.26559
-45.5145 23.7188 1.26559
-45.5145 25.0009 1.26559
-45.5145 26.283 1.26559
-45.5145 27.5651 1.39215
-45.5145 28.8472 1.26559
-45.5145 30.1293 1.26559
-45.5145 31.4114 1.26559
-45.5145 32.6935 1.26559
-45.5145 33.9756 1.26559
-45.5145 35.2577 1.26559
-45.5145 36.5398 1.39215
-45.5145 37.8219 1.26559
-45.5145 39.104 1.26559
-45.5145 40.3861 0.379677
-45.5145 54.4892 1.37698
-45.5145 57.0534 2.49604
-44.2324 3.20525 1.01247
-44.2324 4.48735 1.26559
-44.2324 5.76945 1.26559
-44.2324 7.05155 1.26559
-44.2324 8.33365 1.39215
-44.2324 9.61575 1.26559
-44.2324 10.8978 1.26559
-44.2324 12.1799 0.759353
-44.2324 39.104 0.511771
-44.2324 40.3861 1.27943
-44.2324 41.6682 1.27943
-44.2324 42.9503 1.27943
-44.2324 44.2324 1.27943
-44.2324 45.5145 1.27943
-44.2324 46.7966 1.27943
-44.2324 48.0787 1.27943
-44.2324 49.3608 1.27943
-44.2324 50.6429 1.27943
-44.2324 51.925 1.27943
-44.2324 53.2071 1.27943
-44.2324 54.4892 1.65365
-44.2324 55.7713 2.55107
-44.2324 57.0534 3.66033
-44.2324 59.6176 0.145918
-44.2324 62.1818 1.21872
-44.2324 63.4639 0.957725
-42.9503 13.462 0.511771
-42.9503 14.7441 1.27943
-42.9503 16.0262 1.27943
-42.9503 17.3083 1.27943
-42.9503 18.5904 1.27943
-42.9503 19.8725 1.27943
-42.9503 21.1546 1.27943
-42.9503 22.4367 1.27943
-42.9503 23.7188 1.27943
-42.9503 25.0009 1.27943
-42.9503 26.283 1.27943
-42.9503 27.5651 1.40737
-42.9503 28.8472 1.27943
-42.9503 30.1293 1.27943
-42.9503 31.4114 1.27943
-42.9503 32.6935 1.27943
-42.9503 33.9756 1.27943
-42.9503 35.2577 1.27943
-42.9503 36.5398 1.27943
-42.9503 37.8219 1.27943
-42.9503 39.104 0.767657
-42.9503 57.0534 2.6668
-42.9503 58.3355 0.123985
-42.9503 59.6176 2.86235
-42.9503 60.8997 1.05793
-42.9503 62.1818 0.193667
-42.9503 63.4639 1.29158
-41.6682 1.92315 0.511771
-41.6682 3.20525 1.27943
-41.6682 4.48735 1.27943
-41.6682 5.76945 1.27943
-41.6682 7.05155 1.27943
-41.6682 8.33365 1.27943
-41.6682 9.61575 1.27943
-41.6682 10.8978 1.27943
-41.6682 12.1799 1.27943
-41.6682 13.462 0.767657
-41.6682 55.7713 1.33643
-41.6682 57.0534 4.96595
-41.6682 58.3355 1.11587
-41.6682 60.8997 2.32143
-41.6682 63.4639 1.24046
-41.6682 66.0281 0.662195
-40.3861 32.6935 0.971962
-40.3861 33.9756 1.21495
-40.3861 35.2577 1.33645
-40.3861 36.5398 1.21495
-40.3861 37.8219 1.33645
-40.3861 39.104 1.21495
-40.3861 40.3861 1.33645
-40.3861 41.6682 1.21495
-40.3861 42.9503 1.33645
-40.3861 44.2324 1.25034
-40.3861 45.5145 1.27393
-40.3861 46.7966 1.27393
-40.3861 48.0787 1.40132
-40.3861 49.3608 1.27393
-40.3861 50.6429 1.27393
-40.3861 51.925 1.27393
-40.3861 53.2071 1.27393
-40.3861 54.4892 1.27393
-40.3861 55.7713 2.57659
-40.3861 57.0534 5.36739
-40.3861 58.3355 1.26386
-40.3861 59.6176 2.36525
-40.3861 60.8997 1.61003
-40.3861 63.4639 0.100899
-40.3861 64.746 1.31197
-40.3861 66.0281 1.19378
-39.104 7.05155 0.850467
-39.104 8.33365 1.33645
-39.104 9.61575 1.21495
-39.104 10.8978 1.33645
-39.104 12.1799 1.21495
-39.104 13.462 1.33645
-39.104 14.7441 1.33645
-39.104 16.0262 1.21495
-39.104 17.3083 1.33645
-39.104 18.5904 1.21495
-39.104 19.8725 1.33645
-39.104 21.1546 1.21495
-39.104 22.4367 1.33645
-39.104 23.7188 1.33645
-39.104 25.0009 1.21495
-39.104 26.283 1.33645
-39.104 27.5651 1.21495
-39.104 28.8472 1.33645
-39.104 30.1293 1.21495
-39.104 31.4114 1.33645
-39.104 32.6935 0.364486
-39.104 41.6682 0.499551
-39.104 42.9503 1.24888
-39.104 44.2324 1.37377
-39.104 45.5145 1.24888
-39.104 46.7966 1.27442
-39.104 48.0787 1.78905
-39.104 49.3608 2.55674
-39.104 50.6429 2.55674
-39.104 51.925 2.55674
-39.104 53.2071 2.55674
-39.104 54.4892 3.00456
-39.104 55.7713 3.97524
-39.104 57.0534 4.31979
-39.104 58.3355 1.27947
-39.104 59.6176 3.7505
-39.104 60.8997 1.27443
-39.104 64.746 2.42641
-39.104 66.0281 2.84965
-39.104 68.5923 0.518883
-37.8219 3.20525 0.485981
-37.8219 4.48735 1.33645
-37.8219 5.76945 1.33645
-37.8219 7.05155 0.364486
-37.8219 17.3083 0.749327
-37.8219 18.5904 1.24888
-37.8219 19.8725 1.24888
-37.8219 21.1546 2.39735
-37.8219 22.4367 2.52835
-37.8219 23.7188 2.52835
-37.8219 25.0009 2.52835
-37.8219 26.283 2.65324
-37.8219 27.5651 2.52835
-37.8219 28.8472 2.52835
-37.8219 30.1293 2.65324
-37.8219 31.4114 2.52835
-37.8219 32.6935 2.52835
-37.8219 33.9756 2.52835
-37.8219 35.2577 2.65324
-37.8219 36.5398 3.16228
-37.8219 37.8219 3.7962
-37.8219 39.104 4.68453
-37.8219 40.3861 5.06719
-37.8219 41.6682 4.69442
-37.8219 42.9503 3.81831
-37.8219 44.2324 3.81831
-37.8219 45.5145 3.81831
-37.8219 46.7966 3.81831
-37.8219 48.0787 3.30652
-37.8219 49.3608 2.66593
-37.8219 50.6429 2.53883
-37.8219 51.925 2.66562
-37.8219 53.2071 3.66198
-37.8219 54.4892 5.3399
-37.8219 55.7713 2.60703
-37.8219 57.0534 2.59517
-37.8219 58.3355 1.26785
-37.8219 59.6176 3.37226
-37.8219 60.8997 1.91536
-37.8219 62.1818 1.39463
-37.8219 63.4639 3.06001
-37.8219 64.746 0.962835
-37.8219 66.0281 1.34161
-37.8219 68.5923 1.2625
-37.8219 69.8744 0.839654
-36.5398 3.20525 0.624439
-36.5398 4.48735 1.50477
-36.5398 5.76945 2.52835
-36.5398 7.05155 3.28716
-36.5398 8.33365 3.7962
-36.5398 9.61575 3.92299
-36.5398 10.8978 4.81299
-36.5398 12.1799 5.19207
-36.5398 13.462 5.06719
-36.5398 14.7441 5.06719
-36.5398 16.0262 5.06719
-36.5398 17.3083 4.44275
-36.5398 18.5904 3.81831
-36.5398 19.8725 3.94509
-36.5398 21.1546 2.79473
-36.5398 22.4367 2.66593
-36.5398 23.7188 2.53883
-36.5398 25.0009 2.53883
-36.5398 26.283 2.53883
-36.5398 27.5651 2.53883
-36.5398 28.8472 3.54988
-36.5398 30.1293 3.92943
-36.5398 31.4114 3.80265
-36.5398 32.6935 3.80265
-36.5398 33.9756 3.80265
-36.5398 35.2577 3.92903
-36.5398 36.5398 3.29582
-36.5398 37.8219 2.5348
-36.5398 39.104 1.8993
-36.5398 40.3861 1.7732
-36.5398 41.6682 2.66028
-36.5398 42.9503 2.78283
-36.5398 44.2324 3.77665
-36.5398 45.5145 3.77665
-36.5398 46.7966 3.90088
-36.5398 48.0787 3.78646
-36.5398 49.3608 3.92054
-36.5398 50.6429 4.04476
-36.5398 51.925 3.793
-36.5398 53.2071 5.8124
-36.5398 54.4892 7.04306
-36.5398 55.7713 5.86519
-36.5398 57.0534 4.69121
-36.5398 58.3355 5.41633
-36.5398 59.6176 3.86482
-36.5398 60.8997 2.40624
-36.5398 62.1818 2.4829
-36.5398 63.4639 2.11836
-36.5398 64.746 1.26333
-36.5398 66.0281 3.80998
-36.5398 67.3102 2.11293
-36.5398 68.5923 1.67067
-36.5398 69.8744 1.30365
-35.2577 1.92315 0.381295
-35.2577 3.20525 2.66118
-35.2577 4.48735 2.5348
-35.2577 5.76945 3.16872
-35.2577 7.05155 3.16872
-35.2577 8.33365 2.5348
-35.2577 9.61575 2.66189
-35.2577 10.8978 1.64439
-35.2577 12.1799 1.26381
-35.2577 13.462 1.26381
-35.2577 14.7441 1.88495
-35.2577 16.0262 4.01518
-35.2577 17.3083 3.76506
-35.2577 18.5904 3.89144
-35.2577 19.8725 3.88929
-35.2577 21.1546 4.23545
-35.2577 22.4367 5.18454
-35.2577 23.7188 5.18287
-35.2577 25.0009 5.05864
-35.2577 26.283 5.05864
-35.2577 27.5651 5.30925
-35.2577 28.8472 4.17349
-35.2577 30.1293 3.67723
-35.2577 31.4114 3.91905
-35.2577 32.6935 3.79483
-35.2577 33.9756 3.79483
-35.2577 35.2577 4.04495
-35.2577 36.5398 3.79483
-35.2577 37.8219 3.79483
-35.2577 39.104 3.91905
-35.2577 40.3861 3.29124
-35.2577 41.6682 2.54539
-35.2577 42.9503 2.38938
-35.2577 44.2324 1.27133
-35.2577 45.5145 1.76816
-35.2577 46.7966 2.5134
-35.2577 48.0787 2.65035
-35.2577 49.3608 2.54525
-35.2577 50.6429 2.54525
-35.2577 51.925 3.81995
-35.2577 53.2071 6.34779
-35.2577 54.4892 4.72462
-35.2577 55.7713 5.10466
-35.2577 57.0534 5.55131
-35.2577 58.3355 7.22409
-35.2577 59.6176 3.61449
-35.2577 60.8997 5.05156
-35.2577 62.1818 3.93553
-35.2577 63.4639 6.33041
-35.2577 64.746 3.80937
-35.2577 66.0281 6.96631
-35.2577 67.3102 7.51723
-35.2577 68.5923 3.9706
-35.2577 69.8744 1.54675
-33.9756 3.20525 0.478692
-33.9756 4.48735 2.55255
-33.9756 5.76945 2.55255
-33.9756 7.05155 3.6706
-33.9756 8.33365 3.91905
-33.9756 9.61575 3.92072
-33.9756 10.8978 3.79483
-33.9756 12.1799 3.91905
-33.9756 13.462 3.79483
-33.9756 14.7441 3.17369
-33.9756 16.0262 1.17598
-33.9756 17.3083 1.29358
-33.9756 18.5904 1.29358
-33.9756 19.8725 1.29358
-33.9756 21.1546 0.823188
-33.9756 22.4367 0.124207
-33.9756 23.7188 1.87942
-33.9756 25.0009 2.64098
-33.9756 26.283 2.51677
-33.9756 27.5651 2.89525
-33.9756 28.8472 3.90258
-33.9756 30.1293 3.77838
-33.9756 31.4114 3.77838
-33.9756 32.6935 4.02874
-33.9756 33.9756 4.79699
-33.9756 35.2577 5.05144
-33.9756 36.5398 5.17565
-33.9756 37.8219 5.17874
-33.9756 39.104 5.1776
-33.9756 40.3861 5.17565
-33.9756 41.6682 5.05144
-33.9756 42.9503 5.17749
-33.9756 44.2324 6.43617
-33.9756 45.5145 5.94118
-33.9756 46.7966 5.19605
-33.9756 48.0787 5.06989
-33.9756 49.3608 5.06989
-33.9756 50.6429 5.06989
-33.9756 51.925 4.04871
-33.9756 53.2071 6.60035
-33.9756 54.4892 4.22398
-33.9756 55.7713 5.73322
-33.9756 57.0534 3.81491
-33.9756 58.3355 9.0078
-33.9756 59.6176 2.93899
-33.9756 60.8997 4.50813
-33.9756 62.1818 2.4055
-33.9756 63.4639 3.41909
-33.9756 64.746 1.28126
-33.9756 66.0281 2.3573
-33.9756 67.3102 1.26898
-33.9756 68.5923 2.9242
-33.9756 71.1565 1.46808
-32.6935 3.20525 0.248414
-32.6935 4.48735 1.24207
-32.6935 5.76945 1.36628
-32.6935 7.05155 2.76353
-32.6935 8.33365 5.05144
-32.6935 9.61575 5.30181
-32.6935 10.8978 5.05144
-32.6935 12.1799 5.30354
-32.6935 13.462 6.43617
-32.6935 14.7441 6.43943
-32.6935 16.0262 6.31196
-32.6935 17.3083 6.68838
-32.6935 18.5904 6.31196
-32.6935 19.8725 6.31196
-32.6935 21.1546 6.43617
-32.6935 22.4367 6.31506
-32.6935 23.7188 4.55859
-32.6935 25.0009 3.92135
-32.6935 26.283 3.79519
-32.6935 27.5651 3.41671
-32.6935 28.8472 2.53358
-32.6935 30.1293 2.53358
-32.6935 31.4114 3.41686
-32.6935 32.6935 4.04543
-32.6935 33.9756 4.91428
-32.6935 35.2577 5.04337
-32.6935 36.5398 5.04337
-32.6935 37.8219 6.65654
-32.6935 39.104 6.27938
-32.6935 40.3861 6.53016
-32.6935 41.6682 7.2943
-32.6935 42.9503 8.81323
-32.6935 44.2324 7.68651
-32.6935 45.5145 7.60516
-32.6935 46.7966 7.73916
-32.6935 48.0787 7.74987
-32.6935 49.3608 7.64588
-32.6935 50.6429 7.64588
-32.6935 51.925 9.42632
-32.6935 53.2071 13.5195
-32.6935 54.4892 7.40908
-32.6935 55.7713 6.04298
-32.6935 57.0534 1.27181
-32.6935 58.3355 7.12487
-32.6935 59.6176 1.88058
-32.6935 60.8997 0.657705
-32.6935 62.1818 3.05631
-32.6935 63.4639 4.93193
-32.6935 64.746 3.95543
-32.6935 66.0281 7.0359
-32.6935 67.3102 4.64011
-32.6935 68.5923 5.65809
-32.6935 69.8744 1.38933
-32.6935 71.1565 3.03947
-31.4114 1.92315 0.252104
-31.4114 3.20525 1.38657
-31.4114 4.48735 1.26052
-31.4114 5.76945 1.26052
-31.4114 7.05155 2.52918
-31.4114 8.33365 3.28468
-31.4114 9.61575 4.53844
-31.4114 10.8978 6.65384
-31.4114 12.1799 7.41404
-31.4114 13.462 6.40204
-31.4114 14.7441 6.5293
-31.4114 16.0262 6.40465
-31.4114 17.3083 6.40204
-31.4114 18.5904 6.27844
-31.4114 19.8725 6.40334
-31.4114 21.1546 6.528
-31.4114 22.4367 6.27844
-31.4114 23.7188 6.52825
-31.4114 25.0009 6.40334
-31.4114 26.283 6.40562
-31.4114 27.5651 6.40204
-31.4114 28.8472 6.5293
-31.4114 30.1293 7.78949
-31.4114 31.4114 6.78246
-31.4114 32.6935 7.03211
-31.4114 33.9756 7.13585
-31.4114 35.2577 6.38011
-31.4114 36.5398 6.63043
-31.4114 37.8219 6.4214
-31.4114 39.104 6.42
-31.4114 40.3861 6.2978
-31.4114 41.6682 5.66424
-31.4114 42.9503 3.77697
-31.4114 44.2324 4.02671
-31.4114 45.5145 3.77697
-31.4114 46.7966 4.6595
-31.4114 48.0787 5.17091
-31.4114 49.3608 5.16638
-31.4114 50.6429 5.04419
-31.4114 51.925 8.14299
-31.4114 53.2071 9.55082
-31.4114 54.4892 9.84429
-31.4114 55.7713 9.41886
-31.4114 57.0534 9.37074
-31.4114 58.3355 9.42176
-31.4114 59.6176 10.8858
-31.4114 60.8997 7.15605
-31.4114 62.1818 7.57161
-31.4114 63.4639 5.86986
-31.4114 64.746 2.54263
-31.4114 66.0281 4.2485
-31.4114 67.3102 1.39394
-31.4114 68.5923 4.42651
-31.4114 69.8744 3.27378
-31.4114 71.1565 2.82589
-30.1293 1.92315 0.631024
-30.1293 3.20525 2.87829
-30.1293 4.48735 4.38084
-30.1293 5.76945 5.89462
-30.1293 7.05155 7.64534
-30.1293 8.33365 7.12595
-30.1293 9.61575 5.62389
-30.1293 10.8978 4.13703
-30.1293 12.1799 3.77697
-30.1293 13.462 3.89917
-30.1293 14.7441 3.77697
-30.1293 16.0262 3.89917
-30.1293 17.3083 4.65984
-30.1293 18.5904 5.28654
-30.1293 19.8725 5.03822
-30.1293 21.1546 6.17418
-30.1293 22.4367 6.43297
-30.1293 23.7188 6.79539
-30.1293 25.0009 7.65743
-30.1293 26.283 7.77609
-30.1293 27.5651 7.65803
-30.1293 28.8472 7.6535
-30.1293 30.1293 6.51878
-30.1293 31.4114 7.76074
-30.1293 32.6935 6.63246
-30.1293 33.9756 5.14479
-30.1293 35.2577 5.5189
-30.1293 36.5398 6.16428
-30.1293 37.8219 5.26189
-30.1293 39.104 5.13699
-30.1293 40.3861 5.13517
-30.1293 41.6682 6.28233
-30.1293 42.9503 7.91741
-30.1293 44.2324 7.54287
-30.1293 45.5145 7.56841
-30.1293 46.7966 7.08377
-30.1293 48.0787 6.32673
-30.1293 49.3608 6.6945
-30.1293 50.6429 8.06586
-30.1293 51.925 7.78173
-30.1293 53.2071 6.48513
-30.1293 54.4892 9.38626
-30.1293 55.7713 6.39326
-30.1293 57.0534 6.46975
-30.1293 58.3355 5.60631
-30.1293 59.6176 9.25451
-30.1293 60.8997 5.98877
-30.1293 62.1818 6.79501
-30.1293 63.4639 6.43024
-30.1293 64.746 3.35655
-30.1293 66.0281 6.68628
-30.1293 67.3102 4.83117
-30.1293 68.5923 4.07055
-30.1293 69.8744 3.31913
-28.8472 4.48735 1.34846
-28.8472 5.76945 1.352
-28.8472 7.05155 2.61324
-28.8472 8.33365 5.13647
-28.8472 9.61575 6.40561
-28.8472 10.8978 7.29217
-28.8472 12.1799 6.77892
-28.8472 13.462 7.66923
-28.8472 14.7441 7.54664
-28.8472 16.0262 8.42237
-28.8472 17.3083 7.92124
-28.8472 18.5904 7.79218
-28.8472 19.8725 7.66728
-28.8472 21.1546 6.77743
-28.8472 22.4367 6.53048
-28.8472 23.7188 6.27493
-28.8472 25.0009 6.3702
-28.8472 26.283 6.3702
-28.8472 27.5651 6.50031
-28.8472 28.8472 6.3702
-28.8472 30.1293 6.3702
-28.8472 31.4114 6.15841
-28.8472 32.6935 6.40649
-28.8472 33.9756 6.53223
-28.8472 35.2577 6.1514
-28.8472 36.5398 5.77956
-28.8472 37.8219 6.53923
-28.8472 39.104 6.41194
-28.8472 40.3861 6.54574
-28.8472 41.6682 5.14219
-28.8472 42.9503 3.88165
-28.8472 44.2324 4.63778
-28.8472 45.5145 6.37225
-28.8472 46.7966 6.4948
-28.8472 48.0787 6.30606
-28.8472 49.3608 6.18602
-28.8472 50.6429 6.50667
-28.8472 51.925 6.4662
-28.8472 53.2071 5.10568
-28.8472 54.4892 7.78215
-28.8472 55.7713 6.26528
-28.8472 57.0534 3.42591
-28.8472 58.3355 3.77611
-28.8472 59.6176 3.27276
-28.8472 60.8997 2.34416
-28.8472 62.1818 2.69335
-28.8472 63.4639 1.67557
-28.8472 64.746 2.2442
-28.8472 66.0281 3.40291
-28.8472 67.3102 3.29669
-28.8472 68.5923 3.17512
-28.8472 69.8744 1.48878
-27.5651 4.48735 0.378972
-27.5651 5.76945 3.65323
-27.5651 7.05155 6.51936
-27.5651 8.33365 6.90412
-27.5651 9.61575 6.40469
-27.5651 10.8978 5.01103
-27.5651 12.1799 4.87651
-27.5651 13.462 4.24251
-27.5651 14.7441 5.01909
-27.5651 16.0262 4.63614
-27.5651 17.3083 4.4894
-27.5651 18.5904 5.48499
-27.5651 19.8725 6.61144
-27.5651 21.1546 6.48483
-27.5651 22.4367 6.36328
-27.5651 23.7188 6.24475
-27.5651 25.0009 5.04286
-27.5651 26.283 5.16441
-27.5651 27.5651 5.04286
-27.5651 28.8472 5.29102
-27.5651 30.1293 5.04286
-27.5651 31.4114 4.01208
-27.5651 32.6935 3.88405
-27.5651 33.9756 3.7625
-27.5651 35.2577 3.88405
-27.5651 36.5398 2.99397
-27.5651 37.8219 3.11372
-27.5651 39.104 4.91209
-27.5651 40.3861 5.16149
-27.5651 41.6682 5.92193
-27.5651 42.9503 6.43185
-27.5651 44.2324 5.55569
-27.5651 45.5145 4.97304
-27.5651 46.7966 6.49733
-27.5651 48.0787 6.49533
-27.5651 49.3608 6.36936
-27.5651 50.6429 9.42579
-27.5651 51.925 7.25711
-27.5651 53.2071 5.099
-27.5651 54.4892 7.57184
-27.5651 55.7713 8.19883
-27.5651 57.0534 5.09956
-27.5651 58.3355 7.45349
-27.5651 59.6176 8.60796
-27.5651 60.8997 7.94381
-27.5651 62.1818 4.63165
-27.5651 63.4639 6.13894
-27.5651 64.746 6.25786
-27.5651 66.0281 4.88528
-27.5651 67.3102 5.0263
-27.5651 68.5923 6.00423
-27.5651 69.8744 1.35431
-27.5651 78.8491 0.525506
-26.283 3.20525 0.50566
-26.283 4.48735 2.49587
-26.283 5.76945 2.60745
-26.283 7.05155 2.48162
-26.283 8.33365 3.49979
-26.283 9.61575 3.7625
-26.283 10.8978 4.01066
-26.283 12.1799 4.52394
-26.283 13.462 4.65802
-26.283 14.7441 4.65008
-26.283 16.0262 5.79502
-26.283 17.3083 7.06567
-26.283 18.5904 5.95653
-26.283 19.8725 5.19622
-26.283 21.1546 5.19547
-26.283 22.4367 5.32644
-26.283 23.7188 6.35121
-26.283 25.0009 6.47643
-26.283 26.283 6.35121
-26.283 27.5651 6.47718
-26.283 28.8472 6.60411
-26.283 30.1293 8.25259
-26.283 31.4114 8.89482
-26.283 32.6935 8.89482
-26.283 33.9756 9.14865
-26.283 35.2577 9.02004
-26.283 36.5398 8.89482
-26.283 37.8219 8.63734
-26.283 39.104 6.46436
-26.283 40.3861 6.9542
-26.283 41.6682 6.80379
-26.283 42.9503 6.43405
-26.283 44.2324 6.42812
-26.283 45.5145 5.41021
-26.283 46.7966 3.76527
-26.283 48.0787 3.88744
-26.283 49.3608 3.76527
-26.283 50.6429 6.42389
-26.283 51.925 3.76527
-26.283 53.2071 4.06028
-26.283 54.4892 3.94855
-26.283 55.7713 7.6784
-26.283 57.0534 2.67551
-26.283 58.3355 5.66242
-26.283 59.6176 5.98191
-26.283 60.8997 3.82804
-26.283 62.1818 2.54871
-26.283 63.4639 5.23002
-26.283 64.746 4.41665
-26.283 66.0281 3.74741
-26.283 67.3102 4.32962
-26.283 68.5923 9.05124
-26.283 69.8744 1.33031
-26.283 78.8491 1.2064
-25.0009 3.20525 1.89147
-25.0009 4.48735 2.53074
-25.0009 5.76945 4.43451
-25.0009 7.05155 6.35587
-25.0009 8.33365 7.6351
-25.0009 9.61575 8.64288
-25.0009 10.8978 9.02004
-25.0009 12.1799 8.38138
-25.0009 13.462 9.08483
-25.0009 14.7441 8.06958
-25.0009 16.0262 7.05047
-25.0009 17.3083 5.04624
-25.0009 18.5904 5.1684
-25.0009 19.8725 5.17269
-25.0009 21.1546 5.1684
-25.0009 22.4367 4.79004
-25.0009 23.7188 3.88744
-25.0009 25.0009 3.76527
-25.0009 26.283 3.88744
-25.0009 27.5651 3.89318
-25.0009 28.8472 3.76099
-25.0009 30.1293 3.87554
-25.0009 31.4114 3.97346
-25.0009 32.6935 3.84751
-25.0009 33.9756 4.22996
-25.0009 35.2577 5.12592
-25.0009 36.5398 5.12485
-25.0009 37.8219 6.32099
-25.0009 39.104 7.32692
-25.0009 40.3861 7.22894
-25.0009 41.6682 6.49011
-25.0009 42.9503 6.62048
-25.0009 44.2324 7.67794
-25.0009 45.5145 7.58258
-25.0009 46.7966 7.58258
-25.0009 48.0787 7.83967
-25.0009 49.3608 9.87616
-25.0009 50.6429 12.5443
-25.0009 51.925 10.2921
-25.0009 53.2071 11.6208
-25.0009 54.4892 11.3083
-25.0009 55.7713 12.4388
-25.0009 57.0534 12.2511
-25.0009 58.3355 9.13262
-25.0009 59.6176 10.3209
-25.0009 60.8997 9.90465
-25.0009 62.1818 5.3304
-25.0009 63.4639 7.68266
-25.0009 64.746 7.9796
-25.0009 66.0281 2.61134
-25.0009 67.3102 5.59256
-25.0009 68.5923 9.8693
-25.0009 69.8744 3.76632
-25.0009 76.2849 0.281826
-25.0009 78.8491 1.36281
-25.0009 80.1312 1.36209
-23.7188 3.20525 0.255681
-23.7188 4.48735 2.26431
-23.7188 5.76945 2.51079
-23.7188 7.05155 3.73352
-23.7188 8.33365 5.34301
-23.7188 9.61575 6.20114
-23.7188 10.8978 6.56639
-23.7188 12.1799 6.5745
-23.7188 13.462 6.49011
-23.7188 14.7441 6.24702
-23.7188 16.0262 6.36687
-23.7188 17.3083 6.74328
-23.7188 18.5904 7.63992
-23.7188 19.8725 7.88274
-23.7188 21.1546 7.63274
-23.7188 22.4367 7.63614
-23.7188 23.7188 8.89966
-23.7188 25.0009 10.4516
-23.7188 26.283 11.4976
-23.7188 27.5651 11.4906
-23.7188 28.8472 11.4976
-23.7188 30.1293 11.014
-23.7188 31.4114 10.1423
-23.7188 32.6935 11.2693
-23.7188 33.9756 11.1368
-23.7188 35.2577 10.2378
-23.7188 36.5398 10.3614
-23.7188 37.8219 8.91948
-23.7188 39.104 8.09335
-23.7188 40.3861 7.80488
-23.7188 41.6682 7.55792
-23.7188 42.9503 7.80705
-23.7188 44.2324 6.29204
-23.7188 45.5145 6.539
-23.7188 46.7966 7.03982
-23.7188 48.0787 8.24809
-23.7188 49.3608 6.64019
-23.7188 50.6429 7.8887
-23.7188 51.925 6.38649
-23.7188 53.2071 6.52205
-23.7188 54.4892 6.3958
-23.7188 55.7713 4.3669
-23.7188 57.0534 3.46063
-23.7188 58.3355 4.94887
-23.7188 59.6176 4.84652
-23.7188 60.8997 4.33122
-23.7188 62.1818 2.55055
-23.7188 63.4639 5.07104
-23.7188 64.746 3.8471
-23.7188 66.0281 4.3069
-23.7188 67.3102 7.69438
-23.7188 68.5923 4.39024
-23.7188 69.8744 1.96738
-23.7188 72.4386 1.1383
-23.7188 73.7207 1.26477
-23.7188 75.0028 1.26477
-23.7188 76.2849 1.99073
-23.7188 77.567 2.32635
-23.7188 78.8491 2.07136
-23.7188 80.1312 1.31978
-22.4367 3.20525 0.239693
-22.4367 4.48735 1.43197
-22.4367 5.76945 3.55069
-22.4367 7.05155 4.80619
-22.4367 8.33365 6.35654
-22.4367 9.61575 8.27693
-22.4367 10.8978 9.17076
-22.4367 12.1799 8.54353
-22.4367 13.462 8.01997
-22.4367 14.7441 7.65403
-22.4367 16.0262 7.77853
-22.4367 17.3083 7.27633
-22.4367 18.5904 6.49973
-22.4367 19.8725 6.38815
-22.4367 21.1546 6.38606
-22.4367 22.4367 7.2497
-22.4367 23.7188 6.49423
-22.4367 25.0009 4.94007
-22.4367 26.283 3.89298
-22.4367 27.5651 3.89287
-22.4367 28.8472 3.76835
-22.4367 30.1293 2.61923
-22.4367 31.4114 2.61619
-22.4367 32.6935 1.7444
-22.4367 33.9756 1.2463
-22.4367 35.2577 1.37093
-22.4367 36.5398 1.2463
-22.4367 37.8219 2.50812
-22.4367 39.104 2.63275
-22.4367 40.3861 2.50812
-22.4367 41.6682 2.88367
-22.4367 42.9503 5.2668
-22.4367 44.2324 5.14048
-22.4367 45.5145 5.01585
-22.4367 46.7966 4.39407
-22.4367 48.0787 5.43787
-22.4367 49.3608 4.02567
-22.4367 50.6429 8.56166
-22.4367 51.925 9.4511
-22.4367 53.2071 10.6455
-22.4367 54.4892 9.5563
-22.4367 55.7713 7.66563
-22.4367 57.0534 6.46248
-22.4367 58.3355 8.43664
-22.4367 59.6176 7.59929
-22.4367 60.8997 5.32086
-22.4367 62.1818 6.60268
-22.4367 63.4639 8.59132
-22.4367 64.746 6.42501
-22.4367 66.0281 7.9519
-22.4367 67.3102 7.05983
-22.4367 68.5923 3.62034
-22.4367 69.8744 3.87698
-22.4367 71.1565 2.53299
-22.4367 72.4386 1.87943
-22.4367 73.7207 1.27376
-22.4367 75.0028 1.27376
-22.4367 76.2849 1.27376
-22.4367 77.567 2.60255
-22.4367 78.8491 1.27376
-22.4367 80.1312 0.899092
-21.1546 8.33365 1.12167
-21.1546 9.61575 1.6233
-21.1546 10.8978 2.50812
-21.1546 12.1799 3.3815
-21.1546 13.462 3.88199
-21.1546 14.7441 3.88044
-21.1546 16.0262 3.88057
-21.1546 17.3083 3.75581
-21.1546 18.5904 5.60251
-21.1546 19.8725 6.41244
-21.1546 21.1546 7.17119
-21.1546 22.4367 6.80627
-21.1546 23.7188 7.45657
-21.1546 25.0009 7.69622
-21.1546 26.283 7.68633
-21.1546 27.5651 7.93972
-21.1546 28.8472 7.69763
-21.1546 30.1293 7.69622
-21.1546 31.4114 8.31609
-21.1546 32.6935 9.69706
-21.1546 33.9756 11.8405
-21.1546 35.2577 11.4713
-21.1546 36.5398 11.4734
-21.1546 37.8219 10.3381
-21.1546 39.104 11.9644
-21.1546 40.3861 14.1394
-21.1546 41.6682 14.7473
-21.1546 42.9503 13.671
-21.1546 44.2324 12.911
-21.1546 45.5145 12.7902
-21.1546 46.7966 12.6647
-21.1546 48.0787 16.6291
-21.1546 49.3608 12.5017
-21.1546 50.6429 13.3918
-21.1546 51.925 12.56
-21.1546 53.2071 11.5583
-21.1546 54.4892 14.0008
-21.1546 55.7713 8.13811
-21.1546 57.0534 6.47304
-21.1546 58.3355 7.86508
-21.1546 59.6176 10.1138
-21.1546 60.8997 5.71214
-21.1546 62.1818 6.42383
-21.1546 63.4639 5.29651
-21.1546 64.746 3.37406
-21.1546 66.0281 4.51522
-21.1546 67.3102 7.07065
-21.1546 68.5923 1.01678
-21.1546 69.8744 1.31882
-21.1546 72.4386 1.27788
-21.1546 75.0028 0.684016
-21.1546 77.567 1.29324
-19.8725 3.20525 0.883274
-19.8725 4.48735 1.26182
-19.8725 5.76945 2.64766
-19.8725 7.05155 5.12582
-19.8725 8.33365 8.71158
-19.8725 9.61575 9.73638
-19.8725 10.8978 11.727
-19.8725 12.1799 11.9945
-19.8725 13.462 12.3731
-19.8725 14.7441 12.7404
-19.8725 16.0262 13.4899
-19.8725 17.3083 14.137
-19.8725 18.5904 12.2775
-19.8725 19.8725 12.361
-19.8725 21.1546 11.9853
-19.8725 22.4367 11.6048
-19.8725 23.7188 10.5777
-19.8725 25.0009 10.2136
-19.8725 26.283 10.2146
-19.8725 27.5651 10.3363
-19.8725 28.8472 10.3412
-19.8725 30.1293 11.3671
-19.8725 31.4114 12.272
-19.8725 32.6935 10.6437
-19.8725 33.9756 11.6058
-19.8725 35.2577 11.4919
-19.8725 36.5398 11.7347
-19.8725 37.8219 11.3675
-19.8725 39.104 10.5903
-19.8725 40.3861 12.5975
-19.8725 41.6682 11.5976
-19.8725 42.9503 12.8667
-19.8725 44.2324 11.3708
-19.8725 45.5145 11.6598
-19.8725 46.7966 11.4336
-19.8725 48.0787 12.8753
-19.8725 49.3608 11.9217
-19.8725 50.6429 13.6481
-19.8725 51.925 9.88573
-19.8725 53.2071 8.11257
-19.8725 54.4892 12.1701
-19.8725 55.7713 6.38366
-19.8725 57.0534 7.65744
-19.8725 58.3355 8.69343
-19.8725 59.6176 8.23224
-19.8725 60.8997 9.95536
-19.8725 62.1818 4.31207
-19.8725 63.4639 6.607
-19.8725 64.746 3.54012
-19.8725 66.0281 2.665
-19.8725 67.3102 4.75078
-19.8725 68.5923 5.56485
-19.8725 69.8744 1.60515
-19.8725 71.1565 2.21807
-19.8725 72.4386 2.61503
-19.8725 73.7207 3.39572
-19.8725 75.0028 3.50843
-19.8725 76.2849 1.27108
-19.8725 77.567 0.869066
-18.5904 1.92315 0.639154
-18.5904 3.20525 2.30178
-18.5904 4.48735 2.94047
-18.5904 5.76945 5.72488
-18.5904 7.05155 7.17293
-18.5904 8.33365 9.08873
-18.5904 9.61575 10.2067
-18.5904 10.8978 9.96528
-18.5904 12.1799 10.7162
-18.5904 13.462 12.1882
-18.5904 14.7441 11.4567
-18.5904 16.0262 11.9284
-18.5904 17.3083 11.5558
-18.5904 18.5904 11.564
-18.5904 19.8725 10.9088
-18.5904 21.1546 10.1754
-18.5904 22.4367 10.173
-18.5904 23.7188 10.2776
-18.5904 25.0009 10.4125
-18.5904 26.283 10.2882
-18.5904 27.5651 10.173
-18.5904 28.8472 10.1622
-18.5904 30.1293 10.7647
-18.5904 31.4114 10.4825
-18.5904 32.6935 11.3689
-18.5904 33.9756 9.2635
-18.5904 35.2577 10.1535
-18.5904 36.5398 10.5155
-18.5904 37.8219 11.625
-18.5904 39.104 10.7752
-18.5904 40.3861 6.73612
-18.5904 41.6682 6.6424
-18.5904 42.9503 7.5128
-18.5904 44.2324 7.28354
-18.5904 45.5145 7.54891
-18.5904 46.7966 8.79759
-18.5904 48.0787 10.8317
-18.5904 49.3608 10.0999
-18.5904 50.6429 11.4857
-18.5904 51.925 7.68891
-18.5904 53.2071 6.37213
-18.5904 54.4892 13.9897
-18.5904 55.7713 3.81756
-18.5904 57.0534 2.54379
-18.5904 58.3355 4.50279
-18.5904 59.6176 2.81641
-18.5904 60.8997 3.9316
-18.5904 62.1818 1.27271
-18.5904 63.4639 3.53295
-18.5904 64.746 2.21058
-18.5904 66.0281 2.06917
-18.5904 67.3102 3.49116
-18.5904 68.5923 1.34511
-18.5904 71.1565 2.52539
-18.5904 72.4386 1.33749
-18.5904 75.0028 2.45127
-17.3083 1.92315 0.382382
-17.3083 3.20525 1.77296
-17.3083 4.48735 4.55109
-17.3083 5.76945 6.16981
-17.3083 7.05155 10.4863
-17.3083 8.33365 8.49873
-17.3083 9.61575 8.36574
-17.3083 10.8978 11.3865
-17.3083 12.1799 9.7442
-17.3083 13.462 7.77269
-17.3083 14.7441 7.64925
-17.3083 16.0262 7.14462
-17.3083 17.3083 6.88558
-17.3083 18.5904 7.62559
-17.3083 19.8725 7.74878
-17.3083 21.1546 7.75398
-17.3083 22.4367 9.24505
-17.3083 23.7188 8.99958
-17.3083 25.0009 8.87178
-17.3083 26.283 8.99498
-17.3083 27.5651 8.92324
-17.3083 28.8472 10.4493
-17.3083 30.1293 8.19525
-17.3083 31.4114 7.7025
-17.3083 32.6935 6.81662
-17.3083 33.9756 7.32169
-17.3083 35.2577 6.42816
-17.3083 36.5398 6.43252
-17.3083 37.8219 5.07148
-17.3083 39.104 5.82183
-17.3083 40.3861 6.44713
-17.3083 41.6682 6.44669
-17.3083 42.9503 7.28932
-17.3083 44.2324 6.7716
-17.3083 45.5145 5.41588
-17.3083 46.7966 5.19182
-17.3083 48.0787 8.01962
-17.3083 49.3608 7.06312
-17.3083 50.6429 5.70402
-17.3083 51.925 4.92005
-17.3083 53.2071 8.22412
-17.3083 54.4892 7.94188
-17.3083 55.7713 3.81804
-17.3083 57.0534 3.81804
-17.3083 58.3355 6.35044
-17.3083 59.6176 4.26481
-17.3083 60.8997 3.91011
-17.3083 62.1818 2.54986
-17.3083 63.4639 2.59091
-17.3083 64.746 3.1834
-17.3083 66.0281 3.04173
-17.3083 67.3102 2.99372
-17.3083 68.5923 1.90353
-17.3083 69.8744 1.27775
-17.3083 71.1565 3.85635
-17.3083 72.4386 5.26839
-17.3083 73.7207 1.27775
-17.3083 75.0028 3.77355
-17.3083 76.2849 0.597717
-16.0262 1.92315 0.126513
-16.0262 3.20525 1.74573
-16.0262 4.48735 3.87117
-16.0262 5.76945 3.74786
-16.0262 7.05155 4.36836
-16.0262 8.33365 6.00535
-16.0262 9.61575 7.25692
-16.0262 10.8978 6.89815
-16.0262 12.1799 6.27541
-16.0262 13.462 6.39872
-16.0262 14.7441 6.27541
-16.0262 16.0262 6.52509
-16.0262 17.3083 6.28518
-16.0262 18.5904 6.30797
-16.0262 19.8725 6.68406
-16.0262 21.1546 6.18335
-16.0262 22.4367 5.18835
-16.0262 23.7188 5.06178
-16.0262 25.0009 5.18683
-16.0262 26.283 5.87979
-16.0262 27.5651 7.62325
-16.0262 28.8472 6.34361
-16.0262 30.1293 6.46867
-16.0262 31.4114 6.47018
-16.0262 32.6935 6.34361
-16.0262 33.9756 5.57856
-16.0262 35.2577 6.45223
-16.0262 36.5398 6.45194
-16.0262 37.8219 6.34104
-16.0262 39.104 5.59662
-16.0262 40.3861 5.22296
-16.0262 41.6682 5.09639
-16.0262 42.9503 6.08529
-16.0262 44.2324 8.23302
-16.0262 45.5145 8.43304
-16.0262 46.7966 3.81732
-16.0262 48.0787 4.96907
-16.0262 49.3608 3.85371
-16.0262 50.6429 3.8283
-16.0262 51.925 5.73458
-16.0262 53.2071 7.0927
-16.0262 54.4892 4.77366
-16.0262 55.7713 1.27668
-16.0262 57.0534 1.27668
-16.0262 58.3355 6.01398
-16.0262 59.6176 1.27668
-16.0262 60.8997 1.27668
-16.0262 62.1818 1.40435
-16.0262 63.4639 2.44077
-16.0262 64.746 2.59361
-16.0262 66.0281 1.27668
-16.0262 67.3102 3.53081
-16.0262 68.5923 2.67834
-16.0262 69.8744 1.27668
-16.0262 71.1565 3.85391
-16.0262 72.4386 5.99161
-16.0262 73.7207 4.32057
-16.0262 75.0028 5.08438
-16.0262 76.2849 1.99446
-14.7441 1.92315 0.12657
-14.7441 3.20525 1.39227
-14.7441 4.48735 2.277
-14.7441 5.76945 2.65488
-14.7441 7.05155 4.71529
-14.7441 8.33365 5.17748
-14.7441 9.61575 4.42656
-14.7441 10.8978 5.07658
-14.7441 12.1799 5.08629
-14.7441 13.462 5.07658
-14.7441 14.7441 5.20135
-14.7441 16.0262 5.07658
-14.7441 17.3083 4.82465
-14.7441 18.5904 5.21234
-14.7441 19.8725 5.08757
-14.7441 21.1546 5.08757
-14.7441 22.4367 5.08757
-14.7441 23.7188 6.10425
-14.7441 25.0009 6.36173
-14.7441 26.283 5.54372
-14.7441 27.5651 3.9233
-14.7441 28.8472 3.79853
-14.7441 30.1293 3.79853
-14.7441 31.4114 3.92595
-14.7441 32.6935 3.9233
-14.7441 33.9756 4.06233
-14.7441 35.2577 3.8223
-14.7441 36.5398 3.94996
-14.7441 37.8219 6.22297
-14.7441 39.104 6.351
-14.7441 40.3861 6.47585
-14.7441 41.6682 6.351
-14.7441 42.9503 6.351
-14.7441 44.2324 7.8279
-14.7441 45.5145 9.68942
-14.7441 46.7966 6.4689
-14.7441 48.0787 9.03378
-14.7441 49.3608 9.01514
-14.7441 50.6429 6.34119
-14.7441 51.925 5.94824
-14.7441 53.2071 12.7698
-14.7441 54.4892 5.9922
-14.7441 55.7713 2.6351
-14.7441 57.0534 3.36762
-14.7441 58.3355 7.57501
-14.7441 59.6176 1.27802
-14.7441 60.8997 1.40544
-14.7441 62.1818 2.55222
-14.7441 63.4639 3.83179
-14.7441 64.746 3.90335
-14.7441 66.0281 2.93496
-14.7441 67.3102 4.19639
-14.7441 68.5923 4.88287
-14.7441 69.8744 2.55222
-14.7441 71.1565 3.54447
-14.7441 72.4386 2.63575
-14.7441 73.7207 4.42128
-14.7441 75.0028 2.11004
-14.7441 76.2849 0.905765
-14.7441 78.8491 0.151953
-13.462 1.92315 0.873379
-13.462 3.20525 1.75735
-13.462 4.48735 2.52185
-13.462 5.76945 2.64662
-13.462 7.05155 2.52185
-13.462 8.33365 1.39893
-13.462 9.61575 2.25306
-13.462 10.8978 4.88602
-13.462 12.1799 5.45221
-13.462 13.462 6.56477
-13.462 14.7441 6.44534
-13.462 16.0262 6.43993
-13.462 17.3083 6.33455
-13.462 18.5904 5.16324
-13.462 19.8725 5.04124
-13.462 21.1546 6.2806
-13.462 22.4367 6.53173
-13.462 23.7188 5.51283
-13.462 25.0009 6.02787
-13.462 26.283 7.16751
-13.462 27.5651 7.52675
-13.462 28.8472 7.77317
-13.462 30.1293 7.6509
-13.462 31.4114 8.54026
-13.462 32.6935 8.92891
-13.462 33.9756 8.32376
-13.462 35.2577 7.85263
-13.462 36.5398 9.15029
-13.462 37.8219 6.42333
-13.462 39.104 6.42271
-13.462 40.3861 6.66964
-13.462 41.6682 6.54749
-13.462 42.9503 8.19389
-13.462 44.2324 10.2003
-13.462 45.5145 10.7625
-13.462 46.7966 7.4251
-13.462 48.0787 6.32086
-13.462 49.3608 6.0892
-13.462 50.6429 5.16778
-13.462 51.925 4.54544
-13.462 53.2071 8.49765
-13.462 54.4892 4.90956
-13.462 55.7713 2.5218
-13.462 57.0534 5.75856
-13.462 58.3355 6.29926
-13.462 59.6176 3.81558
-13.462 60.8997 3.69306
-13.462 62.1818 2.55772
-13.462 63.4639 3.8803
-13.462 64.746 5.06906
-13.462 66.0281 3.454
-13.462 67.3102 2.56093
-13.462 68.5923 4.4292
-13.462 69.8744 2.56093
-13.462 71.1565 3.41761
-13.462 72.4386 2.26899
-13.462 73.7207 4.29278
-13.462 75.0028 2.13428
-13.462 76.2849 1.88379
-13.462 78.8491 1.26174
-12.1799 1.92315 0.610038
-12.1799 3.20525 1.22008
-12.1799 4.48735 3.47348
-12.1799 5.76945 6.03945
-12.1799 7.05155 6.29904
-12.1799 8.33365 7.80227
-12.1799 9.61575 7.32179
-12.1799 10.8978 7.70804
-12.1799 12.1799 7.27543
-12.1799 13.462 6.28532
-12.1799 14.7441 6.53525
-12.1799 16.0262 7.45948
-12.1799 17.3083 8.08027
-12.1799 18.5904 8.8446
-12.1799 19.8725 8.83787
-12.1799 21.1546 7.97071
-12.1799 22.4367 7.84988
-12.1799 23.7188 7.59637
-12.1799 25.0009 6.70148
-12.1799 26.283 5.70022
-12.1799 27.5651 5.33075
-12.1799 28.8472 5.20429
-12.1799 30.1293 5.08717
-12.1799 31.4114 4.32152
-12.1799 32.6935 4.3074
-12.1799 33.9756 5.30292
-12.1799 35.2577 4.80131
-12.1799 36.5398 3.8037
-12.1799 37.8219 3.91927
-12.1799 39.104 5.55966
-12.1799 40.3861 6.81994
-12.1799 41.6682 7.55048
-12.1799 42.9503 6.8037
-12.1799 44.2324 6.44969
-12.1799 45.5145 7.03058
-12.1799 46.7966 6.43534
-12.1799 48.0787 6.29729
-12.1799 49.3608 6.96582
-12.1799 50.6429 5.04488
-12.1799 51.925 5.41177
-12.1799 53.2071 12.1501
-12.1799 54.4892 10.4816
-12.1799 55.7713 5.02341
-12.1799 57.0534 8.00605
-12.1799 58.3355 5.48388
-12.1799 59.6176 3.68092
-12.1799 60.8997 2.56088
-12.1799 62.1818 2.56088
-12.1799 63.4639 3.36903
-12.1799 64.746 3.01839
-12.1799 66.0281 1.28186
-12.1799 67.3102 1.28186
-12.1799 68.5923 2.54298
-12.1799 69.8744 1.28186
-12.1799 71.1565 3.89244
-12.1799 72.4386 4.41487
-12.1799 73.7207 1.70107
-12.1799 75.0028 2.43424
-12.1799 76.2849 2.65282
-12.1799 78.8491 1.64417
-10.8978 1.92315 0.253554
-10.8978 3.20525 1.26777
-10.8978 4.48735 1.62002
-10.8978 5.76945 2.55935
-10.8978 7.05155 3.81565
-10.8978 8.33365 4.3131
-10.8978 9.61575 5.95574
-10.8978 10.8978 5.20199
-10.8978 12.1799 5.44924
-10.8978 13.462 6.3177
-10.8978 14.7441 6.56805
-10.8978 16.0262 5.14354
-10.8978 17.3083 5.77156
-10.8978 18.5904 5.38665
-10.8978 19.8725 5.01219
-10.8978 21.1546 5.13894
-10.8978 22.4367 5.13644
-10.8978 23.7188 5.26241
-10.8978 25.0009 5.26589
-10.8978 26.283 6.40492
-10.8978 27.5651 7.70079
-10.8978 28.8472 7.56609
-10.8978 30.1293 9.45505
-10.8978 31.4114 10.341
-10.8978 32.6935 9.77962
-10.8978 33.9756 8.83507
-10.8978 35.2577 10.1827
-10.8978 36.5398 10.1775
-10.8978 37.8219 10.3007
-10.8978 39.104 8.41504
-10.8978 40.3861 7.27781
-10.8978 41.6682 6.44909
-10.8978 42.9503 8.78312
-10.8978 44.2324 8.84055
-10.8978 45.5145 9.37477
-10.8978 46.7966 7.51091
-10.8978 48.0787 6.11491
-10.8978 49.3608 8.11187
-10.8978 50.6429 5.06669
-10.8978 51.925 5.19275
-10.8978 53.2071 7.78097
-10.8978 54.4892 2.93417
-10.8978 55.7713 1.24635
-10.8978 57.0534 3.1092
-10.8978 59.6176 2.99513
-10.8978 64.746 2.76934
-10.8978 68.5923 1.37885
-10.8978 69.8744 1.48666
-10.8978 71.1565 1.29585
-10.8978 72.4386 2.64757
-10.8978 75.0028 2.00604
-10.8978 76.2849 2.57415
-10.8978 77.567 0.518179
-10.8978 78.8491 2.52918
-10.8978 83.9775 0.121935
-9.61575 1.92315 0.507395
-9.61575 3.20525 2.32019
-9.61575 4.48735 2.67942
-9.61575 5.76945 5.07658
-9.61575 7.05155 4.32484
-9.61575 8.33365 4.95525
-9.61575 9.61575 4.31327
-9.61575 10.8978 7.05212
-9.61575 12.1799 7.66254
-9.61575 13.462 8.65834
-9.61575 14.7441 8.90783
-9.61575 16.0262 8.9049
-9.61575 17.3083 8.16263
-9.61575 18.5904 7.65786
-9.61575 19.8725 7.53608
-9.61575 21.1546 7.90824
-9.61575 22.4367 7.53608
-9.61575 23.7188 7.65786
-9.61575 25.0009 7.53267
-9.61575 26.283 6.38937
-9.61575 27.5651 5.22519
-9.61575 28.8472 5.22819
-9.61575 30.1293 3.46475
-9.61575 31.4114 2.46011
-9.61575 32.6935 3.85023
-9.61575 33.9756 3.73135
-9.61575 35.2577 2.75714
-9.61575 36.5398 2.76495
-9.61575 37.8219 2.51359
-9.61575 39.104 2.51359
-9.61575 40.3861 2.63783
-9.61575 41.6682 2.51359
-9.61575 42.9503 1.62746
-9.61575 44.2324 2.45801
-9.61575 45.5145 5.64695
-9.61575 46.7966 3.84204
-9.61575 48.0787 4.28833
-9.61575 49.3608 5.45025
-9.61575 50.6429 2.01249
-9.61575 51.925 2.84274
-9.61575 53.2071 4.4404
-9.61575 54.4892 3.10508
-9.61575 55.7713 1.40388
-9.61575 57.0534 2.55325
-9.61575 58.3355 2.55325
-9.61575 59.6176 5.17799
-9.61575 60.8997 4.84813
-9.61575 62.1818 5.23101
-9.61575 63.4639 5.10311
-9.61575 64.746 6.4577
-9.61575 66.0281 3.82694
-9.61575 67.3102 4.14821
-9.61575 68.5923 4.75707
-9.61575 69.8744 5.66643
-9.61575 71.1565 5.35248
-9.61575 72.4386 4.50205
-9.61575 73.7207 5.57754
-9.61575 75.0028 5.19501
-9.61575 76.2849 2.19298
-9.61575 77.567 0.413864
-9.61575 78.8491 3.8359
-9.61575 83.9775 1.21373
-8.33365 4.48735 0.86965
-8.33365 5.76945 2.21656
-8.33365 7.05155 2.58188
-8.33365 8.33365 2.58434
-8.33365 9.61575 3.59887
-8.33365 10.8978 3.00069
-8.33365 12.1799 2.76495
-8.33365 13.462 1.64394
-8.33365 14.7441 1.27124
-8.33365 16.0262 1.27124
-8.33365 17.3083 2.37706
-8.33365 18.5904 2.6228
-8.33365 19.8725 2.49993
-8.33365 21.1546 4.28161
-8.33365 22.4367 5.05158
-8.33365 23.7188 5.17445
-8.33365 25.0009 5.1787
-8.33365 26.283 5.05158
-8.33365 27.5651 5.17445
-8.33365 28.8472 5.05158
-8.33365 30.1293 5.42597
-8.33365 31.4114 6.29059
-8.33365 32.6935 6.66877
-8.33365 33.9756 8.96937
-8.33365 35.2577 8.96833
-8.33365 36.5398 9.73464
-8.33365 37.8219 10.3672
-8.33365 39.104 10.2386
-8.33365 40.3861 11.2645
-8.33365 41.6682 13.0854
-8.33365 42.9503 12.8332
-8.33365 44.2324 16.4646
-8.33365 45.5145 15.2024
-8.33365 46.7966 10.5922
-8.33365 48.0787 7.79052
-8.33365 49.3608 6.05311
-8.33365 50.6429 5.25069
-8.33365 51.925 5.71791
-8.33365 53.2071 4.98816
-8.33365 54.4892 5.10531
-8.33365 55.7713 3.69923
-8.33365 57.0534 2.67695
-8.33365 58.3355 2.54986
-8.33365 59.6176 4.4941
-8.33365 60.8997 0.254986
-8.33365 64.746 1.32424
-8.33365 67.3102 1.52313
-8.33365 68.5923 1.4694
-8.33365 69.8744 0.562628
-8.33365 71.1565 1.48264
-8.33365 72.4386 2.40481
-8.33365 73.7207 4.79383
-8.33365 75.0028 2.63862
-8.33365 76.2849 6.6884
-8.33365 77.567 3.91402
-8.33365 78.8491 4.89664
-8.33365 80.1312 1.0488
-8.33365 83.9775 1.33385
-7.05155 3.20525 1.9111
-7.05155 4.48735 3.65254
-7.05155 5.76945 3.77541
-7.05155 7.05155 3.89828
-7.05155 8.33365 5.17919
-7.05155 9.61575 5.78775
-7.05155 10.8978 6.29751
-7.05155 12.1799 7.13865
-7.05155 13.462 11.9903
-7.05155 14.7441 12.6263
-7.05155 16.0262 12.8731
-7.05155 17.3083 11.8896
-7.05155 18.5904 11.6507
-7.05155 19.8725 11.5215
-7.05155 21.1546 9.7388
-7.05155 22.4367 8.84597
-7.05155 23.7188 9.3365
-7.05155 25.0009 8.84597
-7.05155 26.283 8.96987
-7.05155 27.5651 8.97378
-7.05155 28.8472 8.97136
-7.05155 30.1293 8.96049
-7.05155 31.4114 7.73404
-7.05155 32.6935 6.22026
-7.05155 33.9756 3.92028
-7.05155 35.2577 4.54717
-7.05155 36.5398 4.17383
-7.05155 37.8219 4.17232
-7.05155 39.104 5.9413
-7.05155 40.3861 5.17365
-7.05155 41.6682 3.77769
-7.05155 42.9503 4.78915
-7.05155 44.2324 6.48775
-7.05155 45.5145 6.40739
-7.05155 46.7966 6.33766
-7.05155 48.0787 9.06229
-7.05155 49.3608 8.84398
-7.05155 50.6429 9.27733
-7.05155 51.925 7.82849
-7.05155 53.2071 7.72792
-7.05155 54.4892 8.95235
-7.05155 55.7713 7.7271
-7.05155 57.0534 7.60182
-7.05155 58.3355 8.11197
-7.05155 59.6176 8.87719
-7.05155 60.8997 9.2539
-7.05155 62.1818 9.01054
-7.05155 63.4639 8.89136
-7.05155 64.746 8.50832
-7.05155 66.0281 7.9927
-7.05155 67.3102 9.97523
-7.05155 68.5923 8.73
-7.05155 69.8744 9.56267
-7.05155 71.1565 10.0536
-7.05155 72.4386 10.5713
-7.05155 73.7207 8.75824
-7.05155 75.0028 5.38779
-7.05155 76.2849 6.40011
-7.05155 77.567 1.9787
-7.05155 80.1312 1.31341
-7.05155 81.4133 0.870608
-7.05155 83.9775 1.22243
-5.76945 1.92315 1.38462
-5.76945 3.20525 4.18955
-5.76945 4.48735 6.16152
-5.76945 5.76945 6.40921
-5.76945 7.05155 6.29469
-5.76945 8.33365 7.54619
-5.76945 9.61575 6.90877
-5.76945 10.8978 7.65366
-5.76945 12.1799 7.07015
-5.76945 13.462 4.26694
-5.76945 14.7441 4.38499
-5.76945 16.0262 5.1387
-5.76945 17.3083 5.64508
-5.76945 18.5904 7.29817
-5.76945 19.8725 7.6886
-5.76945 21.1546 7.6858
-5.76945 22.4367 10.3551
-5.76945 23.7188 11.1161
-5.76945 25.0009 13.1338
-5.76945 26.283 13.8954
-5.76945 27.5651 14.2726
-5.76945 28.8472 14.019
-5.76945 30.1293 14.0207
-5.76945 31.4114 13.8954
-5.76945 32.6935 14.5226
-5.76945 33.9756 13.8954
-5.76945 35.2577 13.5177
-5.76945 36.5398 12.8959
-5.76945 37.8219 12.388
-5.76945 39.104 10.8687
-5.76945 40.3861 10.2565
-5.76945 41.6682 10.1626
-5.76945 42.9503 10.616
-5.76945 44.2324 11.2935
-5.76945 45.5145 11.0433
-5.76945 46.7966 11.568
-5.76945 48.0787 7.60751
-5.76945 49.3608 5.15382
-5.76945 50.6429 5.71702
-5.76945 51.925 3.96604
-5.76945 53.2071 3.72143
-5.76945 54.4892 5.16624
-5.76945 55.7713 3.96604
-5.76945 57.0534 3.72143
-5.76945 58.3355 3.45589
-5.76945 59.6176 3.08451
-5.76945 60.8997 3.85146
-5.76945 62.1818 3.88048
-5.76945 63.4639 5.16256
-5.76945 64.746 4.75358
-5.76945 66.0281 3.76523
-5.76945 67.3102 5.43935
-5.76945 68.5923 2.85313
-5.76945 69.8744 4.62443
-5.76945 71.1565 1.94847
-5.76945 72.4386 5.82093
-5.76945 73.7207 4.05757
-5.76945 75.0028 5.27603
-5.76945 76.2849 2.75751
-5.76945 77.567 1.30785
-5.76945 80.1312 1.29576
-5.76945 81.4133 1.28888
-5.76945 83.9775 1.34032
-4.48735 3.20525 1.39427
-4.48735 4.48735 3.80614
-4.48735 5.76945 3.80614
-4.48735 7.05155 3.80614
-4.48735 8.33365 3.80614
-4.48735 9.61575 4.18676
-4.48735 10.8978 4.94373
-4.48735 12.1799 6.35385
-4.48735 13.462 6.73646
-4.48735 14.7441 8.13033
-4.48735 16.0262 8.882
-4.48735 17.3083 9.23921
-4.48735 18.5904 8.33482
-4.48735 19.8725 8.17881
-4.48735 21.1546 9.15247
-4.48735 22.4367 6.23521
-4.48735 23.7188 5.72466
-4.48735 25.0009 3.70385
-4.48735 26.283 2.44607
-4.48735 27.5651 2.69067
-4.48735 28.8472 2.44607
-4.48735 30.1293 2.69067
-4.48735 31.4114 3.04969
-4.48735 32.6935 3.77262
-4.48735 33.9756 4.01722
-4.48735 35.2577 4.03066
-4.48735 36.5398 5.27936
-4.48735 37.8219 5.03476
-4.48735 39.104 5.0354
-4.48735 40.3861 5.40558
-4.48735 41.6682 4.91416
-4.48735 42.9503 4.41579
-4.48735 44.2324 3.80108
-4.48735 45.5145 3.80172
-4.48735 46.7966 5.23534
-4.48735 48.0787 5.27611
-4.48735 49.3608 3.68049
-4.48735 50.6429 5.67813
-4.48735 51.925 3.90439
-4.48735 53.2071 5.03292
-4.48735 54.4892 7.14563
-4.48735 55.7713 6.32558
-4.48735 57.0534 7.98513
-4.48735 58.3355 6.54957
-4.48735 59.6176 5.65988
-4.48735 60.8997 5.02143
-4.48735 62.1818 5.27045
-4.48735 63.4639 3.87431
-4.48735 64.746 5.15599
-4.48735 66.0281 3.94774
-4.48735 67.3102 5.08002
-4.48735 68.5923 3.82031
-4.48735 69.8744 6.67277
-4.48735 71.1565 7.49194
-4.48735 72.4386 6.99583
-4.48735 73.7207 2.9899
-4.48735 75.0028 9.57202
-4.48735 76.2849 3.82377
-4.48735 77.567 6.92588
-4.48735 78.8491 1.26976
-4.48735 80.1312 4.07069
-4.48735 81.4133 0.127997
-4.48735 83.9775 1.27846
-3.20525 8.33365 1.59583
-3.20525 9.61575 2.59431
-3.20525 10.8978 2.58869
-3.20525 12.1799 2.58869
-3.20525 13.462 3.33167
-3.20525 14.7441 4.30945
-3.20525 16.0262 5.15599
-3.20525 17.3083 4.30017
-3.20525 18.5904 3.92232
-3.20525 19.8725 4.1946
-3.20525 21.1546 3.72306
-3.20525 22.4367 3.84366
-3.20525 23.7188 4.9669
-3.20525 25.0009 6.48796
-3.20525 26.283 6.36175
-3.20525 27.5651 6.24115
-3.20525 28.8472 6.61085
-3.20525 30.1293 8.64484
-3.20525 31.4114 8.41628
-3.20525 32.6935 7.69531
-3.20525 33.9756 8.73409
-3.20525 35.2577 9.73195
-3.20525 36.5398 8.83448
-3.20525 37.8219 8.99275
-3.20525 39.104 8.86914
-3.20525 40.3861 10.1442
-3.20525 41.6682 10.9255
-3.20525 42.9503 13.3139
-3.20525 44.2324 12.6847
-3.20525 45.5145 12.9338
-3.20525 46.7966 14.1662
-3.20525 48.0787 13.2599
-3.20525 49.3608 13.4507
-3.20525 50.6429 16.8461
-3.20525 51.925 15.4778
-3.20525 53.2071 12.7434
-3.20525 54.4892 13.6485
-3.20525 55.7713 7.90762
-3.20525 57.0534 7.15467
-3.20525 58.3355 5.24885
-3.20525 59.6176 5.69177
-3.20525 60.8997 6.36455
-3.20525 62.1818 6.36455
-3.20525 63.4639 6.49172
-3.20525 64.746 9.77655
-3.20525 66.0281 9.10671
-3.20525 67.3102 6.69218
-3.20525 68.5923 4.05317
-3.20525 69.8744 5.36235
-3.20525 71.1565 5.69792
-3.20525 72.4386 3.71071
-3.20525 73.7207 6.22833
-3.20525 75.0028 5.46825
-3.20525 76.2849 2.09507
-3.20525 77.567 4.64982
-3.20525 78.8491 1.36584
-3.20525 80.1312 1.27957
-3.20525 83.9775 1.24026
-1.92315 3.20525 0.47145
-1.92315 4.48735 1.66742
-1.92315 5.76945 2.99213
-1.92315 7.05155 4.09939
-1.92315 8.33365 6.50998
-1.92315 9.61575 6.82179
-1.92315 10.8978 8.83456
-1.92315 12.1799 9.18664
-1.92315 13.462 10.2755
-1.92315 14.7441 10.5698
-1.92315 16.0262 11.5674
-1.92315 17.3083 12.854
-1.92315 18.5904 12.7623
-1.92315 19.8725 12.1467
-1.92315 21.1546 11.4829
-1.92315 22.4367 12.1679
-1.92315 23.7188 12.3132
-1.92315 25.0009 11.5315
-1.92315 26.283 11.5402
-1.92315 27.5651 11.4177
-1.92315 28.8472 11.7804
-1.92315 30.1293 10.3316
-1.92315 31.4114 10.3273
-1.92315 32.6935 11.1405
-1.92315 33.9756 10.4922
-1.92315 35.2577 9.36052
-1.92315 36.5398 8.96704
-1.92315 37.8219 9.02678
-1.92315 39.104 10.3729
-1.92315 40.3861 9.22127
-1.92315 41.6682 11.2043
-1.92315 42.9503 11.5166
-1.92315 44.2324 7.53413
-1.92315 45.5145 7.66598
-1.92315 46.7966 9.03763
-1.92315 48.0787 8.7357
-1.92315 49.3608 10.6276
-1.92315 50.6429 7.59972
-1.92315 51.925 7.71832
-1.92315 53.2071 7.44436
-1.92315 54.4892 9.14997
-1.92315 55.7713 8.00016
-1.92315 57.0534 9.34777
-1.92315 58.3355 8.99046
-1.92315 59.6176 8.38712
-1.92315 60.8997 7.72618
-1.92315 62.1818 7.76796
-1.92315 63.4639 7.64187
-1.92315 64.746 9.58366
-1.92315 66.0281 8.97843
-1.92315 67.3102 8.32366
-1.92315 68.5923 10.6798
-1.92315 69.8744 10.2084
-1.92315 71.1565 10.5639
-1.92315 72.4386 6.67022
-1.92315 73.7207 5.63658
-1.92315 75.0028 6.19724
-1.92315 76.2849 1.20147
-1.92315 77.567 1.67934
-1.92315 78.8491 0.986967
-1.92315 80.1312 1.27753
-1.92315 83.9775 1.32546
-1.92315 85.2596 0.763305
-0.64105 4.48735 0.834251
-0.64105 5.76945 4.38041
-0.64105 7.05155 4.95604
-0.64105 8.33365 3.6661
-0.64105 9.61575 5.04775
-0.64105 10.8978 5.47086
-0.64105 12.1799 6.45304
-0.64105 13.462 6.81017
-0.64105 14.7441 7.91253
-0.64105 16.0262 9.14767
-0.64105 17.3083 9.00798
-0.64105 18.5904 9.0149
-0.64105 19.8725 9.01202
-0.64105 21.1546 10.2376
-0.64105 22.4367 9.5524
-0.64105 23.7188 8.52063
-0.64105 25.0009 7.67335
-0.64105 26.283 8.66671
-0.64105 27.5651 9.02889
-0.64105 28.8472 11.3796
-0.64105 30.1293 10.6717
-0.64105 31.4114 10.056
-0.64105 32.6935 9.54283
-0.64105 33.9756 10.0111
-0.64105 35.2577 10.5087
-0.64105 36.5398 8.85435
-0.64105 37.8219 8.74636
-0.64105 39.104 8.41614
-0.64105 40.3861 9.17218
-0.64105 41.6682 9.03686
-0.64105 42.9503 10.7201
-0.64105 44.2324 6.28237
-0.64105 45.5145 6.40175
-0.64105 46.7966 7.7443
-0.64105 48.0787 8.84893
-0.64105 49.3608 6.56839
-0.64105 50.6429 6.44287
-0.64105 51.925 7.47342
-0.64105 53.2071 6.35565
-0.64105 54.4892 7.72576
-0.64105 55.7713 9.01919
-0.64105 57.0534 8.36928
-0.64105 58.3355 7.05985
-0.64105 59.6176 6.31849
-0.64105 60.8997 6.46312
-0.64105 62.1818 6.59075
-0.64105 63.4639 6.58766
-0.64105 64.746 6.72039
-0.64105 66.0281 6.37066
-0.64105 67.3102 6.84458
-0.64105 68.5923 7.73835
-0.64105 69.8744 5.73603
-0.64105 71.1565 5.22934
-0.64105 72.4386 9.2311
-0.64105 73.7207 5.47454
-0.64105 75.0028 4.50422
-0.64105 76.2849 2.98437
-0.64105 77.567 3.01329
-0.64105 78.8491 0.475957
-0.64105 80.1312 1.33054
-0.64105 82.6954 1.29394
-0.64105 83.9775 1.21022
-0.64105 85.2596 1.37057
0.64105 7.05155 0.438318
0.64105 8.33365 1.31495
0.64105 9.61575 2.05824
0.64105 10.8978 4.93075
0.64105 12.1799 6.03714
0.64105 13.462 6.52436
0.64105 14.7441 6.40234
0.64105 16.0262 6.90602
0.64105 17.3083 7.7874
0.64105 18.5904 7.53919
0.64105 19.8725 7.6609
0.64105 21.1546 6.81623
0.64105 22.4367 8.22282
0.64105 23.7188 10.9798
0.64105 25.0009 11.4857
0.64105 26.283 10.621
0.64105 27.5651 11.8379
0.64105 28.8472 10.8685
0.64105 30.1293 12.1561
0.64105 31.4114 12.9106
0.64105 32.6935 12.9108
0.64105 33.9756 11.555
0.64105 35.2577 11.8188
0.64105 36.5398 12.8478
0.64105 37.8219 12.7219
0.64105 39.104 12.605
0.64105 40.3861 12.8695
0.64105 41.6682 17.6294
0.64105 42.9503 14.398
0.64105 44.2324 10.4589
0.64105 45.5145 10.5795
0.64105 46.7966 11.5555
0.64105 48.0787 9.2313
0.64105 49.3608 7.78911
0.64105 50.6429 8.87159
0.64105 51.925 6.91928
0.64105 53.2071 7.0396
0.64105 54.4892 5.89351
0.64105 55.7713 6.65667
0.64105 57.0534 1.27556
0.64105 58.3355 2.54463
0.64105 59.6176 1.27556
0.64105 60.8997 2.42514
0.64105 62.1818 2.55287
0.64105 63.4639 3.6556
0.64105 64.746 5.17416
0.64105 66.0281 4.2695
0.64105 67.3102 4.02995
0.64105 68.5923 4.49937
0.64105 69.8744 3.5114
0.64105 71.1565 2.17043
0.64105 72.4386 6.40025
0.64105 73.7207 5.07319
0.64105 75.0028 2.55208
0.64105 76.2849 4.39224
0.64105 77.567 3.39269
0.64105 78.8491 2.55208
0.64105 80.1312 4.25253
0.64105 81.4133 5.764
0.64105 82.6954 2.46198
0.64105 83.9775 1.65837
0.64105 85.2596 1.26225
1.92315 1.92315 0.503659
1.92315 3.20525 4.54234
1.92315 4.48735 5.285
1.92315 5.76945 5.03532
1.92315 7.05155 5.41306
1.92315 8.33365 6.41825
1.92315 9.61575 6.42036
1.92315 10.8978 6.42039
1.92315 12.1799 6.54416
1.92315 13.462 7.05516
1.92315 14.7441 10.2475
1.92315 16.0262 12.8297
1.92315 17.3083 12.8373
1.92315 18.5904 13.584
1.92315 19.8725 16.5913
1.92315 21.1546 16.2173
1.92315 22.4367 15.0557
1.92315 23.7188 11.9252
1.92315 25.0009 11.6727
1.92315 26.283 11.6731
1.92315 27.5651 9.71858
1.92315 28.8472 8.60756
1.92315 30.1293 7.1035
1.92315 31.4114 6.23072
1.92315 32.6935 7.3375
1.92315 33.9756 10.4667
1.92315 35.2577 10.0977
1.92315 36.5398 10.245
1.92315 37.8219 10.1188
1.92315 39.104 10.1035
1.92315 40.3861 8.83698
1.92315 41.6682 16.0355
1.92315 42.9503 10.8568
1.92315 44.2324 6.50985
1.92315 45.5145 6.80093
1.92315 46.7966 6.42862
1.92315 48.0787 6.4555
1.92315 49.3608 7.94279
1.92315 50.6429 12.0005
1.92315 51.925 7.7837
1.92315 53.2071 8.83825
1.92315 54.4892 7.7837
1.92315 55.7713 9.28559
1.92315 57.0534 8.7107
1.92315 58.3355 9.04835
1.92315 59.6176 7.7365
1.92315 60.8997 6.58076
1.92315 62.1818 6.45835
1.92315 63.4639 6.11344
1.92315 64.746 8.90863
1.92315 66.0281 9.83386
1.92315 67.3102 9.08858
1.92315 68.5923 12.1018
1.92315 69.8744 9.86846
1.92315 71.1565 5.85716
1.92315 72.4386 6.57114
1.92315 73.7207 7.23247
1.92315 75.0028 7.16323
1.92315 76.2849 4.66067
1.92315 77.567 2.94305
1.92315 78.8491 1.27837
1.92315 80.1312 4.02254
1.92315 82.6954 1.70288
1.92315 85.2596 1.27787
3.20525 1.92315 0.87107
3.20525 3.20525 3.65129
3.20525 4.48735 4.80066
3.20525 5.76945 6.57964
3.20525 7.05155 6.44673
3.20525 8.33365 6.43107
3.20525 9.61575 6.55788
3.20525 10.8978 7.30991
3.20525 12.1799 8.41084
3.20525 13.462 8.8735
3.20525 14.7441 8.51543
3.20525 16.0262 7.54543
3.20525 17.3083 8.50825
3.20525 18.5904 9.38916
3.20525 19.8725 8.43441
3.20525 21.1546 9.31597
3.20525 22.4367 10.5057
3.20525 23.7188 11.4987
3.20525 25.0009 11.7201
3.20525 26.283 11.3617
3.20525 27.5651 12.5142
3.20525 28.8472 13.6428
3.20525 30.1293 14.1526
3.20525 31.4114 14.0149
3.20525 32.6935 13.4011
3.20525 33.9756 10.2975
3.20525 35.2577 11.5822
3.20525 36.5398 11.5882
3.20525 37.8219 11.3417
3.20525 39.104 13.0281
3.20525 40.3861 15.6349
3.20525 41.6682 18.9222
3.20525 42.9503 16.0703
3.20525 44.2324 10.7848
3.20525 45.5145 10.9045
3.20525 46.7966 9.94079
3.20525 48.0787 7.60417
3.20525 49.3608 6.78539
3.20525 50.6429 6.99559
3.20525 51.925 5.5345
3.20525 53.2071 6.73542
3.20525 54.4892 5.19571
3.20525 55.7713 6.52556
3.20525 57.0534 8.27383
3.20525 58.3355 6.50831
3.20525 59.6176 5.46332
3.20525 60.8997 6.4936
3.20525 62.1818 6.49805
3.20525 63.4639 5.75473
3.20525 64.746 3.1143
3.20525 66.0281 5.10863
3.20525 67.3102 4.89207
3.20525 68.5923 4.64642
3.20525 69.8744 4.7744
3.20525 71.1565 4.7606
3.20525 72.4386 4.25604
3.20525 73.7207 5.75135
3.20525 75.0028 4.09368
3.20525 76.2849 2.56808
3.20525 77.567 1.60148
3.20525 78.8491 4.92172
3.20525 80.1312 3.01169
3.20525 81.4133 3.56383
3.20525 82.6954 1.29174
3.20525 85.2596 1.24552
4.48735 1.92315 1.77276
4.48735 3.20525 2.78212
4.48735 4.48735 4.55488
4.48735 5.76945 5.20025
4.48735 7.05155 5.07481
4.48735 8.33365 5.07481
4.48735 9.61575 5.54669
4.48735 10.8978 7.12998
4.48735 12.1799 8.62027
4.48735 13.462 10.126
4.48735 14.7441 11.6986
4.48735 16.0262 13.9377
4.48735 17.3083 15.2865
4.48735 18.5904 14.9376
4.48735 19.8725 13.2796
4.48735 21.1546 12.5174
4.48735 22.4367 11.5812
4.48735 23.7188 10.2134
4.48735 25.0009 11.2215
4.48735 26.283 12.3699
4.48735 27.5651 12.2072
4.48735 28.8472 11.0727
4.48735 30.1293 11.4349
4.48735 31.4114 11.4248
4.48735 32.6935 11.5601
4.48735 33.9756 13.004
4.48735 35.2577 11.6963
4.48735 36.5398 11.3403
4.48735 37.8219 11.5175
4.48735 39.104 10.5732
4.48735 40.3861 12.5221
4.48735 41.6682 9.39186
4.48735 42.9503 11.6051
4.48735 44.2324 7.71184
4.48735 45.5145 9.03807
4.48735 46.7966 9.57375
4.48735 48.0787 7.04332
4.48735 49.3608 7.90162
4.48735 50.6429 9.8666
4.48735 51.925 6.20648
4.48735 53.2071 5.52161
4.48735 54.4892 5.17277
4.48735 55.7713 5.05148
4.48735 57.0534 7.03597
4.48735 58.3355 8.00765
4.48735 59.6176 4.45062
4.48735 60.8997 4.72715
4.48735 62.1818 5.01328
4.48735 63.4639 5.17848
4.48735 64.746 5.0552
4.48735 66.0281 3.90085
4.48735 67.3102 7.08341
4.48735 68.5923 6.38576
4.48735 69.8744 4.4332
4.48735 71.1565 5.37238
4.48735 72.4386 3.96916
4.48735 73.7207 6.68995
4.48735 75.0028 4.01322
4.48735 76.2849 2.60463
4.48735 77.567 1.27571
4.48735 78.8491 1.6332
4.48735 81.4133 1.83029
4.48735 82.6954 1.37298
4.48735 85.2596 1.50322
5.76945 1.92315 0.376326
5.76945 3.20525 2.15337
5.76945 4.48735 2.52452
5.76945 5.76945 6.0212
5.76945 7.05155 6.52339
5.76945 8.33365 6.39492
5.76945 9.61575 7.1768
5.76945 10.8978 7.76632
5.76945 12.1799 7.41285
5.76945 13.462 7.26195
5.76945 14.7441 8.53204
5.76945 16.0262 9.99977
5.76945 17.3083 11.5021
5.76945 18.5904 11.01
5.76945 19.8725 10.9877
5.76945 21.1546 12.6574
5.76945 22.4367 12.7792
5.76945 23.7188 13.8795
5.76945 25.0009 13.9788
5.76945 26.283 13.5828
5.76945 27.5651 13.963
5.76945 28.8472 13.7185
5.76945 30.1293 14.3751
5.76945 31.4114 14.0066
5.76945 32.6935 14.1604
5.76945 33.9756 13.8434
5.76945 35.2577 14.0096
5.76945 36.5398 14.3991
5.76945 37.8219 13.9009
5.76945 39.104 13.89
5.76945 40.3861 17.5649
5.76945 41.6682 10.0282
5.76945 42.9503 9.69669
5.76945 44.2324 4.43204
5.76945 45.5145 7.1526
5.76945 46.7966 9.37957
5.76945 48.0787 7.29192
5.76945 49.3608 7.13248
5.76945 50.6429 8.57905
5.76945 51.925 6.07743
5.76945 53.2071 6.35185
5.76945 54.4892 7.67529
5.76945 55.7713 9.27771
5.76945 57.0534 10.8518
5.76945 58.3355 10.8337
5.76945 59.6176 7.8356
5.76945 60.8997 8.69885
5.76945 62.1818 6.46742
5.76945 63.4639 6.3439
5.76945 64.746 6.3439
5.76945 66.0281 6.709
5.76945 67.3102 7.67371
5.76945 68.5923 8.836
5.76945 69.8744 5.19339
5.76945 71.1565 7.82291
5.76945 72.4386 7.39175
5.76945 73.7207 6.2205
5.76945 75.0028 4.45021
5.76945 76.2849 2.75713
5.76945 77.567 2.54752
5.76945 78.8491 5.01549
5.76945 80.1312 1.26688
5.76945 81.4133 2.52994
5.76945 82.6954 4.32488
5.76945 83.9775 1.26688
5.76945 85.2596 0.782236
7.05155 1.92315 3.04548
7.05155 3.20525 7.43435
7.05155 4.48735 8.69243
7.05155 5.76945 8.95697
7.05155 7.05155 8.95002
7.05155 8.33365 8.95345
7.05155 9.61575 8.95002
7.05155 10.8978 10.3329
7.05155 12.1799 11.0938
7.05155 13.462 11.4778
7.05155 14.7441 12.2952
7.05155 16.0262 11.8879
7.05155 17.3083 10.5044
7.05155 18.5904 10.3768
7.05155 19.8725 11.1352
7.05155 21.1546 10.5743
7.05155 22.4367 11.3571
7.05155 23.7188 10.3798
7.05155 25.0009 9.65005
7.05155 26.283 10.0657
7.05155 27.5651 10.1104
7.05155 28.8472 10.7088
7.05155 30.1293 10.3209
7.05155 31.4114 10.3108
7.05155 32.6935 10.5678
7.05155 33.9756 10.1813
7.05155 35.2577 10.1731
7.05155 36.5398 10.3446
7.05155 37.8219 11.4683
7.05155 39.104 12.2276
7.05155 40.3861 16.9941
7.05155 41.6682 13.9999
7.05155 42.9503 16.9368
7.05155 44.2324 14.7628
7.05155 45.5145 15.2748
7.05155 46.7966 13.9547
7.05155 48.0787 9.95643
7.05155 49.3608 11.0549
7.05155 50.6429 10.9941
7.05155 51.925 7.74375
7.05155 53.2071 3.75011
7.05155 54.4892 5.20532
7.05155 55.7713 4.5134
7.05155 57.0534 4.77583
7.05155 58.3355 2.68237
7.05155 59.6176 1.26422
7.05155 60.8997 0.115994
7.05155 62.1818 1.16199
7.05155 67.3102 2.26522
7.05155 68.5923 2.11341
7.05155 69.8744 1.25406
7.05155 71.1565 3.10211
7.05155 72.4386 1.43505
7.05155 73.7207 1.20887
7.05155 75.0028 1.3307
7.05155 78.8491 2.1466
7.05155 80.1312 1.04554
7.05155 81.4133 1.14507
7.05155 82.6954 2.90089
8.33365 1.92315 0.891289
8.33365 3.20525 1.27327
8.33365 4.48735 1.00534
8.33365 5.76945 1.24008
8.33365 7.05155 1.71459
8.33365 8.33365 3.19389
8.33365 9.61575 4.35017
8.33365 10.8978 7.53797
8.33365 12.1799 7.68266
8.33365 13.462 8.13539
8.33365 14.7441 9.3503
8.33365 16.0262 11.0891
8.33365 17.3083 12.402
8.33365 18.5904 13.856
8.33365 19.8725 12.8557
8.33365 21.1546 11.9848
8.33365 22.4367 11.5844
8.33365 23.7188 11.5853
8.33365 25.0009 11.3448
8.33365 26.283 10.2993
8.33365 27.5651 8.87872
8.33365 28.8472 8.52118
8.33365 30.1293 7.5306
8.33365 31.4114 8.05298
8.33365 32.6935 8.96134
8.33365 33.9756 7.71978
8.33365 35.2577 7.71693
8.33365 36.5398 7.59288
8.33365 37.8219 6.69952
8.33365 39.104 5.83154
8.33365 40.3861 6.61028
8.33365 41.6682 6.3215
8.33365 42.9503 5.99594
8.33365 44.2324 9.73784
8.33365 45.5145 3.5364
8.33365 46.7966 3.33613
8.33365 48.0787 1.27467
8.33365 49.3608 4.85421
8.33365 50.6429 3.97177
8.33365 51.925 3.48512
8.33365 53.2071 3.02368
8.33365 54.4892 4.39501
8.33365 55.7713 5.04386
8.33365 57.0534 7.57926
8.33365 58.3355 5.26715
8.33365 59.6176 3.81872
8.33365 60.8997 3.82547
8.33365 62.1818 5.75618
8.33365 63.4639 5.12925
8.33365 64.746 5.12925
8.33365 66.0281 5.12925
8.33365 67.3102 6.93247
8.33365 68.5923 6.80213
8.33365 69.8744 7.68215
8.33365 71.1565 4.12167
8.33365 72.4386 3.91145
8.33365 73.7207 1.72302
8.33365 75.0028 2.60161
8.33365 76.2849 2.3331
8.33365 77.567 2.78145
8.33365 78.8491 1.86843
8.33365 80.1312 2.22145
8.33365 81.4133 1.913
8.33365 82.6954 2.16642
9.61575 3.20525 1.07484
9.61575 4.48735 3.26646
9.61575 5.76945 6.88399
9.61575 7.05155 7.76814
9.61575 8.33365 7.76936
9.61575 9.61575 7.39482
9.61575 10.8978 5.50697
9.61575 12.1799 6.52205
9.61575 13.462 6.27556
9.61575 14.7441 5.84586
9.61575 16.0262 6.5141
9.61575 17.3083 5.34612
9.61575 18.5904 5.24508
9.61575 19.8725 6.62658
9.61575 21.1546 5.51837
9.61575 22.4367 6.50581
9.61575 23.7188 7.62538
9.61575 25.0009 7.63473
9.61575 26.283 7.76265
9.61575 27.5651 8.37161
9.61575 28.8472 10.4178
9.61575 30.1293 11.6567
9.61575 31.4114 11.1713
9.61575 32.6935 11.1384
9.61575 33.9756 11.5022
9.61575 35.2577 12.0124
9.61575 36.5398 12.9044
9.61575 37.8219 13.2556
9.61575 39.104 14.0739
9.61575 40.3861 14.3252
9.61575 41.6682 17.4128
9.61575 42.9503 14.3901
9.61575 44.2324 16.9936
9.61575 45.5145 16.4546
9.61575 46.7966 12.1382
9.61575 48.0787 8.21465
9.61575 49.3608 8.81772
9.61575 50.6429 7.83869
9.61575 51.925 6.37308
9.61575 53.2071 8.26165
9.61575 54.4892 6.17464
9.61575 55.7713 5.24233
9.61575 57.0534 7.84663
9.61575 58.3355 2.78412
9.61575 59.6176 1.27679
9.61575 60.8997 1.27679
9.61575 62.1818 1.98396
9.61575 66.0281 0.384396
9.61575 67.3102 2.54583
9.61575 68.5923 3.62078
9.61575 69.8744 5.29901
9.61575 71.1565 2.55871
9.61575 72.4386 8.54138
9.61575 73.7207 4.16657
9.61575 75.0028 5.55047
9.61575 76.2849 0.586202
9.61575 77.567 0.824861
9.61575 78.8491 1.20837
9.61575 80.1312 0.934785
9.61575 82.6954 1.50958
9.61575 83.9775 1.11381
10.8978 1.92315 1.75721
10.8978 3.20525 4.65115
10.8978 4.48735 5.75962
10.8978 5.76945 5.14905
10.8978 7.05155 5.14417
10.8978 8.33365 5.85783
10.8978 9.61575 7.08034
10.8978 10.8978 8.70117
10.8978 12.1799 10.1908
10.8978 13.462 10.4306
10.8978 14.7441 10.0024
10.8978 16.0262 9.96131
10.8978 17.3083 10.9164
10.8978 18.5904 11.3733
10.8978 19.8725 10.2221
10.8978 21.1546 12.4673
10.8978 22.4367 11.6007
10.8978 23.7188 10.0987
10.8978 25.0009 10.2286
10.8978 26.283 10.2298
10.8978 27.5651 9.72284
10.8978 28.8472 8.44233
10.8978 30.1293 7.87265
10.8978 31.4114 9.13911
10.8978 32.6935 8.65725
10.8978 33.9756 8.93207
10.8978 35.2577 9.04581
10.8978 36.5398 8.9479
10.8978 37.8219 8.59357
10.8978 39.104 7.59084
10.8978 40.3861 7.7995
10.8978 41.6682 12.1687
10.8978 42.9503 11.5624
10.8978 44.2324 14.3959
10.8978 45.5145 10.9583
10.8978 46.7966 7.25298
10.8978 48.0787 7.06025
10.8978 49.3608 7.69227
10.8978 50.6429 11.8623
10.8978 51.925 3.89324
10.8978 53.2071 5.3874
10.8978 54.4892 4.85609
10.8978 55.7713 3.86697
10.8978 57.0534 5.02833
10.8978 58.3355 2.61118
10.8978 59.6176 2.61118
10.8978 60.8997 2.53134
10.8978 62.1818 4.38498
10.8978 63.4639 3.82951
10.8978 64.746 3.82951
10.8978 66.0281 3.44512
10.8978 67.3102 3.77319
10.8978 68.5923 3.99843
10.8978 69.8744 3.33027
10.8978 71.1565 2.5726
10.8978 72.4386 3.28364
10.8978 73.7207 3.11665
10.8978 75.0028 7.46979
10.8978 76.2849 1.27552
10.8978 77.567 0.801446
10.8978 80.1312 2.2348
10.8978 81.4133 1.16901
10.8978 82.6954 1.28712
10.8978 83.9775 0.519732
12.1799 0.64105 0.125212
12.1799 1.92315 1.8812
12.1799 3.20525 1.75901
12.1799 4.48735 2.61275
12.1799 5.76945 4.31838
12.1799 7.05155 6.7924
12.1799 8.33365 8.81287
12.1799 9.61575 8.71797
12.1799 10.8978 8.63887
12.1799 12.1799 8.98783
12.1799 13.462 8.86447
12.1799 14.7441 9.83441
12.1799 16.0262 9.05623
12.1799 17.3083 8.94565
12.1799 18.5904 9.06602
12.1799 19.8725 10.4117
12.1799 21.1546 10.5878
12.1799 22.4367 10.2074
12.1799 23.7188 10.2118
12.1799 25.0009 10.453
12.1799 26.283 11.2034
12.1799 27.5651 11.5639
12.1799 28.8472 11.4497
12.1799 30.1293 11.2017
12.1799 31.4114 10.2979
12.1799 32.6935 10.0487
12.1799 33.9756 11.0856
12.1799 35.2577 12.2595
12.1799 36.5398 11.5528
12.1799 37.8219 11.6772
12.1799 39.104 11.426
12.1799 40.3861 11.555
12.1799 41.6682 14.7608
12.1799 42.9503 12.1969
12.1799 44.2324 13.5289
12.1799 45.5145 15.2365
12.1799 46.7966 8.61275
12.1799 48.0787 9.6936
12.1799 49.3608 7.66465
12.1799 50.6429 13.6879
12.1799 51.925 4.32431
12.1799 53.2071 6.93223
12.1799 54.4892 5.98737
12.1799 55.7713 6.38326
12.1799 57.0534 7.79626
12.1799 58.3355 4.99556
12.1799 59.6176 5.24038
12.1799 60.8997 5.11439
12.1799 62.1818 6.59107
12.1799 63.4639 3.76837
12.1799 64.746 4.78889
12.1799 66.0281 2.7185
12.1799 67.3102 4.04701
12.1799 68.5923 3.80647
12.1799 69.8744 3.79167
12.1799 71.1565 3.13124
12.1799 72.4386 4.20496
12.1799 73.7207 5.00901
12.1799 75.0028 4.55974
12.1799 76.2849 2.80617
12.1799 77.567 6.49715
12.1799 78.8491 2.55242
12.1799 80.1312 3.55527
12.1799 81.4133 4.25473
12.1799 82.6954 2.73762
12.1799 83.9775 1.28143
12.1799 85.2596 0.77863
13.462 1.92315 1.25179
13.462 3.20525 3.61093
13.462 4.48735 3.84685
13.462 5.76945 5.32562
13.462 7.05155 5.10946
13.462 8.33365 5.86479
13.462 9.61575 7.41857
13.462 10.8978 7.97087
13.462 12.1799 7.73695
13.462 13.462 8.89781
13.462 14.7441 11.3855
13.462 16.0262 13.5887
13.462 17.3083 13.9612
13.462 18.5904 14.0863
13.462 19.8725 12.618
13.462 21.1546 10.3331
13.462 22.4367 10.5681
13.462 23.7188 10.8271
13.462 25.0009 13.5648
13.462 26.283 13.2447
13.462 27.5651 12.8015
13.462 28.8472 13.1501
13.462 30.1293 13.5164
13.462 31.4114 14.0188
13.462 32.6935 13.8861
13.462 33.9756 11.925
13.462 