7.81 3.13 -13 10.47 0 -14.5 0
10.47 0 -14.5 12.97 -2.34 -14.5 0
12.97 -2.34 -14.5 15.47 -5.31 -15.5 0
15.47 -5.31 -15.5 17.5 -9.06 -16 0
17.5 -9.06 -16 17.5 -9.22 -16 0
17.5 -9.22 -16 18.44 -14.22 -16.5 0
18.44 -14.22 -16.5 18.75 -19.69 -17 0
18.75 -19.69 -17 16.25 -20.55 -17.5 0
16.25 -20.55 -17.5 15.31 -20.7 -18 0
15.31 -20.7 -18 14.38 -20.7 -18 0
14.38 -20.7 -18 11.88 -20.7 -18 0
11.88 -20.7 -18 9.69 -20.23 -18 0
9.69 -20.23 -18 6.25 -19.92 -17.5 0
6.25 -19.92 -17.5 1.41 -19.45 -17 0
1.41 -19.45 -17 0.78 -18.75 -17 0
0.78 -18.75 -17 -0.16 -18.28 -17 0
-0.16 -18.28 -17 -1.88 -17.19 -17 0
-1.88 -17.19 -17 -2.66 -16.41 -17 0
-2.66 -16.41 -17 -4.06 -15.31 -17 0
1.41 -19.45 -17 -1.72 -19.45 -16.5 0
-1.72 -19.45 -16.5 -2.03 -19.61 -16.5 0
-2.03 -19.61 -16.5 -2.19 -19.61 -16.5 0
-2.19 -19.61 -16.5 -5 -19.61 -16.5 0
-5 -19.61 -16.5 -5.16 -19.77 -16.5 0
-5.16 -19.77 -16.5 -10.63 -19.92 -16 0
-10.63 -19.92 -16 -14.06 -21.17 -16 0
-14.06 -21.17 -16 -14.38 -21.02 -15.5 0
-14.38 -21.02 -15.5 -15.63 -22.42 -15.5 0
-15.63 -22.42 -15.5 -15.63 -22.58 -15.5 0
-15.63 -22.58 -15.5 -17.81 -23.67 -15.5 0
-17.81 -23.67 -15.5 -20.16 -24.14 -15.5 0
-20.16 -24.14 -15.5 -20.16 -24.3 -15.5 0
-20.16 -24.3 -15.5 -22.97 -24.92 -15.5 0
-22.97 -24.92 -15.5 -23.44 -24.92 -15.5 0
-23.44 -24.92 -15.5 -25.31 -25.23 -15.5 0
-25.31 -25.23 -15.5 -27.81 -25.55 -15 0
-27.81 -25.55 -15 -31.25 -26.02 -15 0
-14.38 -21.02 -15.5 -14.53 -21.02 -15.5 0
-14.53 -21.02 -15.5 -15.78 -20.7 -15.5 0
-15.78 -20.7 -15.5 -17.66 -21.17 -15.5 0
-17.66 -21.17 -15.5 -19.69 -20.39 -16 0
-19.69 -20.39 -16 -19.84 -20.55 -16 0
-19.84 -20.55 -16 -21.56 -19.77 -16 0
-21.56 -19.77 -16 -23.59 -18.67 -15.5 0
-23.59 -18.67 -15.5 -26.41 -18.83 -15.5 0
-26.41 -18.83 -15.5 -26.41 -18.98 -15.5 0
-26.41 -18.98 -15.5 -27.97 -18.52 -15.5 0
-27.97 -18.52 -15.5 -29.53 -17.42 -15.5 0
-29.53 -17.42 -15.5 -29.69 -17.42 -15.5 0
-29.69 -17.42 -15.5 -31.41 -16.17 -15.5 0
-31.41 -16.17 -15.5 -32.34 -15.08 -15.5 0
-26.41 -18.98 -15.5 -27.66 -20.08 -15.5 0
-27.66 -20.08 -15.5 -30 -21.02 -15.5 0
-23.59 -18.67 -15.5 -23.4 -15.86 -15.5 0
-23.4 -15.86 -15.5 -24.53 -16.33 -15.5 0
-24.53 -16.33 -15.5 -25.31 -15.39 -15.5 0
-25.31 -15.39 -15.5 -25.47 -15.39 -15.5 0
-25.47 -15.39 -15.5 -26.56 -14.45 -15.5 0
-23.4 -15.86 -15.5 -23.44 -16.48 -15.5 0
-23.44 -16.48 -15.5 -23.44 -14.61 -15.5 0
-23.44 -14.61 -15.5 -23.59 -14.61 -15.5 0
-23.59 -14.61 -15.5 -24.84 -13.05 -15.5 0
-21.56 -19.77 -16 -23.59 -20.86 -16 0
-23.59 -20.86 -16 -25.94 -22.11 -16 0
-25.94 -22.11 -16 -27.5 -22.42 -16 0
-27.5 -22.42 -16 -27.34 -22.58 -16 0
-14.53 -21.02 -15.5 -15.47 -19.45 -16 0
-15.47 -19.45 -16 -15.78 -19.45 -16 0
-15.78 -19.45 -16 -17.19 -18.36 -16 0
-17.19 -18.36 -16 -17.34 -18.36 -16 0
-17.34 -18.36 -16 -20.16 -17.58 -16 0
-20.16 -17.58 -16 -21.41 -16.8 -16 0
-21.41 -16.8 -16 -22.97 -16.17 -15 0
-22.97 -16.17 -15 -23.13 -16.17 -15 0
-23.13 -16.17 -15 -25.47 -16.17 -15 0
-25.47 -16.17 -15 -27.81 -15.39 -15 0
-27.81 -15.39 -15 -27.97 -15.39 -15 0
-27.97 -15.39 -15 -30.63 -14.3 -15 0
-30.63 -14.3 -15 -31.25 -12.42 -15 0
-31.25 -12.42 -15 -29.38 -11.95 -15 0
-23.13 -16.17 -15 -22.66 -14.77 -15 0
-22.66 -14.77 -15 -21.41 -13.67 -15 0
-14.06 -21.17 -16 -13.91 -22.11 -15 0
-13.91 -22.11 -15 -14.37 -23.05 -15.5 0
-14.37 -23.05 -15.5 -14.06 -23.2 -15.5 0
-14.06 -23.2 -15.5 -14.84 -25.08 -16 0
-14.84 -25.08 -16 -15 -25.08 -16 0
-15 -25.08 -16 -17.19 -26.02 -16 0
-17.19 -26.02 -16 -17.34 -26.02 -16 0
-17.34 -26.02 -16 -19.22 -27.27 -16 0
-19.22 -27.27 -16 -19.22 -27.42 -16 0
-19.22 -27.42 -16 -20.16 -28.67 -16 0
-20.16 -28.67 -16 -22.34 -29.61 -16 0
-22.34 -29.61 -16 -23.44 -29.45 -16 0
-23.44 -29.45 -16 -23.59 -29.45 -16 0
9.69 -20.23 -18 8.59 -18.83 -18 0
8.59 -18.83 -18 8.44 -18.83 -18 0
8.44 -18.83 -18 6.72 -17.73 -18 0
6.72 -17.73 -18 4.53 -16.17 -17.5 0
4.53 -16.17 -17.5 3.28 -15.23 -16.5 0
3.28 -15.23 -16.5 0.78 -15.08 -16.5 0
0.78 -15.08 -16.5 -0.94 -13.67 -16.5 0
-0.94 -13.67 -16.5 -2.66 -13.52 -16 0
-2.66 -13.52 -16 -2.81 -13.67 -16 0
-2.81 -13.67 -16 -3.75 -15.39 -16 0
-0.94 -13.67 -16.5 -2.19 -10.23 -16 0
-2.19 -10.23 -16 -2.34 -10.23 -16 0
-2.34 -10.23 -16 -5.16 -10.86 -15.5 0
-5.16 -10.86 -15.5 -5.31 -10.86 -15.5 0
-5.31 -10.86 -15.5 -5.47 -10.86 -15.5 0
-5.47 -10.86 -15.5 -7.97 -10.86 -15.5 0
-7.97 -10.86 -15.5 -9.22 -11.64 -15.5 0
-9.22 -11.64 -15.5 -9.22 -11.8 -15.5 0
-2.34 -10.23 -16 -3.28 -8.36 -16 0
-3.28 -8.36 -16 -4.19 -6.471 -14.21 0
-4.19 -6.471 -14.21 -4.69 -6.02 -14.5 0
-4.69 -6.02 -14.5 -4.84 -6.02 -14.5 0
-4.84 -6.02 -14.5 -5.78 -3.83 -14.5 0
-5.78 -3.83 -14.5 -6.88 -1.17 -14.5 0
-6.88 -1.17 -14.5 -7.81 0.23 -14.5 0
-7.81 0.23 -14.5 -8.75 1.95 -11 0
-8.75 1.95 -11 -10.31 3.83 -11 0
-10.31 3.83 -11 -10.47 3.83 -11 0
-7.81 0.23 -14.5 -6.41 1.64 -14.5 0
-6.41 1.64 -14.5 -6.56 1.64 -14.5 0
-6.56 1.64 -14.5 -7.19 3.05 -14.5 0
-7.19 3.05 -14.5 -7.34 2.89 -14.5 0
-7.34 2.89 -14.5 -8.28 4.61 -14.5 0
-8.28 4.61 -14.5 -7.97 4.45 -14.5 0
-3.28 -8.36 -16 -3.44 -8.52 -16 0
-3.44 -8.52 -16 -5 -7.27 -16 0
-5 -7.27 -16 -6.41 -6.64 -16 0
-6.41 -6.64 -16 -8.44 -5.86 -15 0
-8.44 -5.86 -15 -9.53 -8.67 -15.5 0
-8.44 -5.86 -15 -9.951 -4.856 -12.84 0
-9.951 -4.856 -12.84 -10.31 -3.98 -14 0
-10.31 -3.98 -14 -10.47 -3.98 -14 0
-10.47 -3.98 -14 -10.94 -2.74 -13.5 0
-10.94 -2.74 -13.5 -11.25 -2.58 -13.5 0
-11.25 -2.58 -13.5 -12.97 -0.7 -15 0
-12.97 -0.7 -15 -13.13 -0.7 -15 0
-9.951 -4.856 -12.84 -10.31 -4.61 -13 0
-10.31 -4.61 -13 -12.5 -3.83 -13 0
-12.5 -3.83 -13 -14.38 -3.36 -13 0
-14.38 -3.36 -13 -16.09 -4.61 -13 0
-16.09 -4.61 -13 -16.25 -4.61 -13 0
-16.25 -4.61 -13 -15.94 -6.48 -13 0
-15.94 -6.48 -13 -15.94 -6.64 -13 0
-5 -7.27 -16 -5.16 -7.11 -16 0
-3.44 -8.52 -16 -1.25 -7.58 -15.5 0
-1.25 -7.58 -15.5 0.78 -5.86 -15.5 0
0.78 -5.86 -15.5 2.03 -4.14 -15.5 0
2.03 -4.14 -15.5 3.91 -2.27 -16 0
3.91 -2.27 -16 6.88 -1.64 -16 0
3.28 -15.23 -16.5 4.06 -12.58 -16.5 0
4.06 -12.58 -16.5 2.34 -11.64 -16.5 0
2.34 -11.64 -16.5 2.34 -11.8 -16.5 0
2.34 -11.8 -16.5 1.09 -10.39 -16.5 0
1.09 -10.39 -16.5 0.16 -8.98 -16.5 0
0.16 -8.98 -16.5 0 -8.98 -16.5 0
0 -8.98 -16.5 -1.09 -7.73 -17 0
-1.09 -7.73 -17 -1.56 -7.73 -17 0
-1.56 -7.73 -17 -3.13 -6.17 -17 0
-3.13 -6.17 -17 -5 -4.61 -17 0
-5 -4.61 -17 -5 -4.77 -17 0
-5 -4.77 -17 -7.03 -3.83 -17 0
-7.03 -3.83 -17 -7.19 -3.83 -17 0
-7.19 -3.83 -17 -9.38 -3.36 -17 0
-9.38 -3.36 -17 -9.53 -3.36 -17 0
-9.53 -3.36 -17 -11.88 -3.36 -17 0
-11.88 -3.36 -17 -12.03 -3.36 -17 0
-12.03 -3.36 -17 -13.13 -5.23 -17 0
-13.13 -5.23 -17 -12.81 -7.11 -17 0
-3.13 -6.17 -17 -4.06 -3.83 -16 0
-4.06 -3.83 -16 -3.75 -1.8 -16 0
-3.75 -1.8 -16 -3.91 -1.8 -16 0
-3.91 -1.8 -16 -4.69 0.55 -16 0
-4.69 0.55 -16 -4.69 0.39 -16 0
4.06 -12.58 -16.5 5.16 -10.23 -16.5 0
5.16 -10.23 -16.5 6.09 -8.05 -16.5 0
6.09 -8.05 -16.5 7.03 -6.64 -16 0
7.03 -6.64 -16 7.34 -4.61 -16 0
7.34 -4.61 -16 8.59 -2.89 -16 0
7.34 -4.61 -16 7.598 -2.923 -16 0
7.598 -2.923 -16 9.06 -7.73 -16 0
9.06 -7.73 -16 9.53 -9.61 -16 0
9.53 -9.61 -16 10.16 -12.11 -16 0
10.16 -12.11 -16 9.53 -14.14 -16 0
9.53 -14.14 -16 9.38 -14.3 -16 0
9.38 -14.3 -16 8.28 -15.86 -16 0
8.28 -15.86 -16 10 -16.95 -16 0
10 -16.95 -16 12.03 -18.52 -17 0
12.03 -18.52 -17 15 -19.45 -17 0
10.16 -12.11 -16 12.34 -13.52 -16.5 0
12.34 -13.52 -16.5 13.44 -14.45 -16.5 0
13.44 -14.45 -16.5 15 -14.61 -16.5 0
15 -14.61 -16.5 14.69 -14.61 -16.5 0
9.06 -7.73 -16 11.72 -7.73 -16 0
11.72 -7.73 -16 12.81 -8.83 -16 0
12.81 -8.83 -16 14.53 -9.61 -16 0
14.53 -9.61 -16 14.38 -9.77 -16 0
7.598 -2.923 -16 8.59 -5.39 -16 0
8.59 -5.39 -16 10.31 -4.92 -16 0
10.31 -4.92 -16 10.16 -4.92 -16 0
10.16 -4.92 -16 11.56 -4.92 -16 0
7.03 -6.64 -16 6.88 -6.64 -14.5 0
6.88 -6.64 -14.5 5.47 -5.39 -14.5 0
5.47 -5.39 -14.5 4.38 -3.83 -14.5 0
4.38 -3.83 -14.5 3.44 -2.58 -14.5 0
3.44 -2.58 -14.5 1.72 -1.02 -14.5 0
1.72 -1.02 -14.5 1.25 1.64 -14.5 0
18.75 -19.69 -17 19.69 -21.09 -17 0
19.69 -21.09 -17 19.22 -22.11 -19 0
19.22 -22.11 -19 17.97 -23.05 -19 0
17.97 -23.05 -19 16.56 -24.14 -19 0
16.56 -24.14 -19 15.16 -25.23 -19 0
15.16 -25.23 -19 12.34 -23.05 -18.5 0
15.16 -25.23 -19 12.94 -26.84 -18.35 0
12.94 -26.84 -18.35 17.5 -26.33 -19 0
17.5 -26.33 -19 18.59 -24.61 -18.5 0
17.5 -26.33 -19 17.97 -29.14 -19 0
17.97 -29.14 -19 17.66 -32.27 -19 0
17.66 -32.27 -19 19.69 -32.42 -19 0
19.69 -32.42 -19 19.53 -32.58 -19 0
16.25 -34.77 -18.5 17.03 -32.73 -18.5 0
17.03 -32.73 -18.5 19.53 -34.92 -18.5 0
19.53 -34.92 -18.5 19.38 -34.92 -18.5 0
14.06 -35.7 -18.5 13.13 -33.83 -18.5 0
13.13 -33.83 -18.5 10.63 -32.58 -18 0
10.63 -32.58 -18 10.47 -32.58 -18 0
10.47 -32.58 -18 9.22 -31.02 -18 0
9.22 -31.02 -18 7.97 -29.45 -18 0
7.97 -29.45 -18 7.34 -27.11 -18 0
13.13 -33.83 -18.5 13.59 -31.02 -18.5 0
13.59 -31.02 -18.5 12.34 -28.83 -18.5 0
12.34 -28.83 -18.5 11.72 -26.8 -18.5 0
11.72 -26.8 -18.5 11.56 -26.8 -18.5 0
11.56 -26.8 -18.5 9.69 -24.61 -18.5 0
9.69 -24.61 -18.5 9.06 -23.67 -18 0
9.06 -23.67 -18 9.06 -23.83 -18 0
9.06 -23.83 -18 7.34 -23.98 -18 0
7.34 -23.98 -18 5.47 -24.3 -18 0
5.47 -24.3 -18 5.31 -24.3 -18 0
9.06 -23.83 -18 7.34 -22.11 -18 0
7.34 -22.11 -18 4.69 -21.64 -18 0
4.69 -21.64 -18 4.69 -21.8 -18 0
10.41 -35.22 -18.5 10.78 -35.55 -18.5 0
10.78 -35.55 -18.5 8.44 -33.83 -18.5 0
8.44 -33.83 -18.5 8.44 -33.98 -18.5 0
8.44 -33.98 -18.5 6.56 -34.61 -18.5 0
6.56 -34.61 -18.5 4.38 -35.39 -18.5 0
4.38 -35.39 -18.5 4.22 -35.39 -18.5 0
4.22 -35.39 -18.5 2.34 -35.86 -18.5 0
2.34 -35.86 -18.5 2.19 -35.86 -18.5 0
2.19 -35.86 -18.5 0.47 -35.7 -18.5 0
8.44 -33.98 -18.5 6.56 -32.27 -18 0
6.56 -32.27 -18 6.41 -32.27 -18 0
6.41 -32.27 -18 5.16 -30.7 -18 0
5.16 -30.7 -18 3.75 -29.14 -18 0
3.75 -29.14 -18 3.75 -29.3 -18 0
3.75 -29.3 -18 1.25 -29.45 -18 0
1.25 -29.45 -18 1.09 -29.45 -18 0
1.09 -29.45 -18 -1.25 -29.45 -18 0
3.75 -29.3 -18 5.63 -27.42 -18 0
5.63 -27.42 -18 6.41 -25.7 -18.5 0
6.41 -25.7 -18.5 6.25 -25.7 -18.5 0
6.25 -25.7 -18.5 5.94 -23.83 -18.5 0
5.94 -23.83 -18.5 3.13 -23.83 -18.5 0
12.94 -26.84 -18.35 13.44 -26.48 -18.5 0
13.44 -26.48 -18.5 13.28 -26.48 -18.5 0
13.28 -26.48 -18.5 11.56 -27.73 -18.5 0
11.56 -27.73 -18.5 9.69 -29.92 -19.5 0
9.69 -29.92 -19.5 9.53 -29.92 -19.5 0
9.53 -29.92 -19.5 7.34 -31.02 -19 0
7.34 -31.02 -19 7.34 -31.17 -19 0
7.34 -31.17 -19 5.16 -31.95 -19 0
5.16 -31.95 -19 3.13 -32.42 -18.5 0
3.13 -32.42 -18.5 0.94 -32.73 -18.5 0
0.94 -32.73 -18.5 0.63 -32.73 -18.5 0
0.63 -32.73 -18.5 -2.19 -32.89 -18.5 0
-2.19 -32.89 -18.5 -2.34 -30.7 -18 0
-2.34 -30.7 -18 -3.44 -28.67 -17.5 0
-3.44 -28.67 -17.5 -3.59 -28.83 -17.5 0
-3.59 -28.83 -17.5 -6.09 -27.42 -17.5 0
-6.09 -27.42 -17.5 -6.25 -27.58 -17.5 0
-6.25 -27.58 -17.5 -7.97 -26.8 -16.5 0
-7.97 -26.8 -16.5 -8.13 -26.95 -16.5 0
-8.13 -26.95 -16.5 -8.28 -26.95 -16.5 0
-2.19 -32.89 -18.5 -4.973 -32.65 -18.11 0
-4.973 -32.65 -18.11 -3.44 -34.61 -17.5 0
-3.44 -34.61 -17.5 -5.94 -36.48 -17.5 0
-5.94 -36.48 -17.5 -7.81 -38.2 -17.5 0
-7.81 -38.2 -17.5 -11.56 -39.3 -17.5 0
-11.56 -39.3 -17.5 -11.56 -39.45 -17.5 0
-4.973 -32.65 -18.11 -5.78 -32.58 -18 0
-5.78 -32.58 -18 -6.72 -33.52 -17.5 0
-6.72 -33.52 -17.5 -9.22 -35.23 -17.5 0
-9.22 -35.23 -17.5 -11.88 -36.02 -17.5 0
-11.88 -36.02 -17.5 -15.94 -36.8 -17.5 0
-5.78 -32.58 -18 -7.66 -30.55 -18 0
-7.66 -30.55 -18 -10.16 -28.2 -18 0
-10.16 -28.2 -18 -10.31 -28.2 -18 0
-10.31 -28.2 -18 -12.81 -27.73 -18 0
-12.81 -27.73 -18 -15.16 -27.89 -18 0
-15.16 -27.89 -18 -15.16 -28.05 -18 0
-15.16 -28.05 -18 -17.19 -29.77 -18 0
-10.31 -28.2 -18 -11.09 -25.86 -18 0
-11.09 -25.86 -18 -12.03 -23.98 -18 0
-12.03 -23.98 -18 -14.22 -23.36 -18 0
-14.22 -23.36 -18 -16.41 -22.73 -18 0
-16.41 -22.73 -18 -16.56 -22.89 -18 0
19.69 -21.09 -17 21.09 -22.5 -17.5 0
21.09 -22.5 -17.5 21.09 -22.66 -17.5 0
21.09 -22.66 -17.5 22.97 -24.38 -17.5 0
22.97 -24.38 -17.5 27.03 -23.13 -20.5 0
27.03 -23.13 -20.5 29.06 -22.34 -20.5 0
29.06 -22.34 -20.5 30.47 -22.34 -20.5 0
30.47 -22.34 -20.5 30.27 -19.76 -19 0
30.27 -19.76 -19 30.59 -18.99 -19 0
30.59 -18.99 -19 31.09 -17.97 -19 0
31.09 -17.97 -19 32.81 -18.52 -20.5 0
32.81 -18.52 -20.5 36.25 -19.14 -20.5 0
36.25 -19.14 -20.5 40.63 -20.08 -20.5 0
40.63 -20.08 -20.5 40.63 -20.23 -20.5 0
40.63 -20.23 -20.5 43.28 -20.39 -20.5 0
43.28 -20.39 -20.5 46.25 -21.33 -19.5 0
46.25 -21.33 -19.5 49.22 -21.33 -19.5 0
49.22 -21.33 -19.5 51.41 -20.7 -19.5 0
51.41 -20.7 -19.5 51.25 -20.7 -19.5 0
51.25 -20.7 -19.5 53.75 -21.48 -19.5 0
53.75 -21.48 -19.5 53.75 -21.64 -19.5 0
53.75 -21.64 -19.5 54.69 -24.3 -19.5 0
54.69 -24.3 -19.5 56.41 -25.55 -19.5 0
56.41 -25.55 -19.5 55.78 -28.05 -21 0
55.78 -28.05 -21 54.22 -28.2 -21 0
54.22 -28.2 -21 52.5 -27.58 -21 0
56.41 -25.55 -19.5 58.98 -24.48 -19.98 0
58.98 -24.48 -19.98 56.25 -27.73 -20 0
56.25 -27.73 -20 56.41 -28.2 -20 0
56.41 -28.2 -20 58.28 -29.77 -20.5 0
58.28 -29.77 -20.5 58.59 -29.92 -20.5 0
58.59 -29.92 -20.5 60.47 -29.61 -20.5 0
60.47 -29.61 -20.5 62.66 -29.45 -20.5 0
62.66 -29.45 -20.5 62.66 -29.61 -20.5 0
58.98 -24.48 -19.98 59.22 -23.2 -20 0
59.22 -23.2 -20 59.53 -20.86 -20 0
59.53 -20.86 -20 60.31 -18.2 -20 0
60.31 -18.2 -20 60.16 -18.36 -20 0
53.75 -21.64 -19.5 55.94 -20.39 -20 0
55.94 -20.39 -20 57.5 -19.77 -20 0
57.5 -19.77 -20 57.5 -19.92 -20 0
31.09 -17.97 -19 31.06 -15.86 -19 0
31.06 -15.86 -19 31.37 -14.14 -19 0
31.37 -14.14 -19 32.46 -10.08 -19.5 0
32.46 -10.08 -19.5 29.49 -6.64 -19 0
29.49 -6.64 -19 29.49 -6.48 -19 0
29.49 -6.48 -19 27.77 -7.42 -19 0
27.77 -7.42 -19 25.12 -8.2 -19 0
25.12 -8.2 -19 23.09 -8.36 -19 0
23.09 -8.36 -19 20.43 -9.3 -19 0
20.43 -9.3 -19 20.27 -9.3 -19 0
20.27 -9.3 -19 15.9 -11.33 -19 0
15.9 -11.33 -19 12.93 -11.64 -19.5 0
12.93 -11.64 -19.5 11.21 -10.39 -19.5 0
11.21 -10.39 -19.5 11.05 -10.39 -19.5 0
11.05 -10.39 -19.5 9.96 -9.45 -19.5 0
9.96 -9.45 -19.5 9.8 -9.45 -19.5 0
9.8 -9.45 -19.5 7.46 -8.52 -19.5 0
12.93 -11.64 -19.5 12.15 -10.08 -19 0
12.15 -10.08 -19 11.99 -10.08 -19 0
11.99 -10.08 -19 11.37 -8.05 -19 0
11.37 -8.05 -19 11.21 -8.05 -19 0
11.21 -8.05 -19 10.59 -6.64 -19 0
10.59 -6.64 -19 10.43 -6.64 -19 0
29.49 -6.48 -19 31.63 -4.649 -19 0
31.63 -4.649 -19 27.77 -5.08 -17.5 0
27.77 -5.08 -17.5 25.43 -4.3 -17 0
25.43 -4.3 -17 23.71 -3.83 -17 0
23.71 -3.83 -17 22.71 -3.557 -17 0
22.71 -3.557 -17 22.15 -3.36 -17 0
22.15 -3.36 -17 19.96 -4.14 -17.5 0
19.96 -4.14 -17.5 17.62 -4.45 -17.5 0
22.15 -3.36 -17 21.05 -1.8 -17 0
21.05 -1.8 -17 19.65 -0.55 -17 0
19.65 -0.55 -17 19.49 -0.55 -17 0
19.49 -0.55 -17 20 1.17 -16 0
20 1.17 -16 19.69 1.64 -16 0
19.69 1.64 -16 19.84 2.26 -16 0
19.84 2.26 -16 20.16 3.52 -16 0
20.16 3.52 -16 21.88 5.39 -16 0
21.88 5.39 -16 23.91 6.8 -16 0
23.91 6.8 -16 25.78 7.27 -16 0
19.49 -0.55 -17 18.79 2.471 -15.51 0
18.79 2.471 -15.51 16.99 -0.08 -17.5 0
16.99 -0.08 -17.5 16.99 -0.23 -17.5 0
16.99 -0.23 -17.5 14.65 1.33 -17.5 0
14.65 1.33 -17.5 12.77 2.11 -17.5 0
12.77 2.11 -17.5 10.43 3.36 -17.5 0
18.79 2.471 -15.51 19.02 1.48 -16 0
19.02 1.48 -16 18.87 1.48 -16 0
18.87 1.48 -16 17.77 3.83 -16 0
17.77 3.83 -16 16.05 4.45 -14.5 0
16.05 4.45 -14.5 12.93 4.92 -14.5 0
22.71 -3.557 -17 27.3 -2.11 -17.5 0
27.3 -2.11 -17.5 28.4 0.08 -17.5 0
28.4 0.08 -17.5 28.24 0.08 -17.5 0
28.24 0.08 -17.5 28.4 2.27 -17.5 0
28.4 2.27 -17.5 28.24 2.42 -17.5 0
28.24 2.42 -17.5 27.46 3.98 -17.5 0
27.46 3.98 -17.5 28.4 6.17 -17.5 0
28.4 6.17 -17.5 28.24 6.02 -17.5 0
28.24 6.02 -17.5 27.3 8.05 -16.5 0
27.3 8.05 -16.5 27.15 8.05 -16.5 0
27.15 8.05 -16.5 24.96 10.39 -16.5 0
24.96 10.39 -16.5 22.77 12.11 -16.5 0
22.77 12.11 -16.5 20.12 13.36 -16.5 0
20.12 13.36 -16.5 16.21 13.98 -16.5 0
16.21 13.98 -16.5 16.21 13.83 -16.5 0
16.21 13.83 -16.5 13.4 14.92 -16.5 0
13.4 14.92 -16.5 10.9 16.17 -16.5 0
10.9 16.17 -16.5 10.74 16.17 -16.5 0
10.74 16.17 -16.5 9.8 18.2 -16.5 0
9.8 18.2 -16.5 9.18 20.23 -16.5 0
9.18 20.23 -16.5 9.02 20.08 -16.5 0
28.24 6.02 -17.5 31.52 7.11 -17.5 0
31.52 7.11 -17.5 31.52 6.95 -17.5 0
31.52 6.95 -17.5 32.3 8.52 -17.5 0
32.3 8.52 -17.5 31.21 11.17 -17.5 0
31.21 11.17 -17.5 30.9 11.02 -17.5 0
30.9 11.02 -17.5 28.4 12.89 -17.5 0
28.4 12.89 -17.5 28.24 12.89 -17.5 0
28.24 12.89 -17.5 25.9 14.3 -17.5 0
25.9 14.3 -17.5 25.59 14.3 -17.5 0
25.59 14.3 -17.5 23.87 15.55 -17.5 0
23.87 15.55 -17.5 23.71 15.39 -17.5 0
23.71 15.39 -17.5 22.62 16.8 -16 0
22.62 16.8 -16 20.9 19.77 -16 0
20.9 19.77 -16 20.74 19.77 -16 0
23.71 -3.83 -17 24.8 -6.17 -18.5 0
24.8 -6.17 -18.5 24.49 -9.3 -19 0
24.49 -9.3 -19 23.87 -10.86 -19 0
23.87 -10.86 -19 21.84 -12.89 -19 0
25.43 -4.3 -17 25 -2.66 -17 0
25 -2.66 -17 25 -2.34 -17 0
25 -2.34 -17 24.69 -0.47 -17 0
24.69 -0.47 -17 24.38 0.78 -17 0
24.38 0.78 -17 24.06 1.09 -17 0
24.06 1.09 -17 22.81 2.5 -17 0
22.81 2.5 -17 21.56 3.59 -17 0
21.56 3.59 -17 20.31 4.53 -17 0
31.63 -4.649 -19 31.99 -2.89 -18.5 0
31.99 -2.89 -18.5 32.93 -0.55 -18 0
32.93 -0.55 -18 35.43 0.08 -17.5 0
35.43 0.08 -17.5 37.62 0.7 -17.5 0
37.62 0.7 -17.5 39.18 1.33 -17.5 0
32.93 -0.55 -18 32.93 1.48 -18 0
32.93 1.48 -18 34.8 2.27 -18 0
32.93 1.48 -18 31.05 2.42 -17.5 0
31.05 2.42 -17.5 30.9 3.98 -17.5 0
30.9 3.98 -17.5 30.74 3.98 -17.5 0
30.74 3.98 -17.5 32.77 6.02 -17.5 0
32.46 -10.08 -19.5 34.65 -8.67 -18.5 0
34.65 -8.67 -18.5 38.09 -8.83 -19.5 0
38.09 -8.83 -19.5 41.05 -8.83 -19 0
41.05 -8.83 -19 43.87 -11.95 -19 0
43.87 -11.95 -19 46.68 -14.14 -19 0
46.68 -14.14 -19 46.68 -14.3 -19 0
46.68 -14.3 -19 49.65 -16.02 -19 0
49.65 -16.02 -19 49.8 -18.36 -19.5 0
49.8 -18.36 -19.5 48.24 -18.67 -19.5 0
49.65 -16.02 -19 53.55 -17.27 -19 0
53.55 -17.27 -19 56.37 -16.64 -19 0
56.37 -16.64 -19 58.87 -14.45 -19 0
41.05 -8.83 -19 45.12 -7.11 -19 0
45.12 -7.11 -19 48.24 -5.55 -19 0
48.24 -5.55 -19 51.37 -2.89 -19 0
34.65 -8.67 -18.5 34.65 -6.17 -18.5 0
34.65 -6.17 -18.5 37.3 -4.77 -18.5 0
37.3 -4.77 -18.5 39.96 -2.73 -18 0
39.96 -2.73 -18 39.8 -2.73 -18 0
39.8 -2.73 -18 41.99 0.55 -18 0
41.99 0.55 -18 42.77 2.27 -17 0
42.77 2.27 -17 42.81 2.42 -16 0
42.81 2.42 -16 41.25 3.67 -16 0
41.25 3.67 -16 41.25 3.52 -16 0
41.25 3.52 -16 39.84 2.58 -16.5 0
39.84 2.58 -16.5 38.28 1.8 -16.5 0
41.25 3.52 -16 39.06 6.48 -16 0
39.06 6.48 -16 39.06 6.33 -16 0
39.06 6.33 -16 41.41 8.36 -15 0
39.06 6.33 -16 37.23 8.475 -16 0
37.23 8.475 -16 37.81 5.08 -16.5 0
37.81 5.08 -16.5 37.66 5.08 -16.5 0
37.66 5.08 -16.5 36.25 3.52 -16.5 0
37.23 8.475 -16 37.19 8.36 -16 0
37.19 8.36 -16 38.75 9.92 -17 0
38.75 9.92 -17 38.59 9.92 -17 0
38.59 9.92 -17 40.47 12.58 -17 0
40.47 12.58 -17 41.88 14.61 -17 0
41.88 14.61 -17 41.72 14.45 -17 0
41.72 14.45 -17 40.47 16.02 -17 0
40.47 16.02 -17 38.91 17.58 -17 0
38.91 17.58 -17 38.59 17.58 -17 0
38.59 17.58 -17 38.44 17.42 -17 0
41.72 14.45 -17 42.5 16.17 -17 0
42.5 16.17 -17 42.19 18.2 -17 0
37.19 8.36 -16 35 10.86 -16 0
35 10.86 -16 33.13 12.58 -16 0
42.77 2.27 -17 43.92 4.845 -17 0
43.92 4.845 -17 45.74 1.48 -17 0
45.74 1.48 -17 49.18 2.73 -17 0
49.18 2.73 -17 51.68 4.14 -17.5 0
51.68 4.14 -17.5 54.18 6.33 -17.5 0
54.18 6.33 -17.5 56.21 7.73 -17.5 0
43.92 4.845 -17 45.18 7.67 -17 0
45.18 7.67 -17 48.4 7.42 -17.5 0
48.4 7.42 -17.5 50.59 9.3 -17.5 0
45.18 7.67 -17 46.84 10.23 -17 0
46.84 10.23 -17 49.18 12.11 -17 0
49.18 12.11 -17 51.21 12.42 -17 0
51.21 12.42 -17 51.05 12.42 -17 0
30.47 -22.34 -20.5 33.13 -22.66 -20.5 0
33.13 -22.66 -20.5 35.16 -23.13 -20.5 0
35.16 -23.13 -20.5 37.97 -23.91 -20.5 0
37.97 -23.91 -20.5 40.47 -24.84 -20.5 0
40.47 -24.84 -20.5 41.17 -24.95 -20.5 0
41.17 -24.95 -20.5 40.94 -26.36 -22.5 0
40.94 -26.36 -22.5 40.78 -27.69 -22.5 0
40.78 -27.69 -22.5 40.94 -29.4 -22.5 0
40.94 -29.4 -22.5 40.94 -31.2 -22.5 0
40.94 -31.2 -22.5 41.02 -32.53 -22.5 0
41.02 -32.53 -22.5 41.48 -34.09 -22.5 0
41.48 -34.09 -22.5 42.5 -35.97 -22.5 0
42.5 -35.97 -22.5 43.91 -37.29 -22.5 0
43.91 -37.29 -22.5 44.84 -38.78 -22.5 0
44.84 -38.78 -22.5 44.53 -40.26 -22.5 0
44.53 -40.26 -22.5 42.66 -42.29 -22.5 0
42.66 -42.29 -22.5 41.64 -44.01 -22.5 0
41.64 -44.01 -22.5 40.7 -45.26 -22.5 0
41.17 -24.95 -20.5 43.13 -25.47 -20.5 0
43.13 -25.47 -20.5 46.56 -26.56 -20.5 0
46.56 -26.56 -20.5 48.28 -27.81 -20.5 0
48.28 -27.81 -20.5 50.16 -29.06 -20.5 0
50.16 -29.06 -20.5 52.66 -30 -20.5 0
52.66 -30 -20.5 55.16 -31.25 -20.5 0
55.16 -31.25 -20.5 58.13 -32.66 -20.5 0
58.13 -32.66 -20.5 60.31 -33.59 -22 0
60.31 -33.59 -22 62.81 -34.53 -22 0
62.81 -34.53 -22 64.06 -34.84 -22 0
64.06 -34.84 -22 65.78 -35.31 -22 0
65.78 -35.31 -22 66.1 -34.14 -21.5 0
66.1 -34.14 -21.5 66.56 -33.05 -21.5 0
66.56 -33.05 -21.5 67.66 -31.48 -21.5 0
67.66 -31.48 -21.5 67.66 -31.64 -21.5 0
67.66 -31.64 -21.5 69.06 -31.56 -22.5 0
69.06 -31.56 -22.5 70.78 -31.56 -22 0
70.78 -31.56 -22 73.13 -30.47 -22 0
73.13 -30.47 -22 75.47 -28.59 -22 0
75.47 -28.59 -22 77.97 -26.41 -22.5 0
77.97 -26.41 -22.5 78.28 -24.84 -22.5 0
78.28 -24.84 -22.5 77.97 -22.81 -22.5 0
77.97 -22.81 -22.5 77.5 -22.03 -22.5 0
67.66 -31.64 -21.5 69.38 -28.52 -22 0
69.38 -28.52 -22 69.22 -28.52 -22 0
69.22 -28.52 -22 70.31 -26.64 -20.5 0
70.31 -26.64 -20.5 71.25 -26.56 -20.5 0
71.25 -26.56 -20.5 73.44 -26.72 -20.5 0
73.44 -26.72 -20.5 73.91 -25.47 -20 0
73.91 -25.47 -20 75.31 -24.38 -20 0
75.31 -24.38 -20 76.56 -22.97 -20 0
76.56 -22.97 -20 76.41 -21.09 -20 0
76.41 -21.09 -20 75.78 -20.16 -20 0
73.44 -26.72 -20.5 75.12 -27.56 -20.5 0
75.12 -27.56 -20.5 76.72 -24.22 -19.5 0
76.72 -24.22 -19.5 79.38 -22.03 -19.5 0
79.38 -22.03 -19.5 81.41 -18.59 -18 0
81.41 -18.59 -18 84.22 -15.94 -18 0
84.22 -15.94 -18 86.41 -12.5 -18 0
79.38 -22.03 -19.5 80.93 -22.97 -19.5 0
80.93 -22.97 -19.5 82.03 -23.6 -19.5 0
82.03 -23.6 -19.5 84.53 -25 -21 0
84.53 -25 -21 86.09 -25.78 -22 0
86.09 -25.78 -22 88.91 -25.31 -22 0
88.91 -25.31 -22 91.56 -24.69 -22 0
91.56 -24.69 -22 93.91 -25.31 -22 0
93.91 -25.31 -22 95.31 -25.78 -22 0
95.31 -25.78 -22 96.88 -27.34 -22 0
96.88 -27.34 -22 98.28 -28.44 -22 0
98.28 -28.44 -22 99.53 -28.44 -22 0
99.53 -28.44 -22 101.4 -27.34 -22 0
95.31 -25.78 -22 96.72 -24.06 -22 0
96.72 -24.06 -22 97.5 -22.66 -22 0
97.5 -22.66 -22 98.75 -20.63 -22 0
91.56 -24.69 -22 93.28 -23.44 -22 0
93.28 -23.44 -22 94.22 -21.88 -22 0
86.09 -25.78 -22 87.97 -28.13 -22 0
70.31 -26.64 -20.5 69.84 -25.23 -20.5 0
69.84 -25.23 -20.5 69.38 -23.36 -20.5 0
69.38 -23.36 -20.5 70.32 -22.5 -18.5 0
70.32 -22.5 -18.5 71.09 -21.41 -18.5 0
71.09 -21.41 -18.5 73.59 -19.84 -18.5 0
73.59 -19.84 -18.5 76.41 -18.13 -18.5 0
76.41 -18.13 -18.5 78.44 -16.25 -18.5 0
78.44 -16.25 -18.5 79.84 -15.63 -17.5 0
69.38 -23.36 -20.5 68.69 -19.99 -20.5 0
68.69 -19.99 -20.5 67.66 -23.13 -20 0
67.66 -23.13 -20 66.57 -23.9 -20 0
66.57 -23.9 -20 65.78 -24.53 -20 0
65.78 -24.53 -20 64.69 -26.41 -20 0
64.69 -26.41 -20 64.06 -27.34 -20 0
68.69 -19.99 -20.5 69.06 -21.8 -20.5 0
69.06 -21.8 -20.5 68.91 -21.8 -20.5 0
68.91 -21.8 -20.5 68.44 -19.45 -20.5 0
68.44 -19.45 -20.5 68.44 -19.61 -20.5 0
68.44 -19.61 -20.5 67.5 -18.67 -20.5 0
67.5 -18.67 -20.5 66.72 -16.95 -20.5 0
66.72 -16.95 -20.5 66.25 -15.86 -20.5 0
66.25 -15.86 -20.5 66.25 -16.02 -20.5 0
66.25 -16.02 -20.5 65.75 -14.82 -20.5 0
65.75 -14.82 -20.5 64.92 -13.73 -20.5 0
64.92 -13.73 -20.5 64.73 -12.13 -20.5 0
64.73 -12.13 -20.5 64.73 -10.33 -20.5 0
64.73 -10.33 -20.5 63.96 -8.35 -20.5 0
63.96 -8.35 -20.5 62.99 -6.87 -20.5 0
62.99 -6.87 -20.5 61.78 -6.17 -20.5 0
61.78 -6.17 -20.5 60.62 -5.66 -20.5 0
67.5 -18.67 -20.5 66.45 -17.62 -20.5 0
66.45 -17.62 -20.5 70.15 -16.87 -19 0
70.15 -16.87 -19 70.94 -15.63 -19 0
70.94 -15.63 -19 71.72 -14.06 -19 0
71.72 -14.06 -19 72.03 -11.56 -19 0
72.03 -11.56 -19 73.59 -10 -19 0
73.59 -10 -19 75.78 -7.81 -19 0
75.78 -7.81 -19 78.75 -6.41 -19 0
66.45 -17.62 -20.5 68.43 -17.5 -19 0
68.43 -17.5 -19 68.44 -15.63 -19 0
68.44 -15.63 -19 68.44 -13.59 -19 0
68.44 -13.59 -19 68.44 -11.09 -19 0
68.44 -11.09 -19 69.38 -9.22 -19 0
69.38 -9.22 -19 69.38 -7.34 -19 0
69.38 -7.34 -19 69.22 -5 -19 0
68.44 -19.61 -20.5 69.84 -18.43 -18.5 0
69.84 -18.43 -18.5 70.94 -17.97 -18.5 0
70.94 -17.97 -18.5 72.19 -17.5 -18.5 0
72.19 -17.5 -18.5 74.06 -16.56 -18.5 0
74.06 -16.56 -18.5 75.47 -15.31 -18.5 0
75.47 -15.31 -18.5 77.66 -14.22 -17.5 0
77.66 -14.22 -17.5 79.84 -12.97 -17.5 0
79.84 -12.97 -17.5 81.72 -11.72 -17.5 0
75.12 -27.56 -20.5 76.25 -28.12 -20.5 0
76.25 -28.12 -20.5 77.65 -28.44 -19.5 0
77.65 -28.44 -19.5 78.59 -28.6 -19.5 0
78.59 -28.6 -19.5 79.84 -28.59 -19.5 0
79.84 -28.59 -19.5 82.66 -29.69 -19.5 0
82.66 -29.69 -19.5 85.47 -30.47 -19.5 0
85.47 -30.47 -19.5 88.59 -30.63 -19.5 0
65.78 -35.31 -22 65.78 -39.07 -22 0
65.78 -39.07 -22 68.28 -34.84 -22 0
68.28 -34.84 -22 69.38 -34.69 -22 0
69.38 -34.69 -22 70.63 -34.53 -22 0
70.63 -34.53 -22 72.34 -34.53 -22 0
72.34 -34.53 -22 73.75 -34.69 -22 0
73.75 -34.69 -22 73.59 -34.69 -22 0
73.59 -34.69 -22 75.63 -32.66 -22 0
75.63 -32.66 -22 77.19 -31.25 -22 0
77.19 -31.25 -22 80 -32.5 -23.5 0
80 -32.5 -23.5 82.03 -35 -24 0
82.03 -35 -24 84.22 -36.56 -24 0
84.22 -36.56 -24 87.03 -37.81 -24 0
87.03 -37.81 -24 87.97 -40.94 -25 0
87.97 -40.94 -25 87.5 -43.44 -25 0
87.5 -43.44 -25 88.44 -45.63 -25 0
88.44 -45.63 -25 90.47 -48.13 -25 0
90.47 -48.13 -25 92.34 -49.38 -23.5 0
92.34 -49.38 -23.5 92.34 -50.94 -28 0
92.34 -50.94 -28 92.66 -53.44 -28 0
92.66 -53.44 -28 93.59 -55.94 -28 0
93.59 -55.94 -28 95.16 -58.59 -28 0
95.16 -58.59 -28 95.94 -59.22 -28 0
92.34 -49.38 -23.5 94.81 -48.99 -23.5 0
94.81 -48.99 -23.5 93.91 -51.88 -24.5 0
93.91 -51.88 -24.5 96.09 -54.53 -24.5 0
96.09 -54.53 -24.5 98.13 -55.78 -24.5 0
98.13 -55.78 -24.5 101.3 -57.34 -24.5 0
94.81 -48.99 -23.5 95.31 -48.91 -23.5 0
95.31 -48.91 -23.5 97.5 -49.06 -23.5 0
97.5 -49.06 -23.5 99.69 -50 -23.5 0
99.69 -50 -23.5 102.5 -51.72 -23.5 0
102.5 -51.72 -23.5 104.2 -53.75 -23.5 0
104.2 -53.75 -23.5 104.5 -56.09 -23.5 0
104.5 -56.09 -23.5 104.4 -57.5 -23.5 0
87.03 -37.81 -24 90.63 -38.59 -25.5 0
90.63 -38.59 -25.5 94.22 -39.06 -25.5 0
94.22 -39.06 -25.5 96.72 -40.78 -27.5 0
96.72 -40.78 -27.5 98.59 -42.5 -27.5 0
98.59 -42.5 -27.5 100.3 -41.41 -27.5 0
94.22 -39.06 -25.5 97.97 -37.81 -27 0
97.97 -37.81 -27 98.28 -35.16 -27 0
98.28 -35.16 -27 97.66 -32.34 -27 0
80 -32.5 -23.5 82.97 -31.56 -23.5 0
82.97 -31.56 -23.5 84.84 -31.09 -23.5 0
84.84 -31.09 -23.5 87.66 -31.56 -24.5 0
87.66 -31.56 -24.5 89.06 -32.03 -24.5 0
89.06 -32.03 -24.5 91.88 -31.56 -24.5 0
77.19 -31.25 -22 79.06 -29.38 -23 0
79.06 -29.38 -23 81.09 -27.19 -23.5 0
81.09 -27.19 -23.5 83.28 -25.16 -23.5 0
83.28 -25.16 -23.5 85.31 -22.66 -23.5 0
85.31 -22.66 -23.5 87.66 -21.56 -23.5 0
87.66 -21.56 -23.5 90.16 -21.09 -23.5 0
90.16 -21.09 -23.5 92.5 -21.56 -23.5 0
92.5 -21.56 -23.5 94.22 -20.94 -23.5 0
85.31 -22.66 -23.5 85 -19.84 -23.5 0
85 -19.84 -23.5 88.28 -19.22 -23 0
88.28 -19.22 -23 91.41 -18.59 -23 0
91.41 -18.59 -23 94.06 -17.03 -23 0
85 -19.84 -23.5 83.44 -16.88 -23 0
83.44 -16.88 -23 83.75 -14.06 -23 0
83.75 -14.06 -23 82.19 -11.72 -23 0
82.19 -11.72 -23 80 -9.06 -22 0
80 -9.06 -22 78.59 -6.88 -22 0
78.59 -6.88 -22 76.25 -5.78 -22 0
83.75 -14.06 -23 83.57 -11.3 -22.45 0
83.57 -11.3 -22.45 86.56 -14.38 -23 0
86.56 -14.38 -23 89.53 -14.06 -22 0
89.53 -14.06 -22 90.94 -12.97 -22 0
83.57 -11.3 -22.45 83.59 -11.56 -22.5 0
83.59 -11.56 -22.5 84.53 -8.91 -22.5 0
84.53 -8.91 -22.5 85.63 -6.41 -22.5 0
83.44 -16.88 -23 80.63 -15.31 -23 0
80.63 -15.31 -23 78.28 -14.84 -23 0
78.28 -14.84 -23 76.25 -12.97 -23 0
76.25 -12.97 -23 74.84 -11.72 -23 0
74.84 -11.72 -23 74.22 -8.91 -23 0
73.75 -34.69 -22 75 -35 -22 0
75 -35 -22 75.94 -35.78 -22 0
75.94 -35.78 -22 78.13 -37.19 -22 0
78.13 -37.19 -22 80.78 -38.44 -22 0
80.78 -38.44 -22 81.72 -39.38 -22 0
81.72 -39.38 -22 82.34 -38.91 -21.5 0
82.34 -38.91 -21.5 84.38 -36.41 -22 0
84.38 -36.41 -22 86.88 -34.22 -22 0
86.88 -34.22 -22 89.53 -33.13 -22 0
89.53 -33.13 -22 92.19 -32.66 -22 0
92.19 -32.66 -22 94.38 -32.19 -22 0
94.38 -32.19 -22 96.41 -30.47 -22 0
89.53 -33.13 -22 91.41 -35.16 -22 0
91.41 -35.16 -22 94.22 -36.25 -22 0
94.22 -36.25 -22 97.03 -36.41 -22 0
97.03 -36.41 -22 99.22 -36.56 -22 0
99.22 -36.56 -22 101.1 -37.5 -22 0
81.72 -39.38 -22 82.5 -40.31 -22 0
82.5 -40.31 -22 84.06 -41.72 -22 0
84.06 -41.72 -22 84.84 -41.41 -21.5 0
84.84 -41.41 -21.5 88.13 -41.09 -22 0
88.13 -41.09 -22 91.72 -41.56 -22 0
91.72 -41.56 -22 94.22 -42.34 -22 0
94.22 -42.34 -22 97.5 -43.75 -22 0
97.5 -43.75 -22 99.06 -45.63 -22 0
99.06 -45.63 -22 101.3 -47.66 -22 0
101.3 -47.66 -22 103.8 -49.38 -22 0
97.5 -43.75 -22 101.1 -43.91 -22 0
101.1 -43.91 -22 103.4 -43.75 -22 0
84.06 -41.72 -22 85 -42.34 -22 0
85 -42.34 -22 86.09 -43.59 -22 0
86.09 -43.59 -22 86.09 -44.38 -22.5 0
86.09 -44.38 -22.5 86.09 -47.66 -22.5 0
86.09 -47.66 -22.5 86.72 -50.47 -22.5 0
86.72 -50.47 -22.5 88.44 -52.5 -22.5 0
88.44 -52.5 -22.5 91.09 -55.16 -22.5 0
86.09 -43.59 -22 86.72 -44.69 -22.5 0
86.72 -44.69 -22.5 88.28 -45.63 -22.5 0
88.28 -45.63 -22.5 91.41 -47.19 -22.5 0
91.41 -47.19 -22.5 94.06 -47.81 -22.5 0
94.06 -47.81 -22.5 97.5 -48.44 -22.5 0
97.5 -48.44 -22.5 100.3 -49.53 -22.5 0
100.3 -49.53 -22.5 101.9 -50.47 -22.5 0
65.78 -39.07 -22 65.78 -37.19 -22 0
65.78 -37.19 -22 66.09 -38.59 -22 0
66.09 -38.59 -22 67.03 -40.47 -22 0
67.03 -40.47 -22 67.5 -42.03 -22 0
67.5 -42.03 -22 65.93 -41.87 -22.5 0
65.93 -41.87 -22.5 64.53 -41.88 -22 0
64.53 -41.88 -22 61.41 -40.47 -22 0
61.41 -40.47 -22 58.59 -38.91 -22 0
58.59 -38.91 -22 56.09 -37.81 -22 0
56.09 -37.81 -22 58.28 -36.09 -22 0
58.28 -36.09 -22 60.78 -36.56 -22 0
60.78 -36.56 -22 62.81 -38.13 -22 0
62.81 -38.13 -22 65 -39.69 -22 0
56.09 -37.81 -22 53.69 -38.35 -21.57 0
53.69 -38.35 -21.57 56.09 -35.94 -21.5 0
56.09 -35.94 -21.5 54.38 -33.91 -21.5 0
54.38 -33.91 -21.5 50.47 -32.66 -21.5 0
50.47 -32.66 -21.5 48.28 -33.28 -21.5 0
48.28 -33.28 -21.5 45.78 -33.91 -21.5 0
45.78 -33.91 -21.5 42.97 -34.84 -21.5 0
42.97 -34.84 -21.5 40.16 -35 -21.5 0
40.16 -35 -21.5 38.59 -33.44 -21.5 0
50.47 -32.66 -21.5 48.44 -31.25 -21.5 0
48.44 -31.25 -21.5 46.09 -30 -21.5 0
46.09 -30 -21.5 43.91 -28.13 -21.5 0
43.91 -28.13 -21.5 42.34 -27.66 -21.5 0
42.34 -27.66 -21.5 39.69 -26.56 -21.5 0
37.03 -32.5 -20.5 38.44 -30.47 -20.5 0
38.44 -30.47 -20.5 38.28 -28.13 -20 0
38.28 -28.13 -20 36.41 -26.72 -19.5 0
36.41 -26.72 -19.5 34.84 -25.78 -19.5 0
53.69 -38.35 -21.57 53.28 -38.44 -21.5 0
53.28 -38.44 -21.5 50.94 -37.97 -21.5 0
50.94 -37.97 -21.5 50.47 -35.63 -21.5 0
50.47 -35.63 -21.5 48.75 -34.06 -21.5 0
48.75 -34.06 -21.5 47.03 -32.03 -21.5 0
50.94 -37.97 -21.5 49.4 -39.94 -21.5 0
49.4 -39.94 -21.5 49.38 -37.19 -21.5 0
49.38 -37.19 -21.5 46.56 -36.25 -21.5 0
46.56 -36.25 -21.5 45.31 -34.53 -21.5 0
45.31 -34.53 -21.5 44.38 -32.81 -21 0
44.38 -32.81 -21 43.75 -29.69 -21 0
49.4 -39.94 -21.5 48.75 -40.78 -21.5 0
48.75 -40.78 -21.5 46.72 -43.59 -21.5 0
46.72 -43.59 -21.5 46.56 -46.72 -21 0
46.56 -46.72 -21 46.41 -47.81 -21 0
67.5 -42.03 -22 68.44 -43.75 -24 0
68.44 -43.75 -24 69.53 -45.78 -24 0
69.53 -45.78 -24 70.31 -46.88 -24 0
70.31 -46.88 -24 71.88 -46.72 -25 0
71.88 -46.72 -25 72.97 -46.88 -25 0
72.97 -46.88 -25 73.28 -46.41 -24.5 0
73.28 -46.41 -24.5 75.31 -44.06 -24 0
75.31 -44.06 -24 77.66 -44.38 -21 0
77.66 -44.38 -21 78.75 -47.19 -20 0
77.66 -44.38 -21 80.31 -43.75 -21 0
80.31 -43.75 -21 81.41 -44.84 -21 0
81.41 -44.84 -21 82.5 -45.78 -21 0
75.31 -44.06 -24 77.19 -43.02 -24.33 0
77.19 -43.02 -24.33 73.75 -43.28 -24 0
73.75 -43.28 -24 71.56 -41.25 -24 0
71.56 -41.25 -24 70.47 -39.06 -24 0
70.47 -39.06 -24 69.37 -35.31 -24 0
77.19 -43.02 -24.33 78.13 -42.5 -24.5 0
78.13 -42.5 -24.5 79.84 -41.09 -24.5 0
72.97 -46.88 -25 73.75 -47.03 -25 0
73.75 -47.03 -25 75.94 -48.13 -25 0
75.94 -48.13 -25 77.34 -50.94 -25 0
77.34 -50.94 -25 78.75 -52.19 -25 0
78.75 -52.19 -25 81.41 -51.88 -25 0
81.41 -51.88 -25 83.28 -54.22 -27 0
83.28 -54.22 -27 85.31 -56.72 -27 0
85.31 -56.72 -27 86.25 -58.59 -27 0
78.75 -52.19 -25 81.09 -54.06 -25 0
81.09 -54.06 -25 83.13 -56.09 -25 0
83.13 -56.09 -25 85.16 -57.97 -25 0
75.94 -48.13 -25 79.22 -48.13 -25 0
79.22 -48.13 -25 80.94 -47.66 -25 0
80.94 -47.66 -25 83.13 -48.75 -24 0
83.13 -48.75 -24 85 -50.31 -24 0
85 -50.31 -24 86.25 -52.19 -24 0
86.25 -52.19 -24 87.66 -54.22 -24 0
87.66 -54.22 -24 87.97 -56.09 -24 0
80.94 -47.66 -25 81.72 -47.03 -25 0
81.72 -47.03 -25 84.06 -45.63 -25 0
70.31 -46.88 -24 71.88 -49.22 -24 0
71.88 -49.22 -24 72.19 -50 -24 0
72.19 -50 -24 71.25 -50.78 -24.5 0
71.25 -50.78 -24.5 69.84 -52.5 -24.5 0
69.84 -52.5 -24.5 69.06 -54.69 -24.5 0
69.06 -54.69 -24.5 68.91 -56.41 -24.5 0
68.91 -56.41 -24.5 69.38 -57.03 -24.5 0
69.38 -57.03 -24.5 70 -59.06 -23.5 0
70 -59.06 -23.5 71.25 -60.47 -23.5 0
71.25 -60.47 -23.5 72.66 -63.13 -23.5 0
72.66 -63.13 -23.5 73.28 -65 -23.5 0
73.28 -65 -23.5 76.25 -68.44 -24 0
76.25 -68.44 -24 77.19 -71.41 -24 0
77.19 -71.41 -24 77.34 -73.59 -24 0
77.34 -73.59 -24 79.84 -75.94 -25.5 0
79.84 -75.94 -25.5 80.78 -78.13 -25.5 0
80.78 -78.13 -25.5 81.41 -80.31 -25.5 0
81.41 -80.31 -25.5 82.34 -82.03 -25.5 0
77.34 -73.59 -24 76.88 -75.31 -24 0
76.88 -75.31 -24 76.88 -77.34 -24 0
76.88 -77.34 -24 76.72 -80 -24 0
76.72 -80 -24 77.81 -81.72 -24 0
77.81 -81.72 -24 79.06 -82.66 -24 0
73.28 -65 -23.5 72.97 -66.56 -23.5 0
72.97 -66.56 -23.5 72.19 -68.75 -23.5 0
72.19 -68.75 -23.5 72.66 -70.78 -23.5 0
72.66 -70.78 -23.5 73.13 -73.75 -23.5 0
73.13 -73.75 -23.5 73.44 -74.69 -23.5 0
69.38 -57.03 -24.5 72.03 -57.97 -24.5 0
72.03 -57.97 -24.5 73.75 -59.22 -24.5 0
73.75 -59.22 -24.5 75.31 -60.63 -24.5 0
75.31 -60.63 -24.5 76.41 -62.5 -24.5 0
76.41 -62.5 -24.5 77.66 -63.59 -24.5 0
77.66 -63.59 -24.5 78.44 -65.31 -24.5 0
72.19 -50 -24 73.59 -51.41 -24 0
73.59 -51.41 -24 75.31 -52.81 -25 0
75.31 -52.81 -25 77.5 -55 -25 0
77.5 -55 -25 79.38 -56.56 -26 0
79.38 -56.56 -26 80.16 -57.34 -26 0
80.16 -57.34 -26 79.06 -57.97 -25 0
79.06 -57.97 -25 77.66 -57.97 -25 0
77.66 -57.97 -25 75.78 -57.81 -25 0
75.78 -57.81 -25 74.53 -57.03 -25 0
74.53 -57.03 -25 73.44 -56.88 -25 0
80.16 -57.34 -26 82.34 -58.91 -26 0
82.34 -58.91 -26 84.84 -60.78 -26 0
84.84 -60.78 -26 87.19 -62.5 -26 0
87.19 -62.5 -26 87.03 -63.75 -26 0
87.03 -63.75 -26 87.34 -65.78 -26 0
87.34 -65.78 -26 87.66 -67.19 -26 0
87.66 -67.19 -26 87.81 -67.81 -26 0
87.81 -67.81 -26 88.75 -69.38 -25 0
88.75 -69.38 -25 89.69 -71.09 -25 0
89.69 -71.09 -25 92.66 -74.69 -27.5 0
92.66 -74.69 -27.5 94.69 -76.25 -28.5 0
94.69 -76.25 -28.5 95.78 -77.5 -28.5 0
95.78 -77.5 -28.5 97.19 -79.53 -27.5 0
97.19 -79.53 -27.5 98.44 -80.94 -27.5 0
98.44 -80.94 -27.5 99.38 -83.28 -27.5 0
99.38 -83.28 -27.5 99.69 -84.69 -27.5 0
95.78 -77.5 -28.5 95.63 -79.06 -28.5 0
95.63 -79.06 -28.5 95.94 -81.56 -28.5 0
95.94 -81.56 -28.5 96.56 -83.13 -28.5 0
96.56 -83.13 -28.5 97.34 -84.38 -28.5 0
97.34 -84.38 -28.5 97.81 -84.84 -28.5 0
92.66 -74.69 -27.5 91.72 -76.88 -27.5 0
91.72 -76.88 -27.5 91.41 -78.59 -27.5 0
91.41 -78.59 -27.5 91.41 -80.16 -27.5 0
89.69 -71.09 -25 88.28 -72.34 -25 0
88.28 -72.34 -25 86.88 -75.31 -25 0
86.88 -75.31 -25 86.41 -77.03 -25 0
86.41 -77.03 -25 87.5 -79.84 -25.5 0
87.5 -79.84 -25.5 90 -80.94 -25.5 0
86.41 -77.03 -25 84.53 -77.5 -25 0
84.53 -77.5 -25 83.28 -78.75 -25 0
83.28 -78.75 -25 83.28 -79.38 -25 0
87.81 -67.81 -26 85.94 -68.91 -26 0
85.94 -68.91 -26 83.13 -70.63 -26 0
83.13 -70.63 -26 82.66 -72.34 -26 0
82.66 -72.34 -26 82.5 -74.06 -26 0
82.5 -74.06 -26 82.81 -75.94 -26 0
87.19 -62.5 -26 88.44 -63.59 -26 0
88.44 -63.59 -26 91.56 -65.47 -26 0
91.56 -65.47 -26 94.53 -65.47 -27 0
94.53 -65.47 -27 97.19 -64.84 -27 0
97.19 -64.84 -27 98.28 -64.69 -27 0
98.28 -64.69 -27 97.19 -62.19 -27.5 0
97.19 -62.19 -27.5 94.69 -60.78 -27.5 0
98.28 -64.69 -27 99.98 -66.52 -27 0
99.98 -66.52 -27 102.3 -63.13 -29 0
102.3 -63.13 -29 104.8 -61.41 -29 0
104.8 -61.41 -29 107.7 -58.28 -29 0
107.7 -58.28 -29 109.7 -56.25 -26 0
107.7 -58.28 -29 107 -56.41 -29 0
107 -56.41 -29 106.6 -54.38 -29 0
106.6 -54.38 -29 106.9 -52.97 -29 0
99.98 -66.52 -27 100.2 -66.72 -27 0
100.2 -66.72 -27 101.6 -67.81 -27 0
101.6 -67.81 -27 104.4 -69.06 -28.5 0
104.4 -69.06 -28.5 107.3 -70 -28.5 0
107.3 -70 -28.5 111.1 -71.72 -29 0
107.3 -70 -28.5 109.4 -69.06 -28.5 0
109.4 -69.06 -28.5 111.1 -67.19 -28.5 0
111.1 -67.19 -28.5 111.4 -66.72 -28.5 0
101.6 -67.81 -27 104.1 -67.19 -27 0
104.1 -67.19 -27 106.6 -65.31 -27 0
91.56 -65.47 -26 93.12 -66.72 -28.5 0
93.12 -66.72 -28.5 94.69 -68.13 -28.5 0
94.69 -68.13 -28.5 94.84 -71.09 -29 0
94.84 -71.09 -29 95.31 -73.28 -29 0
95.31 -73.28 -29 96.25 -75.16 -29 0
96.25 -75.16 -29 97.34 -76.72 -29 0
97.34 -76.72 -29 99.84 -80.31 -29 0
99.84 -80.31 -29 101.7 -82.34 -29 0
101.7 -82.34 -29 102.3 -82.97 -29 0
102.3 -82.97 -29 104.5 -84.22 -28 0
104.5 -84.22 -28 106.9 -85.78 -28 0
106.9 -85.78 -28 108.4 -87.66 -28 0
108.4 -87.66 -28 110.2 -90.16 -28 0
110.2 -90.16 -28 111.9 -91.72 -28 0
111.9 -91.72 -28 113.3 -93.13 -30 0
102.3 -82.97 -29 102.5 -84.84 -29 0
102.5 -84.84 -29 103.3 -87.03 -29 0
103.3 -87.03 -29 103.4 -89.22 -29 0
103.4 -89.22 -29 103.8 -90 -29 0
94.69 -68.13 -28.5 96.09 -69.38 -28.5 0
96.09 -69.38 -28.5 97.97 -71.25 -28.5 0
97.97 -71.25 -28.5 102.3 -72.34 -30 0
102.3 -72.34 -30 104.7 -72.97 -30 0
104.7 -72.97 -30 107 -73.75 -30 0
107 -73.75 -30 109.5 -74.38 -30 0
109.5 -74.38 -30 111.6 -74.38 -30 0
111.6 -74.38 -30 113 -75.16 -30 0
113 -75.16 -30 114.7 -75.78 -30 0
97.97 -71.25 -28.5 99.69 -72.97 -28.5 0
99.69 -72.97 -28.5 101.4 -74.84 -28.5 0
101.4 -74.84 -28.5 103.3 -78.13 -28.5 0
103.3 -78.13 -28.5 106.1 -81.21 -30.5 0
106.1 -81.21 -30.5 109.2 -84.65 -30.5 0
109.2 -84.65 -30.5 112.8 -87.15 -30.5 0
112.8 -87.15 -30.5 115 -89.96 -30.5 0
115 -89.96 -30.5 115.6 -91.09 -30.5 0
115.6 -91.09 -30.5 115.6 -92.81 -31.5 0
115.6 -92.81 -31.5 115.8 -95.16 -31.5 0
115.8 -95.16 -31.5 115.8 -97.5 -31.5 0
115.8 -97.5 -31.5 116.3 -100.2 -31.5 0
116.3 -100.2 -31.5 117.7 -102.7 -31.5 0
117.7 -102.7 -31.5 118.9 -105.3 -31.5 0
118.9 -105.3 -31.5 122.5 -104.8 -33 0
118.9 -105.3 -31.5 120.9 -108.6 -31.5 0
120.9 -108.6 -31.5 122.3 -110.1 -32.5 0
122.3 -110.1 -32.5 123.6 -112.6 -32.5 0
123.6 -112.6 -32.5 125.6 -115.7 -32.5 0
125.6 -115.7 -32.5 127.8 -117.8 -33.5 0
127.8 -117.8 -33.5 129.5 -120.6 -33.5 0
129.5 -120.6 -33.5 129.5 -123.4 -33.5 0
120.9 -108.6 -31.5 121.1 -110.3 -32.5 0
121.1 -110.3 -32.5 121.4 -112 -32.5 0
121.4 -112 -32.5 122.5 -115.1 -32.5 0
122.5 -115.1 -32.5 124.1 -118.4 -32.5 0
124.1 -118.4 -32.5 125.6 -121.7 -32.5 0
125.6 -121.7 -32.5 127.3 -122.6 -33.5 0
127.3 -122.6 -33.5 128.6 -124.8 -33.5 0
128.6 -124.8 -33.5 130.3 -127.3 -33.5 0
130.3 -127.3 -33.5 132.7 -128.7 -33.5 0
132.7 -128.7 -33.5 134.5 -130.3 -33.5 0
134.5 -130.3 -33.5 135.5 -131.4 -33.5 0
125.6 -121.7 -32.5 126.4 -123.6 -32.5 0
126.4 -123.6 -32.5 126.9 -125.4 -32.5 0
126.9 -125.4 -32.5 128.1 -128.2 -32.5 0
127.3 -130.6 -33 128.4 -132.6 -33 0
128.4 -132.6 -33 129.2 -134.4 -34 0
129.2 -134.4 -34 130.5 -136.4 -34 0
130.5 -136.4 -34 131.1 -138.2 -34 0
131.1 -138.2 -34 131.1 -140 -34 0
131.1 -140 -34 130.7 -141.3 -34 0
115.6 -91.09 -30.5 118.4 -94.18 -30.5 0
118.4 -94.18 -30.5 122.3 -97.77 -30.5 0
122.3 -97.77 -30.5 123.8 -99.49 -30.5 0
123.8 -99.49 -30.5 124.2 -100 -30.5 0
124.2 -100 -30.5 125.3 -101.9 -30.5 0
125.3 -101.9 -30.5 127.8 -104.4 -30.5 0
127.8 -104.4 -30.5 130.6 -106.9 -30.5 0
130.6 -106.9 -30.5 132.8 -110 -30.5 0
132.8 -110 -30.5 133.2 -110 -30.5 0
133.2 -110 -30.5 134.1 -109.6 -30.5 0
134.1 -109.6 -30.5 135.3 -111.3 -33.5 0
135.3 -111.3 -33.5 135.6 -111.9 -33.5 0
135.6 -111.9 -33.5 136.3 -113.5 -33.5 0
136.3 -113.5 -33.5 137 -114.9 -33.5 0
137 -114.9 -33.5 137.7 -116.3 -33.5 0
137.7 -116.3 -33.5 138.5 -117 -33.5 0
138.5 -117 -33.5 138.7 -117.7 -33.5 0
138.7 -117.7 -33.5 139 -118.8 -33.5 0
139 -118.8 -33.5 139.5 -120.1 -33.5 0
139.5 -120.1 -33.5 140.2 -121.1 -33.5 0
140.2 -121.1 -33.5 140.5 -121.6 -33.5 0
138.5 -117 -33.5 139.4 -117.1 -33.5 0
139.4 -117.1 -33.5 140.1 -117.6 -33.5 0
140.1 -117.6 -33.5 140.8 -118.1 -33.5 0
140.8 -118.1 -33.5 141.6 -118.8 -33.5 0
141.6 -118.8 -33.5 142.2 -119.7 -33.5 0
142.2 -119.7 -33.5 142.5 -120.6 -33.5 0
142.5 -120.6 -33.5 142.8 -121.3 -33.5 0
142.8 -121.3 -33.5 143.5 -122.6 -33.5 0
143.5 -122.6 -33.5 143.6 -123.3 -33.5 0
143.6 -123.3 -33.5 143.8 -124.2 -33.5 0
143.8 -124.2 -33.5 144.7 -125.1 -33.5 0
144.7 -125.1 -33.5 144.9 -125.7 -33.5 0
134.1 -109.6 -30.5 135.3 -109.5 -30.5 0
135.3 -109.5 -30.5 135.6 -109.2 -30.5 0
135.6 -109.2 -30.5 136.3 -109.5 -33.5 0
136.3 -109.5 -33.5 137.3 -109.6 -33.5 0
137.3 -109.6 -33.5 138.6 -109.8 -33.5 0
138.6 -109.8 -33.5 140 -109.9 -33.5 0
140 -109.9 -33.5 141.1 -110.1 -33.5 0
141.1 -110.1 -33.5 142.5 -110.3 -33.5 0
142.5 -110.3 -33.5 144.3 -110.3 -33.5 0
144.3 -110.3 -33.5 146.2 -110.2 -33.5 0
146.2 -110.2 -33.5 147.2 -110 -33.5 0
147.2 -110 -33.5 148.2 -109.5 -33.5 0
148.2 -109.5 -33.5 148.9 -108.3 -33.5 0
148.9 -108.3 -33.5 148.9 -107.6 -33.5 0
148.9 -107.6 -33.5 148.8 -107 -33.5 0
135.6 -109.2 -30.5 137.2 -107.8 -30.5 0
137.2 -107.8 -30.5 139.1 -106.7 -30.5 0
139.1 -106.7 -30.5 141.8 -106.9 -30 0
141.8 -106.9 -30 144.3 -107.3 -30 0
144.3 -107.3 -30 147.4 -108.3 -29 0
147.4 -108.3 -29 150 -108.6 -29 0
150 -108.6 -29 151.8 -109.2 -29 0
151.8 -109.2 -29 153.9 -110.3 -29 0
153.9 -110.3 -29 156.8 -110 -29 0
156.8 -110 -29 158.6 -111.3 -29 0
158.6 -111.3 -29 159.6 -112.8 -29 0
159.6 -112.8 -29 160.3 -114.5 -29 0
158.6 -111.3 -29 160.7 -110.5 -30 0
160.7 -110.5 -30 162.5 -110 -30 0
162.5 -110 -30 163.8 -109.8 -30 0
151.8 -109.2 -29 153.4 -108.4 -29 0
153.4 -108.4 -29 152.1 -111.4 -29 0
152.1 -111.4 -29 152.8 -113.8 -29 0
152.8 -113.8 -29 153.2 -116.3 -29 0
153.2 -116.3 -29 153 -118.9 -29 0
153 -118.9 -29 152.8 -121.6 -29 0
153.4 -108.4 -29 154.9 -107.7 -29 0
154.9 -107.7 -29 157.2 -106.3 -29 0
157.2 -106.3 -29 159.1 -105.2 -28.5 0
159.1 -105.2 -28.5 161.3 -103.9 -28.5 0
161.3 -103.9 -28.5 163.6 -102.8 -28.5 0
163.6 -102.8 -28.5 165.8 -103.3 -28.5 0
165.8 -103.3 -28.5 168.9 -104.2 -28.5 0
132.8 -110 -30.5 133.1 -110.4 -30.5 0
133.1 -110.4 -30.5 133.8 -112.3 -30.5 0
133.8 -112.3 -30.5 133.8 -116.3 -30.5 0
133.8 -116.3 -30.5 133.8 -119.2 -30.5 0
133.8 -119.2 -30.5 133.8 -120.5 -30.5 0
133.8 -120.5 -30.5 135.5 -121.9 -32 0
135.5 -121.9 -32 136.9 -125.3 -32 0
136.9 -125.3 -32 138 -127.7 -32 0
138 -127.7 -32 139.5 -130.5 -32 0
139.5 -130.5 -32 140.3 -131.4 -32 0
135.5 -121.9 -32 134.2 -120.1 -31.97 0
134.2 -120.1 -31.97 133 -118.3 -31.94 0
133 -118.3 -31.94 138.1 -123.3 -32 0
138.1 -123.3 -32 138.9 -124.8 -32 0
138.9 -124.8 -32 139.7 -126.7 -32 0
139.7 -126.7 -32 140.5 -128.4 -32 0
140.5 -128.4 -32 141.4 -129.7 -32 0
133.8 -120.5 -30.5 133.4 -122.2 -30.5 0
133.4 -122.2 -30.5 133.3 -123.6 -30.5 0
133.3 -123.6 -30.5 133.4 -125.2 -30.5 0
124.2 -100 -30.5 125.6 -100.2 -30.5 0
125.6 -100.2 -30.5 125.8 -100.3 -31.5 0
125.8 -100.3 -31.5 126.5 -100.5 -31.5 0
126.5 -100.5 -31.5 128.8 -102 -31.5 0
128.8 -102 -31.5 131 -102.5 -31.5 0
131 -102.5 -31.5 134.1 -103.5 -29.5 0
134.1 -103.5 -29.5 136 -103.3 -29.5 0
136 -103.3 -29.5 139.1 -103.8 -29.5 0
139.1 -103.8 -29.5 142.1 -104.4 -28 0
142.1 -104.4 -28 145.4 -105.2 -28 0
145.4 -105.2 -28 147.9 -104.9 -28 0
147.9 -104.9 -28 149.8 -104.6 -28 0
149.8 -104.6 -28 151.6 -102.8 -27.5 0
151.6 -102.8 -27.5 152.1 -101.6 -27.5 0
152.1 -101.6 -27.5 154 -100 -27.5 0
154 -100 -27.5 155.9 -99.57 -27.5 0
155.9 -99.57 -27.5 151.5 -99.88 -27.5 0
151.5 -99.88 -27.5 150.6 -98.63 -27.5 0
150.6 -98.63 -27.5 149 -97.07 -27.5 0
149 -97.07 -27.5 146.9 -96.45 -27.5 0
149.8 -104.6 -28 151.6 -105.5 -28 0
151.6 -105.5 -28 154.1 -105.5 -28 0
154.1 -105.5 -28 156 -105.7 -28 0
156 -105.7 -28 158.2 -104.7 -28 0
158.2 -104.7 -28 158.7 -103.5 -28.5 0
158.7 -103.5 -28.5 156.6 -102.1 -28.5 0
156.6 -102.1 -28.5 155.7 -101.1 -28.5 0
139.1 -103.8 -29.5 140.1 -106 -29 0
131 -102.5 -31.5 131.2 -102.7 -31.5 0
131.2 -102.7 -31.5 132.7 -103.6 -31 0
132.7 -103.6 -31 134.1 -106.3 -31 0
134.1 -106.3 -31 135.8 -108.6 -31 0
135.8 -108.6 -31 138.3 -111.4 -31 0
138.3 -111.4 -31 141 -113.4 -31.5 0
141 -113.4 -31.5 143.8 -113.8 -31.5 0
143.8 -113.8 -31.5 146.4 -114.2 -31.5 0
146.4 -114.2 -31.5 148 -114.1 -31.5 0
148 -114.1 -31.5 150.2 -113.4 -31.5 0
150.2 -113.4 -31.5 152.4 -112.8 -31.5 0
152.4 -112.8 -31.5 154.7 -112.8 -31.5 0
154.7 -112.8 -31.5 156.8 -113.3 -31.5 0
156.8 -113.3 -31.5 158.3 -115 -31.5 0
158.3 -115 -31.5 158.9 -116.3 -31.5 0
148 -114.1 -31.5 148.9 -116.7 -31.5 0
148.9 -116.7 -31.5 149.3 -119.2 -31.5 0
149.3 -119.2 -31.5 149.6 -121.4 -31.5 0
149.6 -121.4 -31.5 150.5 -122.8 -32 0
150.5 -122.8 -32 151.6 -123.9 -32 0
141 -113.4 -31.5 142.7 -116.4 -31.5 0
142.7 -116.4 -31.5 144.3 -118.3 -32.5 0
144.3 -118.3 -32.5 144.7 -120 -32.5 0
144.7 -120 -32.5 145.5 -121.9 -32.5 0
145.5 -121.9 -32.5 146 -123.9 -33.5 0
146 -123.9 -33.5 146.4 -125.8 -33.5 0
115 -89.96 -30.5 116.9 -90.94 -31.5 0
116.9 -90.94 -31.5 118.1 -90.78 -31.5 0
118.1 -90.78 -31.5 121.1 -91.09 -31.5 0
121.1 -91.09 -31.5 123.4 -92.97 -31.5 0
123.4 -92.97 -31.5 125.6 -94.06 -32 0
125.6 -94.06 -32 126.3 -96.56 -32.5 0
126.3 -96.56 -32.5 127.7 -97.97 -32.5 0
127.7 -97.97 -32.5 130.2 -99.06 -32.5 0
130.2 -99.06 -32.5 133.3 -100.5 -32.5 0
133.3 -100.5 -32.5 135.5 -100.3 -32.5 0
125.6 -94.06 -32 127.5 -94.06 -31.67 0
127.5 -94.06 -31.67 128.6 -95.63 -31.5 0
128.6 -95.63 -31.5 131.7 -95.78 -31.5 0
131.7 -95.78 -31.5 135 -96.88 -31.5 0
135 -96.88 -31.5 137.3 -97.97 -31.5 0
137.3 -97.97 -31.5 139.5 -98.94 -31.5 0
139.5 -98.94 -31.5 140 -99.12 -31.5 0
140 -99.12 -31.5 141.5 -99 -29.5 0
141.5 -99 -29.5 143.6 -99.04 -29.5 0
143.6 -99.04 -29.5 145 -98.85 -29.5 0
145 -98.85 -29.5 146 -99.47 -29.5 0
146 -99.47 -29.5 146.7 -99.59 -29.5 0
146.7 -99.59 -29.5 147.2 -99.71 -29.5 0
145 -98.85 -29.5 145.7 -98.11 -29.5 0
145.7 -98.11 -29.5 146.5 -97.83 -29.5 0
140 -99.12 -31.5 143.8 -101.3 -31 0
127.5 -94.06 -31.67 128.4 -94.06 -31.5 0
128.4 -94.06 -31.5 129.5 -91.88 -31.5 0
129.5 -91.88 -31.5 129.5 -89.53 -31.5 0
129.5 -89.53 -31.5 128.6 -86.56 -31.5 0
128.6 -86.56 -31.5 127 -84.22 -31.5 0
127 -84.22 -31.5 125.8 -82.66 -31.5 0
22.97 -24.38 -17.5 22.5 -28.91 -18.5 0
22.5 -28.91 -18.5 22.34 -29.06 -18.5 0
22.34 -29.06 -18.5 22.34 -33.28 -18.5 0
22.34 -33.28 -18.5 22.19 -33.44 -18.5 0
22.19 -33.44 -18.5 22.5 -35.78 -18.5 0
22.5 -35.78 -18.5 22.34 -37.5 -18.5 0
22.34 -37.5 -18.5 25 -38.91 -16.5 0
25 -38.91 -16.5 25.94 -39.53 -16.5 0
25.94 -39.53 -16.5 27.5 -40.63 -16.5 0
27.5 -40.63 -16.5 27.81 -41.09 -16.5 0
27.81 -41.09 -16.5 27.97 -42.45 -24.5 0
27.97 -42.45 -24.5 28.28 -43.78 -24.5 0
28.28 -43.78 -24.5 29.53 -45.58 -24.5 0
29.53 -45.58 -24.5 30.47 -47.29 -24.5 0
30.47 -47.29 -24.5 31.09 -48.31 -24.5 0
31.09 -48.31 -24.5 31.41 -49.33 -24.5 0
31.41 -49.33 -24.5 31.41 -49.79 -24.5 0
27.81 -41.09 -16.5 30.16 -41.09 -16.5 0
30.16 -41.09 -16.5 30.94 -41.56 -16.5 0
30.94 -41.56 -16.5 31.56 -41.41 -21.5 0
31.56 -41.41 -21.5 34.06 -40.16 -21.5 0
34.06 -40.16 -21.5 36.41 -38.91 -21.5 0
36.41 -38.91 -21.5 39.22 -39.22 -21.5 0
39.22 -39.22 -21.5 42.03 -39.06 -21.5 0
36.41 -38.91 -21.5 36.98 -36.81 -21.5 0
36.98 -36.81 -21.5 37.66 -40.78 -22 0
37.66 -40.78 -22 39.84 -42.81 -22 0
36.98 -36.81 -21.5 36.88 -37.19 -21.5 0
36.88 -37.19 -21.5 37.5 -34.69 -21.5 0
37.5 -34.69 -21.5 37.03 -32.5 -20.5 0
37.03 -32.5 -20.5 36.09 -30.31 -19 0
36.09 -30.31 -19 33.75 -28.59 -19 0
33.75 -28.59 -19 32.66 -29.06 -19 0
32.66 -29.06 -19 31.41 -30 -19 0
31.41 -30 -19 28.91 -29.22 -19 0
28.91 -29.22 -19 27.19 -28.75 -19 0
33.75 -28.59 -19 31.72 -28.13 -19 0
31.72 -28.13 -19 29.53 -27.97 -19 0
29.53 -27.97 -19 27.81 -27.03 -19 0
27.81 -27.03 -19 27.66 -25.47 -19 0
30.94 -41.56 -16.5 32.81 -43.13 -16.5 0
32.81 -43.13 -16.5 33.28 -44.06 -16.5 0
33.28 -44.06 -16.5 35.47 -44.69 -16.5 0
35.47 -44.69 -16.5 38.13 -46.09 -16.5 0
38.13 -46.09 -16.5 40 -48.44 -16.5 0
40 -48.44 -16.5 41.56 -50.94 -16.5 0
41.56 -50.94 -16.5 42.34 -53.28 -16.5 0
42.34 -53.28 -16.5 42.66 -54.84 -16.5 0
33.28 -44.06 -16.5 33.91 -45.78 -16.5 0
33.91 -45.78 -16.5 34.84 -47.19 -16.5 0
34.84 -47.19 -16.5 35.63 -49.06 -16.5 0
35.63 -49.06 -16.5 36.09 -50.31 -16.5 0
36.09 -50.31 -16.5 36.09 -51.88 -16.5 0
36.09 -51.88 -16.5 35.16 -53.13 -16.5 0
35.16 -53.13 -16.5 34.22 -54.22 -16.5 0
22.34 -37.5 -18.5 22.34 -38.91 -18.5 0
22.34 -38.91 -18.5 22.5 -39.84 -18.5 0
22.5 -39.84 -18.5 20.78 -39.92 -19.5 0
20.78 -39.92 -19.5 19.38 -39.45 -19.5 0
19.38 -39.45 -19.5 19.22 -39.61 -19.5 0
19.22 -39.61 -19.5 17.03 -39.14 -19.5 0
17.03 -39.14 -19.5 17.03 -39.3 -19.5 0
17.03 -39.3 -19.5 13.75 -38.52 -19.5 0
13.75 -38.52 -19.5 13.75 -41.33 -19.5 0
13.75 -41.33 -19.5 13.59 -41.48 -19.5 0
13.59 -41.48 -19.5 13.43 -44.14 -19 0
13.43 -44.14 -19 13.91 -45.94 -19 0
13.91 -45.94 -19 15.94 -47.03 -19.5 0
15.94 -47.03 -19.5 16.88 -48.28 -19.5 0
16.88 -48.28 -19.5 17.5 -50.16 -19.5 0
13.91 -45.94 -19 13.75 -48.75 -19 0
13.75 -48.75 -19 14.06 -50.94 -19 0
14.06 -50.94 -19 14.22 -52.81 -19 0
14.22 -52.81 -19 15.78 -54.84 -19 0
17.81 -56.17 -20.5 16.25 -57.11 -20.5 0
16.25 -57.11 -20.5 14.84 -58.36 -20.5 0
14.84 -58.36 -20.5 14.22 -60.08 -20.5 0
14.22 -60.08 -20.5 14.22 -60.23 -20.5 0
14.22 -60.23 -20.5 13.59 -61.33 -20.5 0
13.59 -61.33 -20.5 12.66 -62.73 -20.5 0
12.66 -62.73 -20.5 11.25 -63.2 -20.5 0
11.25 -63.2 -20.5 11.25 -63.36 -20.5 0
13.75 -38.52 -19.5 12.5 -37.11 -18.5 0
12.5 -37.11 -18.5 10.94 -37.58 -18.5 0
10.94 -37.58 -18.5 10.63 -37.73 -18.5 0
10.63 -37.73 -18.5 9.06 -37.89 -18.5 0
9.06 -37.89 -18.5 8.91 -38.05 -18.5 0
8.91 -38.05 -18.5 6.56 -38.2 -18.5 0
6.56 -38.2 -18.5 3.91 -38.98 -18 0
12.5 -37.11 -18.5 10.41 -35.22 -18.5 0
10.41 -35.22 -18.5 14.06 -35.7 -18.5 0
14.06 -35.7 -18.5 16.25 -34.77 -18.5 0
16.25 -34.77 -18.5 19.84 -38.83 -18.5 0
17.81 -51.64 -20.5 15.94 -52.42 -20.5 0
15.94 -52.42 -20.5 15.94 -52.58 -20.5 0
15.94 -52.58 -20.5 13.75 -54.61 -20.5 0
13.75 -54.61 -20.5 13.59 -54.61 -20.5 0
13.59 -54.61 -20.5 12.5 -56.48 -20.5 0
12.5 -56.48 -20.5 12.34 -56.64 -20.5 0
12.34 -56.64 -20.5 9.84 -58.36 -21 0
9.84 -58.36 -21 9.84 -58.52 -21 0
9.84 -58.52 -21 9.84 -61.02 -21.5 0
9.84 -61.02 -21.5 8.91 -63.52 -21.5 0
8.91 -63.52 -21.5 7.19 -65.39 -21.5 0
7.19 -65.39 -21.5 5.16 -66.33 -22 0
5.16 -66.33 -22 5.16 -66.48 -22 0
9.84 -58.52 -21 7.5 -58.67 -21 0
7.5 -58.67 -21 5 -59.45 -21 0
5 -59.45 -21 2.5 -57.89 -20.5 0
2.5 -57.89 -20.5 -0.16 -56.8 -20.5 0
-0.16 -56.8 -20.5 -0.63 -55.23 -20.5 0
-0.63 -55.23 -20.5 -0.78 -55.23 -20.5 0
5 -59.45 -21 2.03 -62.11 -21 0
2.03 -62.11 -21 2.66 -65.23 -21 0
2.66 -65.23 -21 2.5 -68.83 -21 0
2.03 -62.11 -21 -0.8364 -60.88 -21 0
-0.8364 -60.88 -21 -0.63 -64.77 -21 0
-0.63 -64.77 -21 -0.47 -64.77 -21 0
-0.8364 -60.88 -21 -1.25 -60.7 -21 0
-1.25 -60.7 -21 -1.25 -60.86 -21 0
17.68 -52.24 -21.08 18.13 -50.08 -20.5 0
22.5 -39.84 -18.5 22.19 -41.4 -18.5 0
22.19 -41.4 -18.5 22.97 -42.03 -18.5 0
22.97 -42.03 -18.5 23.75 -43.28 -18.5 0
23.75 -43.28 -18.5 22.34 -43.98 -19.5 0
22.34 -43.98 -19.5 20.94 -44.61 -19.5 0
20.94 -44.61 -19.5 18.91 -46.33 -19.5 0
18.91 -46.33 -19.5 16.25 -47.27 -19.5 0
16.25 -47.27 -19.5 11.88 -48.67 -19.5 0
11.88 -48.67 -19.5 11.88 -48.83 -19.5 0
11.88 -48.83 -19.5 10.63 -51.33 -20.5 0
10.63 -51.33 -20.5 8.28 -53.2 -20.5 0
8.28 -53.2 -20.5 4.69 -56.02 -20.5 0
4.69 -56.02 -20.5 2.03 -55.86 -21 0
2.03 -55.86 -21 1.56 -56.17 -21 0
1.56 -56.17 -21 -0.94 -55.86 -21 0
-0.94 -55.86 -21 -1.09 -56.02 -21 0
-1.09 -56.02 -21 -5.31 -55.86 -21 0
-5.31 -55.86 -21 -8.44 -56.48 -21 0
-8.44 -56.48 -21 -9.06 -56.8 -21 0
-9.06 -56.8 -21 -12.66 -57.58 -21 0
-12.66 -57.58 -21 -12.66 -57.73 -21 0
11.88 -48.83 -19.5 9.22 -49.14 -19.5 0
9.22 -49.14 -19.5 8.91 -49.14 -19.5 0
8.91 -49.14 -19.5 6.56 -48.98 -19.5 0
6.56 -48.98 -19.5 5.94 -46.56 -20.5 0
5.94 -46.56 -20.5 4.22 -44.38 -20.5 0
4.22 -44.38 -20.5 3.13 -42.5 -20.5 0
3.13 -42.5 -20.5 2.03 -40.63 -20.5 0
2.03 -40.63 -20.5 0.31 -38.44 -20.5 0
6.56 -48.98 -19.5 4.997 -47.03 -19.5 0
4.997 -47.03 -19.5 4.69 -49.45 -19 0
4.69 -49.45 -19 4.53 -49.45 -19 0
4.53 -49.45 -19 1.56 -49.77 -19 0
1.56 -49.77 -19 -0.78 -52.11 -19.5 0
-0.78 -52.11 -19.5 -3.13 -51.64 -19.5 0
-3.13 -51.64 -19.5 -3.44 -51.64 -19.5 0
-0.78 -52.11 -19.5 -2.66 -53.98 -19.5 0
1.56 -49.77 -19 -0.47 -48.52 -19 0
-0.47 -48.52 -19 -2.5 -48.83 -19 0
-2.5 -48.83 -19 -2.66 -48.98 -19 0
-2.66 -48.98 -19 -4.22 -49.61 -19 0
-4.22 -49.61 -19 -4.22 -49.77 -19 0
4.997 -47.03 -19.5 5.31 -47.42 -19.5 0
5.31 -47.42 -19.5 5 -47.42 -19.5 0
5 -47.42 -19.5 1.41 -45.86 -19.5 0
1.41 -45.86 -19.5 0.94 -43.83 -19 0
0.94 -43.83 -19 -2.97 -42.11 -19 0
-2.97 -42.11 -19 -3.13 -42.11 -19 0
-3.13 -42.11 -19 -5.31 -42.42 -19 0
-5.31 -42.42 -19 -7.5 -42.73 -19 0
-7.5 -42.73 -19 -9.69 -43.36 -19 0
-9.69 -43.36 -19 -9.84 -43.36 -19 0
-9.84 -43.36 -19 -12.03 -42.11 -19 0
-12.03 -42.11 -19 -12.19 -42.27 -19 0
-3.13 -42.11 -19 -3.59 -39.45 -18.5 0
-3.59 -39.45 -18.5 -5 -37.42 -18.5 0
-5 -37.42 -18.5 -5.94 -36.64 -18.5 0
-5.94 -36.64 -18.5 -6.09 -36.64 -18.5 0
1.41 -45.86 -19.5 -1.56 -46.33 -19.5 0
-1.56 -46.33 -19.5 -1.72 -46.33 -19.5 0
-1.72 -46.33 -19.5 -3.59 -46.8 -19.5 0
-3.59 -46.8 -19.5 -3.75 -46.8 -19.5 0
-3.75 -46.8 -19.5 -5.31 -45.7 -19.5 0
-5.31 -45.7 -19.5 -7.19 -46.02 -19.5 0
-7.19 -46.02 -19.5 -7.34 -46.17 -19.5 0
-7.34 -46.17 -19.5 -9.22 -46.8 -19.5 0
-9.22 -46.8 -19.5 -12.19 -47.73 -19.5 0
-12.19 -47.73 -19.5 -12.19 -47.89 -19.5 0
-12.19 -47.89 -19.5 -14.06 -46.8 -19 0
-14.06 -46.8 -19 -14.22 -46.8 -19 0
18.91 -46.33 -19.5 18.3 -49.29 -20.29 0
18.3 -49.29 -20.29 17.81 -51.64 -20.5 0
17.81 -51.64 -20.5 17.81 -56.17 -20.5 0
17.81 -56.17 -20.5 19.53 -59.14 -20.5 0
19.53 -59.14 -20.5 18.91 -61.8 -20.5 0
18.91 -61.8 -20.5 20.63 -62.73 -20.5 0
20.63 -62.73 -20.5 22.81 -63.36 -20.5 0
22.81 -63.36 -20.5 22.81 -63.52 -20.5 0
22.81 -63.52 -20.5 24.22 -65.23 -21.5 0
24.22 -65.23 -21.5 24.22 -65.39 -21.5 0
24.22 -65.39 -21.5 24.69 -67.42 -21.5 0
24.69 -67.42 -21.5 24.53 -67.58 -21.5 0
18.91 -61.8 -20.5 18.62 -64.91 -20.5 0
18.62 -64.91 -20.5 17.03 -67.11 -20.5 0
17.03 -67.11 -20.5 17.19 -69.69 -21 0
17.19 -69.69 -21 17.34 -69.69 -21 0
17.34 -69.69 -21 17.5 -72.97 -22.5 0
17.5 -72.97 -22.5 19.06 -75 -22.5 0
19.06 -75 -22.5 19.53 -77.34 -22.5 0
19.53 -77.34 -22.5 19.53 -77.5 -22.5 0
19.53 -77.5 -22.5 20.31 -80.16 -22.5 0
20.31 -80.16 -22.5 21.09 -82.97 -22.5 0
21.09 -82.97 -22.5 21.09 -83.28 -22.5 0
21.09 -83.28 -22.5 21.25 -86.09 -22.5 0
21.25 -86.09 -22.5 20.16 -88.13 -23.5 0
20.16 -88.13 -23.5 17.81 -88.28 -23.5 0
17.81 -88.28 -23.5 17.81 -88.44 -23.5 0
17.81 -88.44 -23.5 14.84 -89.06 -24 0
14.84 -89.06 -24 14.69 -89.22 -24 0
14.69 -89.22 -24 12.81 -91.56 -24.5 0
12.81 -91.56 -24.5 10.47 -93.44 -24.5 0
10.47 -93.44 -24.5 9.14 -93.79 -24.5 0
9.14 -93.79 -24.5 10.23 -95.51 -25 0
10.23 -95.51 -25 11.17 -97.07 -25 0
11.17 -97.07 -25 11.33 -98.95 -25 0
9.14 -93.79 -24.5 6.56 -94.38 -24.5 0
17.34 -69.69 -21 15.78 -71.72 -21 0
15.78 -71.72 -21 14.69 -73.59 -21 0
14.69 -73.59 -21 14.53 -73.59 -21 0
14.53 -73.59 -21 13.28 -75.94 -21 0
13.28 -75.94 -21 12.97 -76.25 -21 0
12.97 -76.25 -21 11.41 -78.13 -21 0
11.41 -78.13 -21 10.63 -80.31 -21 0
10.63 -80.31 -21 10.63 -80.47 -21 0
10.63 -80.47 -21 10.31 -83.75 -21 0
10.31 -83.75 -21 10.16 -83.75 -21 0
10.16 -83.75 -21 11.09 -85.31 -21 0
11.09 -85.31 -21 11.09 -85.63 -21 0
17.03 -67.11 -20.5 15.16 -68.2 -21 0
15.16 -68.2 -21 11.72 -70.55 -21 0
11.72 -70.55 -21 9.38 -71.48 -21 0
9.38 -71.48 -21 9.22 -71.48 -21 0
9.22 -71.48 -21 7.66 -71.64 -21 0
7.66 -71.64 -21 7.5 -71.8 -21 0
7.5 -71.8 -21 6.09 -71.02 -21 0
6.09 -71.02 -21 6.09 -71.17 -21 0
6.09 -71.17 -21 4.53 -69.45 -20 0
4.53 -69.45 -20 2.19 -68.05 -20 0
2.19 -68.05 -20 1.41 -66.02 -20 0
1.41 -66.02 -20 -0.16 -64.3 -20 0
6.09 -71.17 -21 4.22 -71.33 -20 0
4.22 -71.33 -20 2.19 -73.05 -20 0
11.72 -70.55 -21 10.94 -72.27 -21 0
10.94 -72.27 -21 10.63 -74.3 -21 0
10.63 -74.3 -21 12.34 -77.89 -21 0
12.34 -77.89 -21 12.19 -77.89 -21 0
12.19 -77.89 -21 14.53 -80.7 -21.5 0
14.53 -80.7 -21.5 15.63 -83.67 -21.5 0
15.63 -83.67 -21.5 15.63 -84.3 -21.5 0
15.63 -84.3 -21.5 15.94 -86.8 -21.5 0
15.94 -86.8 -21.5 15.94 -87.27 -21.5 0
15.94 -87.27 -21.5 15.94 -90.7 -21.5 0
15.94 -90.7 -21.5 18.44 -94.45 -21.5 0
18.62 -64.91 -20.5 18.33 -68.01 -20.5 0
18.33 -68.01 -20.5 17.34 -62.58 -20.5 0
17.34 -62.58 -20.5 17.19 -62.58 -20.5 0
17.19 -62.58 -20.5 15.63 -63.36 -20.5 0
15.63 -63.36 -20.5 15 -64.92 -20.5 0
15 -64.92 -20.5 15.16 -65.08 -20.5 0
15.16 -65.08 -20.5 15 -65.08 -20.5 0
15 -65.08 -20.5 13.91 -66.17 -20.5 0
13.91 -66.17 -20.5 13.91 -66.33 -20.5 0
13.91 -66.33 -20.5 12.34 -67.11 -20.5 0
12.34 -67.11 -20.5 12.34 -67.27 -20.5 0
12.34 -67.27 -20.5 10 -68.2 -20.5 0
10 -68.2 -20.5 8.13 -68.67 -20.5 0
8.13 -68.67 -20.5 7.81 -68.83 -20.5 0
7.81 -68.83 -20.5 7.66 -68.83 -20.5 0
7.66 -68.83 -20.5 6.25 -68.52 -20.5 0
6.25 -68.52 -20.5 6.25 -68.67 -20.5 0
18.33 -68.01 -20.5 18.59 -65.23 -20.5 0
19.53 -59.14 -20.5 21.79 -57.45 -20.5 0
21.79 -57.45 -20.5 21.72 -60.23 -21 0
21.72 -60.23 -21 23.13 -60.7 -21 0
23.13 -60.7 -21 23.13 -60.86 -21 0
23.13 -60.86 -21 24.69 -62.11 -21 0
24.69 -62.11 -21 26.41 -63.36 -21 0
26.41 -63.36 -21 26.25 -63.52 -21 0
26.25 -63.52 -21 27.81 -64.77 -22.5 0
27.81 -64.77 -22.5 28.13 -66.64 -22.5 0
28.13 -66.64 -22.5 27.97 -66.64 -22.5 0
30.16 -67.34 -23 31.13 -69.29 -23 0
31.13 -69.29 -23 32.5 -68.75 -23 0
32.5 -68.75 -23 34.69 -67.81 -23 0
34.69 -67.81 -23 35.31 -65.94 -23 0
31.13 -69.29 -23 31.88 -70.78 -23 0
31.88 -70.78 -23 34.22 -73.13 -23.5 0
34.22 -73.13 -23.5 35.31 -76.41 -24.5 0
34.22 -73.13 -23.5 37.97 -72.19 -23.5 0
31.88 -70.78 -23 32.19 -74.06 -24 0
32.19 -74.06 -24 32.34 -76.09 -24 0
32.34 -76.09 -24 32.42 -76.83 -24 0
32.42 -76.83 -24 31.25 -77.84 -24.5 0
31.25 -77.84 -24.5 30.23 -78.94 -24.5 0
30.23 -78.94 -24.5 29.06 -79.64 -24.5 0
29.06 -79.64 -24.5 27.66 -80.03 -24.5 0
27.66 -80.03 -24.5 26.33 -80.03 -24.5 0
32.42 -76.83 -24 32.81 -78.44 -25 0
32.81 -78.44 -25 34.69 -79.84 -23 0
34.69 -79.84 -23 36.25 -81.88 -23 0
36.25 -81.88 -23 37.5 -82.97 -23 0
23.13 -60.86 -21 25 -59.61 -21 0
25 -59.61 -21 26.25 -58.05 -21 0
26.25 -58.05 -21 26.88 -56.95 -21 0
26.88 -56.95 -21 26.72 -57.11 -21 0
21.79 -57.45 -20.5 21.41 -57.73 -20.5 0
21.41 -57.73 -20.5 23.28 -56.33 -21.5 0
23.28 -56.33 -21.5 24.38 -54.61 -21.5 0
24.38 -54.61 -21.5 26.88 -54.14 -23 0
26.88 -54.14 -23 28.75 -53.2 -23 0
28.75 -53.2 -23 31.56 -51.17 -23 0
31.56 -51.17 -23 33.13 -50.55 -23 0
33.13 -50.55 -23 33.13 -50.7 -23 0
24.38 -54.61 -21.5 23.91 -53.05 -22.5 0
23.91 -53.05 -22.5 23.44 -51.02 -22 0
23.44 -51.02 -22 24.22 -49.77 -22 0
24.22 -49.77 -22 23.13 -47.89 -22 0
23.13 -47.89 -22 22.5 -46.02 -22 0
23.44 -51.02 -22 21.72 -49.77 -22 0
21.72 -49.77 -22 20.31 -48.52 -22 0
20.31 -48.52 -22 20.16 -48.52 -22 0
20.16 -48.52 -22 20 -47.58 -22 0
20 -47.58 -22 20.47 -45.7 -22 0
20.47 -45.7 -22 19.38 -43.98 -22 0
19.38 -43.98 -22 17.34 -43.36 -22 0
17.34 -43.36 -22 15 -42.11 -22 0
15 -42.11 -22 15 -42.27 -22 0
18.3 -49.29 -20.29 17.68 -52.24 -21.08 0
17.68 -52.24 -21.08 17.19 -46.02 -19.5 0
17.19 -46.02 -19.5 15.63 -45.23 -19.5 0
15.63 -45.23 -19.5 14.06 -44.14 -19.5 0
14.06 -44.14 -19.5 11.41 -44.3 -19.5 0
23.75 -43.28 -18.5 25 -45 -18.5 0
25 -45 -18.5 26.09 -47.03 -18.5 0
26.09 -47.03 -18.5 27.03 -49.84 -18.5 0
27.03 -49.84 -18.5 28.44 -53.59 -18.5 0
28.44 -53.59 -18.5 29.38 -56.09 -18.5 0
29.38 -56.09 -18.5 30 -57.03 -18.5 0
30 -57.03 -18.5 29.69 -57.19 -23 0
29.69 -57.19 -23 29.06 -59.38 -23 0
29.06 -59.38 -23 31.09 -61.09 -23 0
31.09 -61.09 -23 32.19 -62.5 -23 0
32.19 -62.5 -23 33.59 -64.06 -23 0
33.59 -64.06 -23 34.84 -64.53 -23 0
29.06 -59.38 -23 29.69 -62.66 -23 0
29.69 -62.66 -23 30.16 -67.34 -23 0
30.16 -67.34 -23 29.22 -68.28 -23 0
29.22 -68.28 -23 28.6 -69.53 -23 0
28.6 -69.53 -23 27.81 -70.94 -23 0
27.81 -70.94 -23 27.66 -72.74 -23 0
27.66 -72.74 -23 27.74 -74.06 -23 0
27.74 -74.06 -23 27.5 -75.78 -23 0
27.5 -75.78 -23 26.88 -78.13 -23 0
30 -57.03 -18.5 30.94 -57.97 -18.5 0
30.94 -57.97 -18.5 34.38 -60 -21 0
34.38 -60 -21 35.94 -61.88 -21 0
35.94 -61.88 -21 39.06 -64.22 -21 0
39.06 -64.22 -21 41.88 -66.56 -21 0
41.88 -66.56 -21 42.97 -67.66 -21 0
42.97 -67.66 -21 46.1 -67.9 -25 0
46.1 -67.9 -25 48.75 -68.05 -25 0
48.75 -68.05 -25 48.75 -67.89 -25 0
48.75 -67.89 -25 52.19 -68.83 -25 0
52.19 -68.83 -25 52.19 -68.98 -25 0
52.19 -68.98 -25 54.22 -70.39 -25.5 0
54.22 -70.39 -25.5 56.25 -70.79 -26 0
56.25 -70.79 -26 58.13 -71.57 -26 0
58.13 -71.57 -26 60.78 -72.66 -26 0
60.78 -72.66 -26 64.22 -73.75 -26 0
64.22 -73.75 -26 67.19 -75.63 -26 0
67.19 -75.63 -26 70.16 -77.19 -26 0
70.16 -77.19 -26 72.5 -79.22 -26 0
72.5 -79.22 -26 74.84 -80.63 -26 0
54.22 -70.39 -25.5 56.24 -73.56 -25.5 0
56.24 -73.56 -25.5 53.44 -67.97 -25.5 0
53.44 -67.97 -25.5 53.13 -65.94 -25.5 0
53.13 -65.94 -25.5 50.94 -64.38 -26 0
50.94 -64.38 -26 48.44 -63.28 -26 0
48.44 -63.28 -26 47.81 -61.72 -26 0
53.13 -65.94 -25.5 51.56 -61.25 -25.5 0
51.56 -61.25 -25.5 49.69 -61.56 -25.5 0
49.69 -61.56 -25.5 47.34 -60.94 -25.5 0
47.34 -60.94 -25.5 45.63 -58.75 -24.5 0
45.63 -58.75 -24.5 41.25 -55.47 -24.5 0
41.25 -55.47 -24.5 38.75 -55 -24.5 0
38.75 -55 -24.5 36.56 -55.16 -24.5 0
51.56 -61.25 -25.5 50.78 -58.28 -25.5 0
50.78 -58.28 -25.5 49.06 -57.81 -25.5 0
49.06 -57.81 -25.5 46.41 -55.94 -25.5 0
46.41 -55.94 -25.5 44.06 -53.91 -25.5 0
44.06 -53.91 -25.5 42.97 -51.25 -25.5 0
42.97 -51.25 -25.5 42.97 -49.22 -25.5 0
50.78 -58.28 -25.5 51.09 -55.47 -24.5 0
51.09 -55.47 -24.5 50.16 -54.06 -24.5 0
50.16 -54.06 -24.5 47.5 -53.28 -24.5 0
47.5 -53.28 -24.5 45.78 -51.25 -24.5 0
45.78 -51.25 -24.5 45 -50 -24.5 0
56.24 -73.56 -25.5 56.41 -73.83 -25.5 0
56.41 -73.83 -25.5 55.47 -69.06 -25 0
55.47 -69.06 -25 55.94 -68.59 -25 0
55.94 -68.59 -25 57.97 -67.03 -25 0
57.97 -67.03 -25 57.81 -62.03 -25 0
57.81 -62.03 -25 56.56 -60 -25 0
56.56 -60 -25 54.84 -57.66 -25 0
54.84 -57.66 -25 53.44 -54.38 -25 0
53.44 -54.38 -25 52.19 -52.03 -25 0
52.19 -52.03 -25 50.63 -51.09 -25 0
50.63 -51.09 -25 48.44 -49.69 -25 0
48.44 -49.69 -25 46.56 -48.59 -25 0
46.56 -48.59 -25 45 -47.81 -25 0
45 -47.81 -25 42.03 -48.13 -25 0
42.03 -48.13 -25 41.09 -48.13 -25 0
52.19 -52.03 -25 52.34 -49.22 -25 0
52.34 -49.22 -25 53.28 -47.34 -25 0
53.28 -47.34 -25 55.63 -45.31 -25 0
55.63 -45.31 -25 58.13 -44.53 -25 0
57.81 -62.03 -25 58.13 -58.75 -25 0
58.13 -58.75 -25 57.34 -55.47 -25 0
57.34 -55.47 -25 56.09 -53.28 -25 0
56.09 -53.28 -25 56.09 -50.78 -25 0
56.09 -50.78 -25 56.72 -48.44 -25 0
56.72 -48.44 -25 59.22 -47.03 -25 0
59.22 -47.03 -25 59.84 -44.69 -25 0
59.84 -44.69 -25 60.31 -42.34 -25 0
60.31 -42.34 -25 59.69 -40.94 -25 0
57.34 -55.47 -25 58.91 -53.13 -25 0
58.91 -53.13 -25 58.91 -51.56 -25 0
57.97 -67.03 -25 60.47 -66.25 -25 0
60.47 -66.25 -25 61.09 -62.03 -24.5 0
61.09 -62.03 -24.5 60.94 -58.75 -24.5 0
60.94 -58.75 -24.5 60.63 -56.25 -24.5 0
60.63 -56.25 -24.5 61.09 -54.22 -24.5 0
61.09 -54.22 -24.5 61.41 -50.63 -25 0
61.41 -50.63 -25 61.25 -46.72 -25 0
61.25 -46.72 -25 60.78 -44.06 -25 0
60.78 -44.06 -25 60.63 -41.56 -25 0
60.63 -41.56 -25 61.09 -39.38 -25 0
61.09 -54.22 -24.5 63.59 -52.5 -24.5 0
63.59 -52.5 -24.5 65.16 -50.94 -24.5 0
65.16 -50.94 -24.5 65.94 -50 -24.5 0
65.94 -50 -24.5 68.59 -49.69 -25 0
68.59 -49.69 -25 70.31 -49.69 -25 0
65.94 -50 -24.5 66.92 -48.05 -24.5 0
66.92 -48.05 -24.5 64.84 -49.06 -24.5 0
64.84 -49.06 -24.5 63.13 -46.25 -24.5 0
63.13 -46.25 -24.5 64.22 -44.53 -24.5 0
64.22 -44.53 -24.5 65.31 -45.16 -24.5 0
66.92 -48.05 -24.5 67.97 -46.25 -24.5 0
61.09 -62.03 -24.5 64.06 -60.47 -24.5 0
64.06 -60.47 -24.5 64.53 -59.22 -24.5 0
64.53 -59.22 -24.5 67.66 -57.97 -23.5 0
64.53 -59.22 -24.5 65 -58.13 -25 0
65 -58.13 -25 64.84 -55.94 -25 0
60.47 -66.25 -25 62.63 -66.25 -25.33 0
62.63 -66.25 -25.33 62.19 -67.81 -26.5 0
62.19 -67.81 -26.5 64.53 -69.38 -26.5 0
64.53 -69.38 -26.5 67.5 -71.41 -26.5 0
67.5 -71.41 -26.5 68.91 -74.06 -26.5 0
68.91 -74.06 -26.5 70.31 -76.56 -26.5 0
67.5 -71.41 -26.5 70 -72.03 -26.5 0
70 -72.03 -26.5 74.06 -72.19 -26.5 0
62.63 -66.25 -25.33 63.75 -66.25 -25.5 0
63.75 -66.25 -25.5 66.72 -67.19 -25.5 0
66.72 -67.19 -25.5 69.22 -66.56 -28 0
69.22 -66.56 -28 71.41 -65.16 -28 0
66.72 -67.19 -25.5 70.16 -68.44 -27.5 0
70.16 -68.44 -27.5 71.88 -69.06 -27.5 0
71.88 -69.06 -27.5 74.06 -69.53 -27.5 0
56.41 -73.83 -25.5 58.59 -76.8 -26 0
58.59 -76.8 -26 60.16 -78.44 -26 0
60.16 -78.44 -26 63.28 -79.22 -26 0
63.28 -79.22 -26 65.78 -80 -26 0
65.78 -80 -26 68.44 -82.19 -26 0
68.44 -82.19 -26 69.53 -83.75 -26 0
69.53 -83.75 -26 70 -85.31 -25 0
70 -85.31 -25 70.47 -86.56 -25 0
70.47 -86.56 -25 71.41 -88.13 -25 0
71.41 -88.13 -25 72.97 -90 -25 0
72.97 -90 -25 73.59 -90.47 -25 0
69.53 -83.75 -26 71.09 -85.63 -26 0
71.09 -85.63 -26 72.5 -86.72 -26 0
72.5 -86.72 -26 76.09 -87.5 -26 0
76.09 -87.5 -26 78.28 -88.13 -26 0
78.28 -88.13 -26 80.94 -86.56 -26 0
80.94 -86.56 -26 81.88 -85.31 -26 0
81.88 -85.31 -26 82.97 -84.06 -26 0
82.97 -84.06 -26 84.38 -83.75 -26 0
78.28 -88.13 -26 79.22 -88.59 -26 0
79.22 -88.59 -26 80.94 -90.63 -26 0
80.94 -90.63 -26 82.97 -92.5 -26 0
82.97 -92.5 -26 84.06 -93.59 -26 0
84.06 -93.59 -26 86.56 -95.78 -29 0
87.19 -93.91 -27 91.09 -92.66 -27 0
91.09 -92.66 -27 93.75 -95.47 -28 0
93.75 -95.47 -28 95.63 -96.41 -28 0
95.63 -96.41 -28 98.13 -96.72 -28 0
98.13 -96.72 -28 99.84 -98.44 -28.5 0
99.84 -98.44 -28.5 101.9 -99.69 -28.5 0
101.9 -99.69 -28.5 104.4 -100.3 -28.5 0
104.4 -100.3 -28.5 106.2 -101 -29.5 0
106.2 -101 -29.5 107.8 -100.9 -29.5 0
98.13 -96.72 -28 100.3 -95.31 -28 0
100.3 -95.31 -28 101.4 -93.44 -28 0
101.4 -93.44 -28 102.2 -92.03 -28 0
102.2 -92.03 -28 104.2 -92.19 -28 0
104.2 -92.19 -28 106.4 -93.44 -28 0
106.4 -93.44 -28 109.2 -94.38 -28 0
109.2 -94.38 -28 112.5 -95.94 -28 0
112.5 -95.94 -28 113.4 -98.13 -28 0
113.4 -98.13 -28 113.6 -100.9 -28 0
113.6 -100.9 -28 114.4 -102.8 -28 0
114.4 -102.8 -28 114.8 -103.8 -28 0
91.09 -92.66 -27 93.44 -90 -28 0
93.44 -90 -28 95 -91.25 -26.5 0
95 -91.25 -26.5 95.47 -93.59 -26.5 0
95.47 -93.59 -26.5 97.03 -95.63 -26.5 0
95 -91.25 -26.5 98.91 -93.75 -26.5 0
93.44 -90 -28 92.66 -89.06 -27 0
92.66 -89.06 -27 92.66 -86.72 -27 0
92.66 -86.72 -27 91.72 -85.16 -27 0
91.72 -85.16 -27 89.69 -86.25 -27 0
89.69 -86.25 -27 88.59 -87.81 -27 0
88.59 -87.81 -27 88.13 -89.84 -27 0
60.16 -78.44 -26 61.72 -80.86 -26.5 0
61.72 -80.86 -26.5 64.53 -84.77 -26.5 0
64.53 -84.77 -26.5 67.19 -87.89 -26.5 0
67.19 -87.89 -26.5 69.96 -90.86 -26.5 0
69.96 -90.86 -26.5 73.24 -93.67 -26.5 0
73.24 -93.67 -26.5 75.16 -92.81 -25.5 0
75.16 -92.81 -25.5 78.91 -92.34 -25.5 0
78.91 -92.34 -25.5 80.94 -91.88 -25.5 0
80.94 -91.88 -25.5 83.13 -91.09 -25.5 0
83.13 -91.09 -25.5 84.69 -89.53 -25.5 0
84.69 -89.53 -25.5 85.16 -87.5 -25.5 0
73.24 -93.67 -26.5 77.3 -97.89 -26.5 0
77.3 -97.89 -26.5 77.65 -99.69 -29 0
77.65 -99.69 -29 77.97 -100.6 -29 0
77.97 -100.6 -29 78.59 -103.3 -29 0
78.59 -103.3 -29 77.97 -106.3 -29 0
77.97 -106.3 -29 78.75 -109.4 -29 0
78.75 -109.4 -29 77.19 -110.6 -29 0
77.19 -110.6 -29 76.56 -113 -29 0
76.56 -113 -29 75.94 -114.1 -29 0
75.94 -114.1 -29 74.38 -115.9 -29 0
74.38 -115.9 -29 73.59 -117.5 -29 0
73.59 -117.5 -29 73.59 -119.1 -29 0
78.75 -109.4 -29 79.84 -111.9 -29 0
79.84 -111.9 -29 80.94 -113.3 -29 0
80.94 -113.3 -29 82.03 -113.9 -29 0
78.59 -103.3 -29 80.94 -105.2 -29 0
80.94 -105.2 -29 84.06 -105.6 -29.5 0
84.06 -105.6 -29.5 85.94 -108 -29.5 0
85.94 -108 -29.5 88.28 -110.6 -29.5 0
89.06 -112.3 -30.5 90.47 -115.2 -31.5 0
90.47 -115.2 -31.5 91.72 -117.3 -31.5 0
91.72 -117.3 -31.5 92.5 -119.4 -31.5 0
92.5 -119.4 -31.5 93.59 -121.1 -32 0
93.59 -121.1 -32 95.78 -122.2 -32 0
95.78 -122.2 -32 98.44 -122.3 -32 0
80.94 -105.2 -29 82.19 -108.3 -29 0
82.19 -108.3 -29 82.58 -111.1 -26 0
82.58 -111.1 -26 84.14 -113.2 -26 0
84.14 -113.2 -26 84.92 -114.7 -26 0
84.92 -114.7 -26 85.08 -117.5 -26 0
85.08 -117.5 -26 86.64 -119.3 -26 0
86.64 -119.3 -26 88.83 -121.3 -24.5 0
88.83 -121.3 -24.5 90.23 -122.7 -24.5 0
90.23 -122.7 -24.5 92.73 -124.3 -24.5 0
92.73 -124.3 -24.5 93.98 -125.3 -24.5 0
93.98 -125.3 -24.5 94.92 -126.6 -24.5 0
86.64 -119.3 -26 85.39 -121.3 -26 0
85.39 -121.3 -26 84.92 -123.5 -26 0
84.92 -123.5 -26 86.64 -125.3 -26 0
86.64 -125.3 -26 87.73 -126.8 -26 0
87.73 -126.8 -26 88.98 -128 -26 0
88.98 -128 -26 90.7 -129.6 -26 0
82.19 -108.3 -29 83.49 -108.8 -29.69 0
83.49 -108.8 -29.69 84.69 -110.6 -29 0
84.69 -110.6 -29 86.72 -112.7 -29 0
86.72 -112.7 -29 88.28 -115.3 -29 0
88.28 -115.3 -29 89.06 -117.7 -29 0
89.06 -117.7 -29 89.22 -120.8 -30 0
83.49 -108.8 -29.69 85 -109.4 -30.5 0
85 -109.4 -30.5 87.03 -110.9 -30.5 0
87.03 -110.9 -30.5 89.06 -112.3 -30.5 0
89.06 -112.3 -30.5 93.13 -115.3 -32 0
77.3 -97.89 -26.5 80.9 -98.05 -26.5 0
80.9 -98.05 -26.5 81.88 -97.19 -27 0
81.88 -97.19 -27 82.81 -96.09 -27 0
82.81 -96.09 -27 87.19 -93.91 -27 0
87.19 -93.91 -27 87.5 -94.06 -30.5 0
87.5 -94.06 -30.5 90.16 -95.94 -30.5 0
90.16 -95.94 -30.5 92.34 -97.97 -30.5 0
92.34 -97.97 -30.5 95 -100.5 -30.5 0
95 -100.5 -30.5 97.97 -102 -30.5 0
97.97 -102 -30.5 100.5 -103.4 -30.5 0
100.5 -103.4 -30.5 103 -105.9 -32 0
103 -105.9 -32 104.7 -107.3 -32 0
104.7 -107.3 -32 108.6 -108.6 -32.5 0
108.6 -108.6 -32.5 112.3 -109.7 -33 0
112.3 -109.7 -33 114.5 -112.3 -33 0
114.5 -112.3 -33 115.6 -114.5 -33 0
115.6 -114.5 -33 117.7 -117 -33 0
117.7 -117 -33 120.2 -120.2 -33 0
120.2 -120.2 -33 122.2 -122.7 -33 0
122.2 -122.7 -33 123.4 -124.4 -33 0
112.3 -109.7 -33 114.6 -110 -30.83 0
114.6 -110 -30.83 117.3 -112.8 -29.5 0
117.3 -112.8 -29.5 118.8 -115.5 -29.5 0
118.8 -115.5 -29.5 120.3 -118.1 -29.5 0
120.3 -118.1 -29.5 121.7 -120.3 -29.5 0
121.7 -120.3 -29.5 122.8 -122.2 -29.5 0
122.8 -122.2 -29.5 123.9 -123.9 -29.5 0
114.6 -110 -30.83 116.8 -110.3 -28.67 0
116.8 -110.3 -28.67 113 -113 -32.5 0
113 -113 -32.5 114.2 -115.3 -32.5 0
114.2 -115.3 -32.5 115.8 -118.3 -32.5 0
115.8 -118.3 -32.5 117 -120.5 -32.5 0
117 -120.5 -32.5 119.2 -122.5 -32.5 0
119.2 -122.5 -32.5 122.7 -126.1 -33 0
116.8 -110.3 -28.67 115.9 -110.2 -29.5 0
108.6 -108.6 -32.5 109.1 -111.1 -32.5 0
109.1 -111.1 -32.5 110.8 -114.1 -32.5 0
110.8 -114.1 -32.5 112.3 -116.6 -32.5 0
112.3 -116.6 -32.5 114.2 -119.1 -32.5 0
114.2 -119.1 -32.5 115.6 -120.8 -32.5 0
115.6 -120.8 -32.5 117.2 -123.3 -32.5 0
117.8 -124.8 -32 117.9 -126.3 -32 0
117.9 -126.3 -32 118.5 -128.1 -32 0
118.5 -128.1 -32 119.6 -129.4 -32 0
119.6 -129.4 -32 121.1 -130.9 -32 0
121.1 -130.9 -32 122.8 -131.3 -32 0
122.8 -131.3 -32 124.1 -132.1 -32 0
124.1 -132.1 -32 125.5 -133.1 -32.5 0
104.7 -107.3 -32 105.6 -110.5 -32 0
105.6 -110.5 -32 107.2 -113.4 -32 0
107.2 -113.4 -32 108.9 -115.8 -32 0
108.9 -115.8 -32 110.8 -117.8 -32 0
110.8 -117.8 -32 112.7 -120.2 -32 0
112.7 -120.2 -32 114.7 -121.4 -32 0
112.2 -123 -31 113 -125.2 -31 0
113 -125.2 -31 115.1 -127.8 -29.5 0
115.1 -127.8 -29.5 117.3 -130.7 -29.5 0
117.3 -130.7 -29.5 119.6 -133.9 -29.5 0
119.6 -133.9 -29.5 122.4 -134.6 -30 0
122.4 -134.6 -30 124.8 -135.3 -30 0
124.8 -135.3 -30 127 -137.2 -30 0
127 -137.2 -30 126.6 -139.1 -30 0
119.6 -133.9 -29.5 119.6 -136.3 -29.5 0
119.6 -136.3 -29.5 119.6 -139.1 -29.5 0
119.6 -139.1 -29.5 119.1 -142.1 -30 0
119.1 -142.1 -30 118.1 -144.3 -30 0
118.1 -144.3 -30 118.7 -146 -30 0
118.7 -146 -30 120.4 -146.1 -30 0
100.5 -103.4 -30.5 103.3 -102.8 -32 0
103.3 -102.8 -32 107.3 -103 -32 0
107.3 -103 -32 109.5 -103.4 -32 0
109.5 -103.4 -32 111.6 -105.3 -33 0
111.6 -105.3 -33 113.8 -106.7 -33 0
113.8 -106.7 -33 115.9 -107.5 -33 0
109.5 -103.4 -32 110.5 -102 -32.5 0
110.5 -102 -32.5 109.2 -99.69 -32.5 0
109.2 -99.69 -32.5 108.1 -97.34 -32.5 0
108.1 -97.34 -32.5 106.7 -95.78 -32.5 0
106.7 -95.78 -32.5 104.8 -95.47 -32.5 0
80.9 -98.05 -26.5 84.18 -99.92 -27 0
84.18 -99.92 -27 85.9 -99.76 -28 0
85.9 -99.76 -28 86.91 -99.46 -28 0
86.91 -99.46 -28 87.46 -99.3 -28 0
87.46 -99.3 -28 89.57 -99.61 -28.5 0
89.57 -99.61 -28.5 90.82 -100.2 -28.5 0
90.82 -100.2 -28.5 92.23 -101.1 -28.5 0
92.23 -101.1 -28.5 93.71 -102.6 -28.5 0
93.71 -102.6 -28.5 95.43 -104.5 -29 0
95.43 -104.5 -29 96.56 -105.2 -31.5 0
96.56 -105.2 -31.5 97.81 -105.6 -31.5 0
97.81 -105.6 -31.5 100 -108.1 -31.5 0
100 -108.1 -31.5 101.4 -110.8 -31.5 0
101.4 -110.8 -31.5 103.3 -113.4 -31.5 0
103.3 -113.4 -31.5 105.2 -115.5 -31.5 0
105.2 -115.5 -31.5 107.3 -117.7 -31.5 0
107.3 -117.7 -31.5 108.9 -119.2 -31.5 0
108.9 -119.2 -31.5 110.9 -120 -32 0
95.43 -104.5 -29 96.17 -106.6 -29 0
96.17 -106.6 -29 94.92 -107.1 -29.5 0
94.92 -107.1 -29.5 93.75 -107 -29.5 0
93.75 -107 -29.5 92.89 -106.9 -29.5 0
92.89 -106.9 -29.5 91.88 -106.5 -29.5 0
96.17 -106.6 -29 96.37 -107.1 -29.5 0
96.37 -107.1 -29.5 97.46 -108.7 -29.5 0
97.46 -108.7 -29.5 98.16 -110.6 -29.5 0
98.16 -110.6 -29.5 99.26 -112.1 -30 0
99.26 -112.1 -30 100.3 -113.9 -30 0
100.3 -113.9 -30 101.8 -115.7 -30 0
101.8 -115.7 -30 103.6 -117.3 -30 0
103.6 -117.3 -30 105 -118.8 -30 0
105 -118.8 -30 106.5 -119.7 -30 0
106.5 -119.7 -30 108 -120.8 -30 0
108 -120.8 -30 110.3 -122.1 -30.5 0
110.3 -122.1 -30.5 112.2 -123 -31 0
112.2 -123 -31 113.7 -122.8 -31 0
113.7 -122.8 -31 115.1 -122.9 -31 0
115.1 -122.9 -31 116.8 -123.9 -32 0
116.8 -123.9 -32 117.8 -124.8 -32 0
117.8 -124.8 -32 119 -125 -32 0
119 -125 -32 120.3 -125.9 -32 0
120.3 -125.9 -32 121.4 -126.7 -32 0
121.4 -126.7 -32 122.9 -127.9 -32 0
122.9 -127.9 -32 124.4 -129.1 -32 0
124.4 -129.1 -32 125.9 -130.2 -32 0
125.9 -130.2 -32 127.3 -130.6 -33 0
127.3 -130.6 -33 129.1 -130.7 -33.5 0
129.1 -130.7 -33.5 130.7 -131.5 -33.5 0
130.7 -131.5 -33.5 132.5 -131.7 -34 0
132.5 -131.7 -34 134.3 -132.7 -34 0
134.3 -132.7 -34 136 -133.6 -34 0
136 -133.6 -34 137.5 -134.5 -34 0
137.5 -134.5 -34 138.6 -135.4 -34 0
130.7 -131.5 -33.5 131.6 -133.1 -35 0
131.6 -133.1 -35 132.5 -134.4 -35 0
132.5 -134.4 -35 133.2 -135.7 -35 0
133.2 -135.7 -35 133.1 -137.3 -35 0
133.1 -137.3 -35 133.2 -138.4 -35 0
84.18 -99.92 -27 86.21 -104.1 -27 0
86.21 -104.1 -27 88.4 -107.1 -27 0
88.4 -107.1 -27 90.27 -108.8 -28 0
90.27 -108.8 -28 92.03 -109.4 -31 0
92.03 -109.4 -31 92.97 -109.8 -31 0
92.97 -109.8 -31 95 -111.6 -31 0
95 -111.6 -31 96.72 -113.9 -31 0
96.72 -113.9 -31 98.75 -115 -31 0
98.75 -115 -31 100.8 -117.2 -31 0
100.8 -117.2 -31 102.3 -119.2 -31 0
102.3 -119.2 -31 103.8 -121.4 -31.5 0
103.8 -121.4 -31.5 106.1 -123.1 -33 0
106.1 -123.1 -33 108.3 -125.3 -33 0
108.3 -125.3 -33 110 -127 -33 0
110 -127 -33 111.3 -129.4 -33 0
111.3 -129.4 -33 113 -130.6 -33 0
113 -130.6 -33 115.2 -132.8 -33 0
115.2 -132.8 -33 116.7 -135.3 -33 0
116.7 -135.3 -33 116.6 -137.7 -33 0
103.8 -121.4 -31.5 104.7 -125 -31.5 0
104.7 -125 -31.5 106.6 -127.7 -31.5 0
106.6 -127.7 -31.5 108.4 -130.5 -31.5 0
108.4 -130.5 -31.5 109.1 -132.8 -31.5 0
109.1 -132.8 -31.5 110.2 -135 -31.5 0
110.2 -135 -31.5 111.9 -135.9 -31.5 0
111.9 -135.9 -31.5 113.6 -138 -33 0
113.6 -138 -33 115.5 -138.3 -34 0
90.27 -108.8 -28 92.62 -112.9 -28 0
92.62 -112.9 -28 94.34 -116.2 -28.5 0
94.34 -116.2 -28.5 96.1 -116.6 -31 0
96.1 -116.6 -31 96.72 -116.7 -31 0
96.72 -116.7 -31 98.59 -118.1 -31 0
98.59 -118.1 -31 100.5 -120.3 -31 0
100.5 -120.3 -31 102.5 -123 -31 0
102.5 -123 -31 103.8 -126.1 -31 0
103.8 -126.1 -31 104.5 -129.7 -31 0
104.5 -129.7 -31 105.8 -132.5 -31 0
105.8 -132.5 -31 107.3 -135.8 -31 0
107.3 -135.8 -31 108.4 -139.1 -31 0
108.4 -139.1 -31 111.6 -140.5 -33 0
111.6 -140.5 -33 113.3 -141.6 -33 0
113.3 -141.6 -33 114.4 -143.8 -34.5 0
114.4 -143.8 -34.5 116.1 -145.9 -34.5 0
116.1 -145.9 -34.5 117.3 -147.8 -34.5 0
117.3 -147.8 -34.5 116.1 -149.7 -34.5 0
116.1 -149.7 -34.5 115 -151.4 -34.5 0
114.4 -143.8 -34.5 114.4 -146.1 -34.5 0
114.4 -146.1 -34.5 112.7 -147.3 -34.5 0
113.3 -141.6 -33 116.4 -142 -33 0
116.4 -142 -33 118.8 -142.3 -33 0
118.8 -142.3 -33 120.8 -143.9 -35 0
120.8 -143.9 -35 123.1 -145.2 -35 0
123.1 -145.2 -35 125.6 -144.3 -35 0
125.6 -144.3 -35 126.6 -143 -35 0
126.6 -143 -35 127.6 -141.9 -35 0
108.4 -139.1 -31 109.1 -141.9 -32 0
109.1 -141.9 -32 110.2 -143.8 -32 0
110.2 -143.8 -32 109.2 -145.8 -32 0
109.2 -145.8 -32 110.9 -147.5 -32 0
110.9 -147.5 -32 112.3 -149.1 -32 0
112.3 -149.1 -32 114.4 -149.7 -33 0
94.34 -116.2 -28.5 95.8 -118 -31.46 0
95.8 -118 -31.46 94.18 -118.7 -29 0
94.18 -118.7 -29 92.73 -119.9 -25.5 0
92.73 -119.9 -25.5 91.02 -122.2 -25.5 0
91.02 -122.2 -25.5 90.08 -125 -25.5 0
90.08 -125 -25.5 92.42 -126.9 -25.5 0
92.42 -126.9 -25.5 94.92 -128.3 -25.5 0
94.92 -128.3 -25.5 97.58 -130.5 -25.5 0
97.58 -130.5 -25.5 98.83 -132.7 -25.5 0
98.83 -132.7 -25.5 100.5 -133.9 -27 0
100.5 -133.9 -27 101.6 -135.8 -27 0
101.6 -135.8 -27 102.1 -138.6 -27 0
102.1 -138.6 -27 102.7 -141.1 -27 0
102.7 -141.1 -27 102.3 -143.3 -28 0
102.3 -143.3 -28 101.8 -145.3 -28 0
101.8 -145.3 -28 100.4 -146 -28 0
102.3 -146 -27.5 102 -147.5 -27.5 0
102 -147.5 -27.5 102 -149.3 -27.5 0
94.18 -118.7 -29 95.74 -122.4 -29 0
95.74 -122.4 -29 97.62 -125.7 -30 0
97.62 -125.7 -30 100.6 -130.4 -29.5 0
100.6 -130.4 -29.5 103.7 -135.2 -29.5 0
103.7 -135.2 -29.5 103.7 -135.4 -29.5 0
103.7 -135.4 -29.5 104.8 -140.1 -29.5 0
104.8 -140.1 -29.5 105.4 -144 -30 0
105.4 -144 -30 106.1 -147.5 -28.5 0
106.1 -147.5 -28.5 106.9 -150.6 -28.5 0
106.9 -150.6 -28.5 107.8 -154.2 -29 0
107.8 -154.2 -29 107 -155.3 -29 0
105.4 -144 -30 106.5 -146.2 -30 0
106.5 -146.2 -30 104.1 -144.9 -27.5 0
104.1 -144.9 -27.5 102.3 -147.5 -28.5 0
102.3 -147.5 -28.5 102.6 -149.6 -28.5 0
102.6 -149.6 -28.5 104.1 -151.4 -28.5 0
104.1 -144.9 -27.5 102.3 -146 -27.5 0
102.3 -146 -27.5 101.2 -146.1 -27 0
101.2 -146.1 -27 100.4 -147.2 -27 0
100.4 -147.2 -27 99.61 -147.7 -27 0
106.5 -146.2 -30 107.2 -147.4 -30 0
107.2 -147.4 -30 108.2 -149 -30.5 0
108.2 -149 -30.5 110.4 -150.2 -29 0
110.4 -150.2 -29 111.6 -151.3 -29 0
111.6 -151.3 -29 113.8 -151.3 -29 0
113.8 -151.3 -29 115.1 -149.9 -29.5 0
115.1 -149.9 -29.5 115.7 -148.6 -29.5 0
115.7 -148.6 -29.5 117.9 -147.2 -29.5 0
117.9 -147.2 -29.5 119 -147.2 -29.5 0
108.2 -149 -30.5 108.6 -152.3 -30.5 0
108.6 -152.3 -30.5 110.4 -153.5 -32 0
95.8 -118 -31.46 96.56 -118.9 -33 0
96.56 -118.9 -33 98.28 -121.7 -33 0
98.28 -121.7 -33 100 -123.9 -32.5 0
100 -123.9 -32.5 100.8 -125.8 -32.5 0
100.8 -125.8 -32.5 101.7 -128 -32.5 0
101.7 -128 -32.5 103.3 -130.8 -32.5 0
76.09 -116.9 -27 77.81 -120.9 -27.5 0
77.81 -120.9 -27.5 80.31 -123.8 -27.5 0
80.31 -123.8 -27.5 81.72 -125.6 -27.5 0
81.72 -125.6 -27.5 80.47 -127.7 -28 0
80.47 -127.7 -28 77.81 -129.2 -28 0
77.81 -129.2 -28 79.06 -132 -28 0
81.72 -125.6 -27.5 85.16 -129.1 -27.5 0
85.16 -129.1 -27.5 87.03 -132.8 -29 0
87.03 -132.8 -29 87.5 -135.3 -29 0
87.5 -135.3 -29 90.16 -138.3 -30 0
90.16 -138.3 -30 91.25 -141.3 -30 0
91.25 -141.3 -30 93.44 -144.1 -30 0
93.44 -144.1 -30 95 -146.7 -31 0
95 -146.7 -31 97.03 -148.1 -31 0
85.16 -129.1 -27.5 88.91 -130.3 -28.5 0
88.91 -130.3 -28.5 90.16 -133.3 -29 0
90.16 -133.3 -29 91.88 -135.2 -29 0
91.88 -135.2 -29 93.91 -138.6 -29 0
93.91 -138.6 -29 95.47 -141.3 -29 0
95.47 -141.3 -29 97.81 -144.2 -29.5 0
97.81 -144.2 -29.5 99.53 -147 -32 0
99.53 -147 -32 99.84 -150.3 -32 0
99.84 -150.3 -32 100 -153.1 -32 0
100 -153.1 -32 103 -154.8 -34.5 0
103 -154.8 -34.5 106.3 -155.8 -35.5 0
88.91 -130.3 -28.5 91.72 -131.3 -28.5 0
91.72 -131.3 -28.5 93.75 -133.3 -28.5 0
93.75 -133.3 -28.5 95.16 -135.5 -28.5 0
95.16 -135.5 -28.5 97.19 -138.4 -29.5 0
97.19 -138.4 -29.5 98.98 -141.9 -29.5 0
42.97 -67.66 -21 45.93 -70.43 -21 0
45.93 -70.43 -21 42.19 -69.21 -22.5 0
42.19 -69.21 -22.5 41.88 -69.53 -22.5 0
41.88 -69.53 -22.5 40.63 -72.97 -22.5 0
40.63 -72.97 -22.5 39.84 -77.34 -22.5 0
39.84 -77.34 -22.5 40.16 -78.91 -22.5 0
40.16 -78.91 -22.5 38.28 -79.69 -23 0
38.28 -79.69 -23 36.25 -80.94 -23 0
36.25 -80.94 -23 32.66 -81.56 -23 0
32.66 -81.56 -23 30.47 -82.92 -23 0
30.47 -82.92 -23 30.39 -84.01 -22 0
30.39 -84.01 -22 29.61 -84.95 -22 0
29.61 -84.95 -22 29.84 -86.51 -22 0
29.84 -86.51 -22 30 -88.23 -22 0
30 -88.23 -22 29.77 -89.4 -22 0
29.77 -89.4 -22 28.83 -90.03 -22 0
28.83 -90.03 -22 28.13 -90.19 -22 0
30.47 -82.92 -23 29.84 -83.28 -23 0
29.84 -83.28 -23 27.19 -84.22 -22.5 0
27.19 -84.22 -22.5 24.84 -83.44 -22.5 0
24.84 -83.44 -22.5 23.91 -82.66 -22.5 0
40.16 -78.91 -22.5 41.56 -81.09 -22.5 0
41.56 -81.09 -22.5 42.81 -83.91 -22.5 0
42.81 -83.91 -22.5 40.78 -86.72 -24 0
40.78 -86.72 -24 40.31 -89.53 -24 0
40.31 -89.53 -24 37.97 -89.53 -23 0
37.97 -89.53 -23 35.94 -90 -23 0
35.94 -90 -23 34.22 -91.56 -23 0
34.22 -91.56 -23 32.5 -92.34 -23 0
32.5 -92.34 -23 30.16 -93.13 -23 0
30.16 -93.13 -23 29.53 -94.06 -23 0
29.53 -94.06 -23 27.97 -92.81 -23 0
27.97 -92.81 -23 26.56 -92.03 -23 0
26.56 -92.03 -23 25.31 -91.88 -23 0
40.31 -89.53 -24 40.31 -93.13 -23.5 0
40.31 -93.13 -23.5 39.22 -98.28 -24 0
39.22 -98.28 -24 38.13 -100.6 -25 0
38.13 -100.6 -25 35.47 -103.1 -25 0
35.47 -103.1 -25 33.44 -102.7 -25 0
33.44 -102.7 -25 32.11 -101.8 -25 0
32.11 -101.8 -25 30.94 -101.6 -25 0
30.94 -101.6 -25 29.06 -100.2 -26 0
29.06 -100.2 -26 26.95 -97.85 -26 0
26.95 -97.85 -26 27.66 -95 -26 0
27.66 -95 -26 27.5 -92.34 -26 0
27.5 -92.34 -26 26.88 -90 -26 0
26.88 -90 -26 26.25 -88.28 -26 0
26.25 -88.28 -26 25.94 -86.88 -26 0
26.95 -97.85 -26 26.25 -97.5 -26 0
26.25 -97.5 -26 24.53 -95.63 -26 0
24.53 -95.63 -26 23.28 -93.13 -26 0
23.28 -93.13 -26 21.56 -90.63 -26 0
26.25 -97.5 -26 25.74 -100.6 -26 0
25.74 -100.6 -26 24.69 -102.2 -26 0
24.69 -102.2 -26 23.28 -103.4 -26 0
35.47 -103.1 -25 34.06 -105.5 -25 0
34.06 -105.5 -25 33.91 -107.3 -25 0
33.91 -107.3 -25 35.08 -109.3 -25 0
35.08 -109.3 -25 37.73 -109.7 -24.5 0
35.08 -109.3 -25 36.33 -111.8 -25 0
36.33 -111.8 -25 38.05 -114.3 -25 0
38.05 -114.3 -25 39.3 -116 -25.5 0
39.22 -98.28 -24 40.63 -101.3 -24 0
40.63 -101.3 -24 42.03 -105.5 -25 0
42.03 -105.5 -25 41.72 -108.6 -25.5 0
41.72 -108.6 -25.5 41.09 -111.3 -25.5 0
41.09 -111.3 -25.5 40.94 -113.8 -25.5 0
40.94 -113.8 -25.5 40.78 -115.2 -25.5 0
42.81 -106.1 -22.5 41.56 -107 -20.5 0
41.56 -107 -20.5 40.78 -108.4 -20.5 0
40.78 -108.4 -20.5 39.84 -107.5 -20 0
39.84 -107.5 -20 38.28 -108.3 -20 0
38.28 -108.3 -20 36.56 -108.9 -20 0
40.78 -108.4 -20.5 40.47 -110 -20.5 0
40.47 -110 -20.5 39.06 -110.3 -20.5 0
40.31 -93.13 -23.5 42.19 -94.84 -23.5 0
42.19 -94.84 -23.5 43.91 -96.72 -23.5 0
43.91 -96.72 -23.5 45.63 -98.91 -23.5 0
45.63 -98.91 -23.5 46.88 -101.1 -24.5 0
40.78 -86.72 -24 37.81 -86.56 -24 0
37.81 -86.56 -24 34.69 -86.72 -24 0
34.69 -86.72 -24 33.67 -86.83 -24 0
33.67 -86.83 -24 32.81 -87.06 -24 0
32.81 -87.06 -24 32.34 -87.69 -24 0
32.34 -87.69 -24 32.34 -88.54 -24 0
32.34 -88.54 -24 32.73 -89.33 -24 0
42.81 -83.91 -22.5 45.94 -86.56 -23 0
45.94 -86.56 -23 44.69 -88.75 -23 0
44.69 -88.75 -23 46.56 -90.94 -23.5 0
46.56 -90.94 -23.5 47.03 -93.75 -23.5 0
47.03 -93.75 -23.5 47.19 -95.94 -23.5 0
47.19 -95.94 -23.5 47.5 -98.28 -23.5 0
47.5 -98.28 -23.5 48.28 -101.1 -23 0
44.69 -88.75 -23 43.28 -91.09 -23 0
43.28 -91.09 -23 42.81 -94.06 -22.5 0
42.81 -94.06 -22.5 42.81 -97.81 -22.5 0
42.81 -97.81 -22.5 43.91 -100.8 -22.5 0
43.91 -100.8 -22.5 44.69 -103.6 -22.5 0
45.94 -86.56 -23 48.91 -90.78 -23.5 0
48.91 -90.78 -23.5 50.63 -94.22 -23.5 0
50.63 -94.22 -23.5 51.25 -96.56 -24 0
51.25 -96.56 -24 53.91 -98.91 -24 0
53.91 -98.91 -24 57.11 -100.5 -24.5 0
57.11 -100.5 -24.5 57.42 -103.3 -24 0
57.42 -103.3 -24 58.67 -106.1 -24 0
58.67 -106.1 -24 59.61 -108.5 -24 0
59.61 -108.5 -24 61.64 -110.2 -24 0
61.64 -110.2 -24 63.51 -111.5 -24 0
63.51 -111.5 -24 65.23 -113 -24 0
65.23 -113 -24 67.58 -113.8 -24 0
67.58 -113.8 -24 69.61 -115.2 -24 0
57.11 -100.5 -24.5 60.39 -101.8 -25.5 0
60.39 -101.8 -25.5 61.64 -104.3 -26 0
61.64 -104.3 -26 63.05 -107.4 -26 0
63.05 -107.4 -26 64.45 -108.6 -26 0
64.45 -108.6 -26 67.11 -110.3 -25.5 0
60.39 -101.8 -25.5 63.05 -103.5 -26.5 0
63.05 -103.5 -26.5 65.08 -104.1 -26.5 0
65.08 -104.1 -26.5 66.17 -105.8 -27 0
66.17 -105.8 -27 67.11 -108 -26 0
67.11 -108 -26 67.73 -110 -26 0
67.73 -110 -26 69.3 -112.8 -26 0
69.3 -112.8 -26 70.55 -114.9 -26 0
70.55 -114.9 -26 72.11 -117.5 -26 0
72.11 -117.5 -26 73.36 -119.6 -26 0
73.36 -119.6 -26 74.3 -121.6 -26.5 0
74.3 -121.6 -26.5 76.17 -123.3 -26.5 0
66.17 -105.8 -27 70.23 -106 -27 0
70.23 -106 -27 72.66 -107.7 -27 0
72.66 -107.7 -27 74.38 -109.8 -27 0
74.38 -109.8 -27 75.94 -112.2 -27 0
75.94 -112.2 -27 78.75 -114.4 -27 0
78.75 -114.4 -27 82.03 -115.3 -27 0
82.03 -115.3 -27 83.44 -115.5 -27 0
51.25 -96.56 -24 51.09 -99.69 -24 0
51.09 -99.69 -24 51.56 -104.2 -23.5 0
51.56 -104.2 -23.5 50.31 -106.4 -24.5 0
50.31 -106.4 -24.5 50 -108.4 -24 0
50 -108.4 -24 50.16 -110.5 -24 0
50.16 -110.5 -24 50.63 -111.7 -24 0
50.31 -106.4 -24.5 51.88 -108.9 -24.5 0
51.88 -108.9 -24.5 52.66 -111.1 -24.5 0
51.56 -104.2 -23.5 53.59 -106.4 -23.5 0
53.59 -106.4 -23.5 55 -109.4 -24 0
48.91 -113.1 -24 47.19 -113.8 -23 0
47.19 -113.8 -23 45.47 -115 -22 0
45.47 -115 -22 43.44 -117.2 -22 0
43.44 -117.2 -22 42.5 -119.1 -22 0
42.5 -119.1 -22 40.63 -119.8 -22 0
40.63 -119.8 -22 39.38 -120.8 -22 0
64.53 -114.8 -24 64.22 -116.3 -24 0
64.22 -116.3 -24 64.84 -117.8 -24 0
64.84 -117.8 -24 65.78 -119.5 -24 0
65.78 -119.5 -24 66.25 -120.8 -24 0
66.25 -120.8 -24 66.41 -121.3 -24 0
45.93 -70.43 -21 45.47 -70 -21 0
45.47 -70 -21 46.09 -71.56 -21 0
46.09 -71.56 -21 46.25 -71.88 -21 0
46.25 -71.88 -21 47.19 -72.03 -16.5 0
47.19 -72.03 -16.5 48.13 -72.19 -26.5 0
48.13 -72.19 -26.5 49.22 -73.13 -26.5 0
49.22 -73.13 -26.5 51.72 -75.47 -26.5 0
51.72 -75.47 -26.5 54.53 -77.5 -26.5 0
54.53 -77.5 -26.5 56.56 -79.38 -26.5 0
56.56 -79.38 -26.5 58.59 -81.88 -26.5 0
58.59 -81.88 -26.5 60.47 -84.38 -26.5 0
60.47 -84.38 -26.5 62.34 -86.72 -26.5 0
62.34 -86.72 -26.5 64.53 -88.75 -27.5 0
64.53 -88.75 -27.5 67.5 -92.19 -28.5 0
67.5 -92.19 -28.5 69.38 -92.97 -30.5 0
46.25 -71.88 -21 47.03 -73.91 -21 0
47.03 -73.91 -21 47.66 -75.31 -21 0
47.66 -75.31 -21 48.28 -76.72 -21 0
48.28 -76.72 -21 48.75 -77.34 -21 0
48.75 -77.34 -21 49.84 -77.66 -16.5 0
49.84 -77.66 -16.5 50.16 -77.81 -24 0
50.16 -77.81 -24 51.41 -78.44 -24 0
51.41 -78.44 -24 53.28 -80.94 -24 0
53.28 -80.94 -24 55 -83.59 -24 0
55 -83.59 -24 57.81 -87.5 -24.5 0
57.81 -87.5 -24.5 58.75 -90.47 -25.5 0
58.75 -90.47 -25.5 60.63 -94.06 -25.5 0
60.63 -94.06 -25.5 62.03 -97.03 -25.5 0
62.03 -97.03 -25.5 64.22 -99.84 -25.5 0
64.22 -99.84 -25.5 66.09 -101.6 -25.5 0
57.81 -87.5 -24.5 60.47 -89.53 -25 0
60.47 -89.53 -25 64.22 -91.72 -25 0
64.22 -91.72 -25 66.25 -89.84 -25 0
64.22 -91.72 -25 65.03 -94.28 -25.86 0
65.03 -94.28 -25.86 67.34 -93.13 -25.5 0
67.34 -93.13 -25.5 69.38 -94.69 -25.5 0
69.38 -94.69 -25.5 71.25 -95.78 -25.5 0
71.25 -95.78 -25.5 72.97 -97.19 -25.5 0
72.97 -97.19 -25.5 74.53 -99.38 -25.5 0
74.53 -99.38 -25.5 75.47 -101.7 -27 0
75.47 -101.7 -27 76.88 -104.5 -27 0
69.38 -94.69 -25.5 70.63 -97.5 -25.5 0
70.63 -97.5 -25.5 72.5 -99.53 -26.5 0
72.5 -99.53 -26.5 74.38 -102.2 -26 0
74.38 -102.2 -26 76.25 -105.3 -26 0
65.03 -94.28 -25.86 65.16 -94.69 -26 0
65.16 -94.69 -26 65.94 -97.03 -26 0
65.94 -97.03 -26 68.91 -98.44 -26 0
68.91 -98.44 -26 71.41 -101.4 -26 0
71.41 -101.4 -26 73.28 -104.5 -26 0
73.28 -104.5 -26 75.47 -107.7 -26.5 0
75.47 -107.7 -26.5 77.5 -110.5 -26.5 0
77.5 -110.5 -26.5 79.53 -113.4 -26.5 0
79.53 -113.4 -26.5 81.09 -115.9 -26.5 0
65.94 -97.03 -26 67.19 -100.8 -26 0
67.19 -100.8 -26 68.44 -104.1 -26 0
68.44 -104.1 -26 70 -107.8 -26 0
70 -107.8 -26 72.5 -112.2 -26 0
72.5 -112.2 -26 76.09 -116.9 -27 0
76.09 -116.9 -27 81.41 -119.1 -27 0
81.41 -119.1 -27 85 -122 -28 0
85 -122 -28 87.5 -124.4 -28 0
87.5 -124.4 -28 89.69 -126.9 -28 0
89.69 -126.9 -28 91.56 -128.3 -28 0
91.56 -128.3 -28 94.69 -130.6 -28 0
94.69 -130.6 -28 96.88 -132.8 -28 0
96.88 -132.8 -28 99.06 -133.8 -28 0
81.41 -119.1 -27 82.97 -122.5 -27.5 0
82.97 -122.5 -27.5 84.53 -125 -27.5 0
84.53 -125 -27.5 87.34 -127.2 -27.5 0
48.75 -77.34 -21 48.59 -78.44 -21 0
48.59 -78.44 -21 48.28 -79.53 -24.5 0
48.28 -79.53 -24.5 48.28 -81.41 -24.5 0
48.28 -81.41 -24.5 48.59 -82.58 -25 0
48.59 -82.58 -25 50.94 -87.42 -25 0
50.94 -87.42 -25 50.94 -87.58 -25 0
50.94 -87.58 -25 53.75 -91.64 -25 0
53.75 -91.64 -25 53.75 -91.8 -25 0
53.75 -91.8 -25 55.63 -95.55 -25 0
55.63 -95.55 -25 55.16 -100.1 -24.5 0
55.16 -100.1 -24.5 54.38 -102.9 -24.5 0
54.38 -102.9 -24.5 55.63 -106.2 -24.5 0
55.63 -106.2 -24.5 58.13 -111.3 -25.5 0
58.13 -111.3 -25.5 60.16 -111.4 -24 0
60.16 -111.4 -24 61.25 -111.6 -24 0
61.25 -111.6 -24 63.28 -113.3 -24 0
63.28 -113.3 -24 64.38 -114.2 -24 0
64.38 -114.2 -24 64.53 -114.8 -24 0
64.53 -114.8 -24 66.72 -115.5 -26.5 0
66.72 -115.5 -26.5 68.75 -118 -26.5 0
68.75 -118 -26.5 70 -119.8 -26.5 0
70 -119.8 -26.5 71.56 -122.3 -26.5 0
71.56 -122.3 -26.5 73.59 -124.5 -26.5 0
73.59 -124.5 -26.5 74.53 -125.8 -26.5 0
74.53 -125.8 -26.5 76.25 -126.3 -26.5 0
76.25 -126.3 -26.5 78.13 -125.9 -26.5 0
78.13 -125.9 -26.5 78.75 -125.6 -26.5 0
58.13 -111.3 -25.5 57.81 -114.9 -25.5 0
57.81 -114.9 -25.5 57.65 -114.8 -25.5 0
57.65 -114.8 -25.5 56.72 -116.3 -24.5 0
56.72 -116.3 -24.5 56.25 -117.3 -25 0
56.25 -117.3 -25 54.38 -119.8 -25 0
54.38 -119.8 -25 51.09 -121.4 -26.5 0
51.09 -121.4 -26.5 51.64 -123.6 -25.5 0
51.64 -123.6 -25.5 52.27 -126 -25.5 0
52.27 -126 -25.5 51.33 -127.5 -26.5 0
51.09 -121.4 -26.5 47.81 -121.4 -26.5 0
47.81 -121.4 -26.5 48.28 -123.9 -27.5 0
48.28 -123.9 -27.5 47.66 -126.4 -27.5 0
47.66 -126.4 -27.5 47.19 -128.8 -27.5 0
47.81 -121.4 -26.5 45 -120.9 -26.5 0
45 -120.9 -26.5 42.81 -121.6 -26.5 0
42.81 -121.6 -26.5 40.47 -122.2 -26.5 0
40.47 -122.2 -26.5 38.75 -121.6 -25 0
38.75 -121.6 -25 37.66 -119.5 -25 0
54.38 -119.8 -25 55.94 -123.1 -25 0
55.94 -123.1 -25 55.94 -126.6 -25 0
55.94 -126.6 -25 54.92 -127.4 -25 0
54.92 -127.4 -25 55.39 -128.6 -25.5 0
55.39 -128.6 -25.5 56.02 -129.9 -26.5 0
56.02 -129.9 -26.5 56.95 -132.8 -26.5 0
56.95 -132.8 -26.5 57.27 -135.8 -26.5 0
57.27 -135.8 -26.5 56.02 -137.2 -26.5 0
56.02 -137.2 -26.5 54.3 -138.2 -26.5 0
54.3 -138.2 -26.5 52.27 -138.5 -26.5 0
52.27 -138.5 -26.5 50.86 -137.7 -26.5 0
50.86 -137.7 -26.5 50.39 -136.1 -26.5 0
54.92 -127.4 -25 53.28 -129.2 -26 0
53.28 -129.2 -26 50.94 -130.3 -26 0
50.94 -130.3 -26 47.81 -130.9 -26 0
57.65 -114.8 -25.5 60.25 -117.4 -26.29 0
60.25 -117.4 -26.29 55.62 -114.2 -24 0
55.62 -114.2 -24 54.22 -114.1 -24 0
54.22 -114.1 -24 52.66 -113.6 -24 0
52.66 -113.6 -24 51.88 -113.4 -24 0
51.88 -113.4 -24 48.91 -113.1 -24 0
48.91 -113.1 -24 47.34 -112 -23.5 0
47.34 -112 -23.5 47.03 -109.8 -22.5 0
47.03 -109.8 -22.5 45.78 -108.1 -22.5 0
45.78 -108.1 -22.5 44.53 -106.7 -22.5 0
44.53 -106.7 -22.5 42.81 -106.1 -22.5 0
42.81 -106.1 -22.5 42.34 -104.5 -20 0
42.34 -104.5 -20 40.94 -103.1 -20 0
40.94 -103.1 -20 39.06 -101.3 -19.5 0
39.06 -101.3 -19.5 37.66 -99.53 -19.5 0
37.66 -99.53 -19.5 35.47 -97.81 -19.5 0
35.47 -97.81 -19.5 34.22 -96.09 -19.5 0
34.22 -96.09 -19.5 32.81 -94.69 -19.5 0
40.94 -103.1 -20 42.03 -101.1 -20 0
42.03 -101.1 -20 42.34 -99.22 -20 0
60.25 -117.4 -26.29 60.94 -118.1 -26.5 0
60.94 -118.1 -26.5 62.03 -120.9 -27 0
62.03 -120.9 -27 61.48 -121.5 -13.5 0
61.48 -121.5 -13.5 61.02 -122.5 -13.5 0
61.02 -122.5 -13.5 59.61 -125.3 -13.5 0
59.61 -125.3 -13.5 59.14 -127.8 -13.5 0
59.14 -127.8 -13.5 59.45 -129.3 -13.5 0
59.45 -129.3 -13.5 62.42 -130.2 -12 0
62.42 -130.2 -12 64.77 -131.6 -12 0
64.77 -131.6 -12 66.95 -134.4 -12 0
66.95 -134.4 -12 69.45 -136.1 -12 0
69.45 -136.1 -12 71.48 -138.8 -12 0
71.48 -138.8 -12 73.2 -140.5 -12 0
73.2 -140.5 -12 73.83 -142.8 -11.5 0
59.45 -129.3 -13.5 59.92 -132.2 -14 0
59.92 -132.2 -14 61.33 -134.9 -14 0
61.33 -134.9 -14 62.73 -137.4 -14 0
62.73 -137.4 -14 64.92 -138.5 -14 0
62.03 -120.9 -27 65 -123.7 -27 0
65 -123.7 -27 67.34 -126 -27 0
67.34 -126 -27 68.28 -127.2 -27 0
68.28 -127.2 -27 67.5 -129.2 -30.5 0
67.5 -129.2 -30.5 66.25 -131.4 -30.5 0
66.25 -131.4 -30.5 64.53 -133.7 -30.5 0
64.53 -133.7 -30.5 62.5 -135 -30.5 0
62.5 -135 -30.5 61.88 -136.2 -30.5 0
61.88 -136.2 -30.5 61.56 -137.8 -30.5 0
61.56 -137.8 -30.5 62.97 -139.3 -31.5 0
62.97 -139.3 -31.5 63.59 -140.6 -31.5 0
63.59 -140.6 -31.5 63.59 -141.8 -31.5 0
63.59 -141.8 -31.5 64.06 -141.8 -31.5 0
61.56 -137.8 -30.5 60.31 -138.7 -30.5 0
60.31 -138.7 -30.5 58.75 -140 -30.5 0
58.75 -140 -30.5 56.88 -140.9 -30.5 0
56.88 -140.9 -30.5 55.63 -141.2 -30.5 0
68.28 -127.2 -27 69.84 -129.6 -28 0
69.84 -129.6 -28 71.09 -131 -28.5 0
71.09 -131 -28.5 71.56 -132.3 -28.5 0
71.56 -132.3 -28.5 71.72 -132 -28.5 0
71.72 -132 -28.5 75 -133 -29.5 0
75 -133 -29.5 76.88 -134.8 -29.5 0
76.88 -134.8 -29.5 79.53 -137.8 -29.5 0
79.53 -137.8 -29.5 80.94 -138.6 -29.5 0
80.94 -138.6 -29.5 82.5 -139.4 -32 0
82.5 -139.4 -32 84.14 -140.4 -32 0
84.14 -140.4 -32 85.86 -141 -32 0
85.86 -141 -32 88.52 -142 -32 0
88.52 -142 -32 89.69 -143.3 -32 0
89.69 -143.3 -32 90.78 -145.1 -32 0
90.78 -145.1 -32 91.41 -147.1 -32 0
91.41 -147.1 -32 92.03 -148.9 -32 0
92.03 -148.9 -32 92.19 -150.9 -32 0
92.19 -150.9 -32 92.03 -152.8 -32 0
92.03 -152.8 -32 92.19 -153.4 -33 0
92.19 -153.4 -33 93.36 -153.4 -34 0
93.36 -153.4 -34 94.22 -154 -34 0
94.22 -154 -34 95.86 -154.9 -34 0
95.86 -154.9 -34 97.11 -155.5 -34 0
97.11 -155.5 -34 98.13 -156.7 -34 0
92.19 -153.4 -33 92.42 -154.4 -33 0
92.42 -154.4 -33 93.13 -155.9 -33 0
93.13 -155.9 -33 94.22 -157.3 -33 0
94.22 -157.3 -33 95.63 -158 -33 0
95.63 -158 -33 97.27 -159.4 -33 0
97.27 -159.4 -33 98.75 -160.3 -33 0
98.75 -160.3 -33 99.22 -161.6 -33 0
99.22 -161.6 -33 99.38 -161.9 -33 0
80.94 -138.6 -29.5 80.52 -140.7 -29.5 0
80.52 -140.7 -29.5 85 -137.2 -28.5 0
85 -137.2 -28.5 86.25 -136.3 -28.5 0
80.52 -140.7 -29.5 80.63 -140.2 -29.5 0
80.63 -140.2 -29.5 81.88 -142.3 -29.5 0
81.88 -142.3 -29.5 82.81 -144.4 -29.5 0
82.81 -144.4 -29.5 87.66 -144.7 -30.5 0
82.81 -144.4 -29.5 84.06 -147.2 -29.5 0
84.06 -147.2 -29.5 85.78 -149.5 -29.5 0
85.78 -149.5 -29.5 87.19 -151.7 -29.5 0
87.19 -151.7 -29.5 90.16 -155.6 -31 0
90.16 -155.6 -31 92.03 -158 -31 0
92.03 -158 -31 92.97 -159.4 -31 0
92.97 -159.4 -31 93.91 -161.1 -31 0
93.91 -161.1 -31 95.78 -161.6 -31 0
95.78 -161.6 -31 97.03 -162.7 -31 0
97.03 -162.7 -31 97.34 -163 -31 0
97.34 -163 -31 97.81 -163.3 -31 0
71.72 -132 -28.5 69.85 -134.1 -28.5 0
69.85 -134.1 -28.5 73.28 -133.6 -29 0
73.28 -133.6 -29 75 -136.4 -29 0
75 -136.4 -29 75.78 -138.9 -29 0
75.78 -138.9 -29 77.03 -141.4 -29 0
77.03 -141.4 -29 77.03 -143.1 -29 0
77.03 -143.1 -29 78.75 -145.3 -29.5 0
78.75 -145.3 -29.5 80.63 -148.3 -29.5 0
80.63 -148.3 -29.5 83.44 -150.9 -29.5 0
83.44 -150.9 -29.5 85.78 -153.6 -29.5 0
85.78 -153.6 -29.5 85.94 -154.7 -29.5 0
85.94 -154.7 -29.5 87.5 -156.7 -30 0
87.5 -156.7 -30 88.91 -158.9 -30 0
88.91 -158.9 -30 90.16 -161.3 -30 0
90.16 -161.3 -30 91.25 -164.1 -30 0
91.25 -164.1 -30 92.97 -165.3 -30 0
92.97 -165.3 -30 95.47 -166.1 -30 0
95.47 -166.1 -30 95.94 -166.3 -30 0
85.94 -154.7 -29.5 85.78 -156.9 -29.5 0
85.78 -156.9 -29.5 85 -159.5 -29.5 0
85 -159.5 -29.5 85.31 -162.3 -29.5 0
85.31 -162.3 -29.5 87.03 -165.2 -29.5 0
87.03 -165.2 -29.5 88.59 -167.8 -29.5 0
88.59 -167.8 -29.5 88.59 -170.2 -29.5 0
88.59 -170.2 -29.5 86.56 -171.3 -29.5 0
86.56 -171.3 -29.5 84.22 -171.6 -29.5 0
77.03 -143.1 -29 76.56 -144.4 -29 0
76.56 -144.4 -29 76.09 -146.7 -29 0
76.09 -146.7 -29 77.5 -149.1 -29 0
77.5 -149.1 -29 78.75 -151.3 -29 0
78.75 -151.3 -29 80.94 -153.3 -29 0
80.94 -153.3 -29 82.81 -155.6 -29 0
82.81 -155.6 -29 83.59 -157.2 -29 0
69.85 -134.1 -28.5 70.47 -133.4 -28.5 0
70.47 -133.4 -28.5 70.31 -135.2 -28.5 0
70.31 -135.2 -28.5 70.16 -137.4 -28.5 0
70.16 -137.4 -28.5 69.14 -138 -31 0
69.14 -138 -31 67.58 -138.3 -31 0
67.58 -138.3 -31 66.8 -138.8 -31 0
66.8 -138.8 -31 65.63 -139.4 -31 0
70.16 -137.4 -28.5 70 -138.4 -28.5 0
70 -138.4 -28.5 69.84 -140.2 -28.5 0
69.84 -140.2 -28.5 70.16 -141.4 -28.5 0
70.16 -141.4 -28.5 71.41 -143.6 -30 0
71.41 -143.6 -30 72.5 -145.6 -30 0
72.5 -145.6 -30 73.91 -148.9 -30 0
73.91 -148.9 -30 74.38 -150 -30 0
74.38 -150 -30 74.53 -150.3 -30 0
74.53 -150.3 -30 76.72 -153.3 -29 0
76.72 -153.3 -29 77.66 -154.5 -29 0
77.66 -154.5 -29 80.94 -157.5 -30 0
80.94 -157.5 -30 82.5 -159.7 -30 0
77.66 -154.5 -29 77.34 -156.6 -29 0
77.34 -156.6 -29 77.66 -159.1 -29 0
77.66 -159.1 -29 77.66 -161.3 -29 0
77.66 -161.3 -29 77.19 -163 -29 0
77.19 -163 -29 76.09 -165 -29 0
76.09 -165 -29 75.16 -165.8 -29 0
74.53 -150.3 -30 73.75 -151.3 -30 0
73.75 -151.3 -30 72.5 -152.3 -30 0
72.5 -152.3 -30 71.41 -154.8 -30 0
70.16 -141.4 -28.5 68.28 -142.7 -28.5 0
68.28 -142.7 -28.5 66.88 -143.9 -28.5 0
66.88 -143.9 -28.5 65.63 -145 -28.5 0
65.63 -145 -28.5 64.06 -145.3 -28.5 0
64.06 -145.3 -28.5 64.69 -147.5 -31.5 0
64.69 -147.5 -31.5 65 -149.3 -31.5 0
65 -149.3 -31.5 64.84 -153.1 -31.5 0
64.84 -153.1 -31.5 64.84 -156.4 -31.5 0
64.84 -156.4 -31.5 64.38 -159.8 -31.5 0
64.38 -159.8 -31.5 64.53 -160.4 -31.5 0
64.53 -160.4 -31.5 65.78 -162.2 -32.5 0
65.78 -162.2 -32.5 66.56 -163.7 -32.5 0
66.56 -163.7 -32.5 67.66 -164.3 -32.5 0
67.66 -164.3 -32.5 70 -163.2 -32.5 0
70 -163.2 -32.5 71.88 -162.2 -32.5 0
71.88 -162.2 -32.5 73.75 -162.5 -32.5 0
64.53 -160.4 -31.5 63.44 -162 -31.5 0
63.44 -162 -31.5 62.97 -163.9 -31.5 0
62.97 -163.9 -31.5 62.34 -165.4 -31.5 0
62.34 -165.4 -31.5 60.78 -165.9 -31.5 0
60.78 -165.9 -31.5 58.91 -165.9 -31.5 0
64.06 -145.3 -28.5 63.13 -145 -28.5 0
63.13 -145 -28.5 61.25 -144.4 -28.5 0
61.25 -144.4 -28.5 61.56 -146.1 -29 0
61.56 -146.1 -29 62.34 -148 -29 0
62.34 -148 -29 62.66 -148.4 -29 0
61.25 -144.4 -28.5 59.38 -143.9 -28.5 0
59.38 -143.9 -28.5 57.19 -143.8 -28.5 0
57.19 -143.8 -28.5 55.31 -144.4 -28.5 0
55.31 -144.4 -28.5 55.63 -146.4 -29.5 0
55.63 -146.4 -29.5 56.56 -148.3 -29.5 0
56.56 -148.3 -29.5 57.34 -150.5 -29.5 0
57.34 -150.5 -29.5 57.19 -152.5 -29.5 0
55.31 -144.4 -28.5 53.44 -144.4 -28.5 0
53.44 -144.4 -28.5 51.41 -144.7 -28.5 0
51.41 -144.7 -28.5 49.69 -146.3 -28.5 0
49.69 -146.3 -28.5 49.69 -148.1 -28.5 0
49.69 -148.1 -28.5 50.31 -149.8 -28.5 0
50.31 -149.8 -28.5 52.19 -150.5 -28.5 0
